2
2
2
2
2
2
3
3
3
3
3
3
3
3
3
3
3
3
3
3
3
3
3
3
3
3
3
3
4
4
4
4
4
4
4
4
4
4
4
4
4
4
4
4
4
4
4
4
4
4
4
4
4
4
4
4
4
4
4
4
4
4
4
5
5
5
5
5
5
5
5
5
5
5
5
5
5
5
5
5
5
5
5
5
5
5
5
5
5
6
6
6
6
6
6
6
6
6
6
6
6
6
6
6
6
6
6
6
6
6
6
6
6
6
6
6
6
6
6
6
6
6
6
6
6
6
6
6
6
6
6
6
6
6
6
6
6
6
6
6
6
6
6
6
6
6
6
6
6
6
6
6
6
6
7
7
7
7
7
7
7
7
7
7
7
7
7
7
7
7
7
10
11
11
11
11
11
11
11
11
11
11
11
11
11
11
11
11
11
11
11
11
11
11
11
11
11
11
11
11
11
11
11
11
11
11
13
13
13
13
13
13
13
13
13
13
13
13
13
13
13
13
13
13
13
13
13
13
13
13
13
13
13
13
13
14
14
14
14
14
14
14
14
14
14
15
15
15
15
15
15
15
15
15
16
16
17
17
17
17
17
17
17
17
17
17
17
17
17
17
17
17
17
17
17
17
20
20
21
21
21
21
21
21
21
21
21
21
21
21
22
22
22
22
22
22
22
22
22
22
23
24
24
25
25
25
25
25
25
27
28
28
28
28
28
28
28
28
28
28
28
28
28
28
28
28
28
28
28
28
28
28
28
28
30
30
30
30
30
30
30
31
31
31
31
31
31
31
31
31
32
32
32
32
33
33
33
33
33
33
33
33
33
33
33
33
33
33
33
33
33
33
33
33
33
33
33
33
33
33
33
33
33
33
33
33
33
33
33
35
35
35
35
35
41
41
41
41
41
41
41
41
41
41
41
41
41
41
41
41
41
41
41
41
41
41
41
41
41
41
41
41
41
41
41
41
41
41
42
42
42
42
42
42
42
42
42
42
42
42
42
43
43
43
43
43
43
43
43
43
43
43
43
43
43
43
43
43
43
43
43
43
43
43
43
43
43
43
43
43
43
43
43
43
43
43
43
43
43
43
43
43
43
43
43
43
43
44
44
44
44
44
44
44
44
44
44
44
44
44
44
50
50
50
50
50
50
50
51
51
51
51
51
51
51
51
52
52
52
52
52
52
52
52
52
52
52
52
52
52
52
52
52
52
52
52
52
52
52
52
52
52
52
52
52
52
52
52
52
52
52
79
79
79
79
79
79
79
79
79
79
79
79
79
79
79
79
79
79
79
79
79
79
79
79
79
79
79
79
80
80
80
80
80
80
80
80
80
80
80
80
80
80
80
80
80
80
80
80
80
80
81
81
81
81
82
83
84
84
84
84
84
84
84
84
84
84
85
85
85
85
85
85
85
85
85
85
85
85
85
86
86
88
90
91
91
91
91
91
91
91
91
92
92
92
92
92
92
92
92
92
92
93
93
94
94
94
94
94
94
94
94
94
94
94
94
94
94
95
95
95
95
95
112
112
112
112
112
113
113
113
113
114
114
114
114
114
114
114
114
114
114
114
114
114
114
114
115
115
115
115
115
115
116
116
116
116
117
117
117
118
118
118
118
118
119
119
120
120
121
174
174
174
174
174
174
174
175
175
175
175
175
175
175
175
175
175
176
176
177
177
177
177
177
177
177
177
177
177
178
280
280
280
280
280
280
281
281
281
281
281
281
281
285
285
286
286
286
286
286
286
286
287
287
287
287
288
288
288
288
288
288
291
292
292
292
293
293
294
294
294
294
294
294
295
295
297
297
298
298
306
306
307
308
308
309
309
309
309
309
353
353
353
358
359
359
359
359
360
360
360
361
361
362
362
363
363
363
363
363
363
364
364
364
366
366
366
366
366
367
369
370
373
373
373
373
373
373
375
375
375
375
375
377
379
380
380
381
384
386
388
388
389
391
391
392
428
428
428
437
453
453
453
486
487
487
487
487
488
488
495
497
497
497
500
502
502
503
520
520
520
520
520
520
520
520
520
526
526
526
526
526
526
526
526
526
526
526
526
526
527
528
529
530
530
530
530
530
530
534
797
799
799
799
800
800
801
801
802
802
802
803
805
805
805
805
805
808
808
810
812
813
813
813
815
815
815
815
815
815
815
817
819
822
822
825
826
827
828
828
828
828
830
841
850
850
850
852
852
852
853
854
864
864
874
906
907
912
915
917
918
920
924
927
928
928
952
952
952
954
955
955
961
962
962
962
962
962
963
964
965
966
969
969
972
972
973
973
978
978
978
978
979
979
979
979
986
986
987
991
991
992
993
997
997
999
1000
1000
1000
1000
1045
1045
1045
1047
1048
1048
1050
1050
1055
1136
1136
1138
1138
1139
1165
1165
1214
1216
1216
1219
1220
1221
1224
1225
1225
1227
1227
1229
1229
1231
1237
1240
1240
1240
1240
1261
1264
1265
1267
1267
1268
1269
1270
1278
1283
1285
1287
1288
1289
1291
1291
1293
1295
1296
1306
1306
1307
1307
1310
1377
1377
1378
1379
1380
1399
1399
1400
1400
1402
1403
1405
1416
1420
1421
1422
1581
1582
1584
1584
1586
1588
1589
1590
1649
1650
1651
1652
1653
1657
1657
1657
1657
1657
1657
1659
1659
1661
1662
1664
1665
1666
1667
1706
1707
1714
1715
1719
1720
1722
1722
1723
1724
1728
1730
1734
1737
1738
1739
1758
1762
1763
1764
1768
1768
1769
1864
1865
1865
1867
1869
1871
1879
1879
1880
1881
1883
1886
1886
1886
1964
2033
2035
2038
2065
2066
2070
2071
2074
2075
2078
2081
2081
2093
2096
2098
2103
2109
2109
2110
2111
2114
2116
2117
2122
2124
2128
2134
2135
2138
2139
2140
2141
2144
2151
2153
2158
2169
2170
2172
2247
2254
2255
2256
2256
2258
2260
2264
2265
2268
2306
2357
2357
2495
2497
2498
2499
2502
2502
2503
2504
2532
2535
2538
2543
2545
2550
2550
2552
2557
2558
2563
2565
2566
2567
2572
2573
2575
2578
2599
2601
2603
2604
2605
2608
2609
2609
2613
2615
2616
2619
2620
2621
2621
2623
2632
2634
2647
2648
2651
2653
2658
2730
2734
2743
2743
2744
2749
2751
2753
2754
2755
2757
2759
2766
2777
2779
2782
2783
2790
2811
2813
2818
2821
2826
2827
2829
2830
2835
2903
2906
2906
2907
2996
2998
3000
3000
3001
3009
3016
3016
3021
3022
3024
3027
3037
3040
3061
3062
3065
3068
3072
3077
3081
3087
3191
3192
3195
3197
3232
3236
3238
3239
3240
3242
3244
3293
3298
3299
3301
3319
3319
3322
3332
3333
3340
3344
3350
3354
3357
3384
3396
3397
3408
3409
3415
3416
3420
3427
3435
3439
3439
3448
3453
3456
3461
3465
3469
3470
3474
3484
3486
3495
3520
3536
3542
3544
3551
3553
3557
3569
3573
3575
3581
3582
3584
3589
3590
3594
3597
3599
3611
3613
3615
3624
3625
3636
3637
3660
3664
3665
3665
3691
3694
3696
3701
3704
3705
3706
3738
3743
3753
3758
3762
3770
3771
3777
3779
3780
3783
3788
3798
3799
3800
3805
3809
3813
3813
3816
3820
3822
3828
3829
3834
3834
3838
3846
3848
3852
3857
3858
3863
3863
3865
3870
3878
3881
3886
3887
3890
3893
3896
3905
3906
3907
3912
3918
3918
3918
3921
3924
3929
3930
3935
3937
3942
3947
3957
3959
3970
3972
3974
3975
3981
3985
3996
4008
4009
4021
4060
4061
4063
4077
4077
4079
4079
4088
4097
4100
4101
4104
4221
4263
4266
4270
4273
4274
4278
4281
4282
4283
4286
4322
4325
4327
4329
4332
4341
4343
4345
4349
4350
4352
4358
4360
4367
4368
4372
4374
4375
4386
4387
4389
4391
4394
4400
4401
4406
4409
4446
4446
4447
4449
4458
4467
4473
4477
4481
4483
4529
4543
4543
4546
4551
4555
4556
4567
4569
4573
4577
4589
4590
4595
4600
4602
4604
4606
4609
4618
4623
4624
4625
4626
4631
4636
4638
4642
4653
4653
4666
4670
4676
4678
4686
4691
4702
4706
4710
4717
4724
4767
4772
4776
4778
4787
4795
4808
4812
4821
4841
4841
4852
4860
4865
4867
4870
4874
4876
4878
4889
4898
4902
4909
4910
4916
4921
4926
4929
4936
4939
4957
4976
4983
4989
4992
4995
4997
5006
5007
5013
5037
5037
5038
5042
5047
5059
5065
5068
5081
5083
5085
5127
5127
5131
5137
5142
5145
5155
5157
5197
5202
5209
5210
5213
5218
5223
5224
5226
5233
5239
5242
5244
5249
5250
5254
5264
5264
5269
5272
5279
5283
5286
5288
5294
5296
5298
5303
5309
5309
5314
5316
5319
5323
5334
5336
5339
5349
5351
5374
5379
5384
5389
5395
5412
5413
5424
5430
5432
5436
5448
5453
5457
5458
5459
5465
5502
5506
5514
5516
5524
5530
5547
5553
5556
5557
5559
5560
5561
5565
5566
5572
5586
5588
5591
5599
5604
5607
5630
5637
5640
5646
5650
5666
5670
5679
5683
5684
5693
5695
5702
5702
5704
5712
5714
5717
5721
5727
5730
5733
5736
5743
5746
5748
5775
5779
5783
5786
5788
5790
5796
5802
5804
5806
5811
5822
5823
5829
5836
5847
5851
5854
5859
5863
5864
5865
5870
5894
5899
5905
5907
5913
5929
5930
5936
5973
5976
5983
5989
5991
5996
5998
6008
6016
6022
6030
6039
6044
6047
6108
6115
6118
6119
6126
6129
6132
6133
6136
6137
6139
6145
6149
6151
6159
6163
6171
6189
6198
6202
6205
6236
6239
6252
6259
6259
6283
6307
6339
6347
6351
6354
6357
6362
6364
6372
6373
6375
6382
6402
6412
6417
6427
6433
6445
6450
6454
6460
6465
6469
6473
6482
6498
6499
6505
6509
6519
6527
6535
6538
6544
6550
6563
6570
6607
6615
6623
6626
6630
6633
6644
6645
6649
6649
6652
6654
6664
6672
6673
6678
6681
6688
6691
6704
6707
6712
6714
6720
6721
6725
6730
6734
6739
6740
6744
6747
6750
6754
6768
6773
6777
6779
6783
6784
6847
6852
6859
6866
6870
6873
6880
6882
6892
6900
6914
6922
6925
6950
6956
6961
6964
6968
6980
6985
6986
6992
6997
7001
7007
7018
7085
7092
7093
7098
7109
7113
7117
7119
7119
7151
7174
7179
7184
7187
7190
7195
7200
7203
7228
7232
7237
7244
7247
7251
7254
7258
7260
7262
7265
7274
7279
7283
7287
7297
7299
7303
7310
7318
7332
7338
7340
7347
7355
7363
7387
7390
7393
7394
7403
7414
7417
7430
7433
7437
7441
7448
7474
7489
7526
7532
7537
7551
7558
7565
7570
7579
7580
7585
7587
7588
7590
7595
7601
7609
7618
7628
7630
7631
7641
7646
7650
7653
7658
7662
7666
7676
7698
7699
7704
7710
7716
7721
7730
7745
7749
7753
7759
7762
7770
7775
7777
7785
7789
7792
7798
7798
7800
7809
7814
7821
7826
7830
7832
7834
7837
7842
7842
7846
7854
7854
7857
7861
7867
7874
7880
7883
7886
7890
7899
7900
7901
7911
7924
7937
7938
7944
7953
7958
7963
7968
7968
7980
7984
7987
7991
8013
8020
8025
8032
8039
8045
8046
8049
8056
8059
8063
8067
8076
8078
8089
8098
8099
8105
8132
8137
8140
8148
8156
8171
8227
8236
8249
8254
8261
8274
8277
8283
8293
8298
8337
8340
8351
8357
8375
8384
8386
8389
8389
8392
8395
8402
8420
8434
8445
8448
8451
8456
8469
8472
8479
8480
8482
8487
8497
8499
8504
8509
8515
8515
8518
8523
8524
8526
8553
8556
8565
8572
8573
8579
8585
8592
8598
8602
8608
8615
8625
8629
8638
8643
8645
8652
8661
8663
8667
8675
8677
8689
8693
8695
8698
8701
8704
8708
8713
8714
8719
8729
8731
8739
8746
8752
8777
8782
8791
8797
8799
8803
8807
8822
8823
8828
8846
8854
8875
8878
8896
8902
8909
8913
8914
8924
8928
8929
8934
8938
8941
8947
8952
8955
8965
8968
8971
8976
8978
8986
8991
8993
8996
9001
9005
9017
9022
9028
9034
9047
9049
9051
9052
9061
9064
9067
9084
9090
9092
9099
9104
9105
9111
9116
9121
9129
9134
9137
9142
9145
9156
9160
9168
9169
9177
9180
9181
9183
9188
9194
9197
9207
9218
9226
9231
9233
9241
9245
9255
9261
9265
9267
9276
9281
9285
9297
9300
9303
9305
9306
9310
9330
9331
9341
9345
9349
9355
9357
9370
9374
9378
9381
9386
9392
9395
9402
9402
9406
9410
9412
9419
9437
9439
9439
9442
9446
9449
9451
9455
9459
9463
9467
9470
9477
9492
9508
9510
9515
9522
9529
9532
9535
9540
9549
9555
9559
9562
9571
9574
9576
9582
9592
9615
9623
9629
9632
9640
9645
9650
9654
9657
9659
9662
9663
9674
9688
9702
9706
9713
9726
9729
9734
9738
9742
9745
9754
9755
9761
9777
9784
9786
9791
9797
9802
9805
9818
9835
9841
9848
9860
9866
9871
9873
9875
9883
9896
9901
9912
9915
9918
9924
9929
9932
9941
9943
9968
9972
9984
9992
9996
10028
10038
10042
10057
10058
10065
10068
10072
10079
10087
10090
10094
10100
10110
10113
10129
10131
10136
10142
10162
10164
10178
10186
10191
10199
10207
10213
10256
10261
10280
10284
10290
10295
10298
10300
10304
10309
10313
10315
10322
10327
10330
10335
10337
10352
10354
10399
10401
10405
10406
10413
10415
10418
10429
10437
10443
10448
10450
10465
10473
10491
10500
10502
10512
10530
10535
10544
10547
10552
10555
10559
10564
10569
10574
10578
10581
10584
10587
10591
10595
10600
10606
10642
10644
10647
10650
10655
10675
10677
10678
10685
10687
10691
10695
10699
10704
10714
10721
10728
10732
10736
10738
10744
10751
10753
10768
10777
10781
10783
10789
10801
10803
10807
10811
10814
10815
10819
10825
10828
10831
10835
10837
10839
10843
10848
10865
10884
10898
10906
10910
10919
10920
10924
10928
10930
10937
10949
10956
10960
10964
10970
10973
10986
10990
10994
11010
11017
11034
11040
11056
11063
11077
11100
11106
11107
11111
11113
11117
11123
11124
11128
11133
11139
11146
11162
11177
11183
11208
11227
11234
11238
11247
11264
11272
11285
11294
11294
11301
11307
11308
11313
11325
11326
11330
11333
11335
11341
11364
11367
11372
11381
11385
11398
11406
11408
11420
11425
11427
11430
11437
11441
11445
11449
11464
11467
11481
11489
11493
11498
11511
11515
11525
11531
11536
11548
11563
11566
11570
11578
11584
11587
11592
11594
11594
11605
11613
11628
11630
11642
11649
11650
11656
11660
11667
11672
11677
11681
11683
11693
11699
11708
11721
11723
11728
11729
11740
11760
11762
11766
11787
11807
11810
11819
11823
11831
11837
11853
11863
11882
11894
11921
11922
11934
11942
11946
11948
11961
11965
11974
11974
11978
11998
12007
12009
12014
12019
12022
12034
12037
12046
12052
12055
12059
12063
12070
12077
12080
12084
12090
12091
12107
12111
12113
12116
12133
12140
12152
12154
12161
12168
12178
12184
12191
12205
12224
12230
12234
12245
12246
12255
12258
12264
12266
12270
12272
12274
12287
12291
12304
12308
12312
12318
12321
12327
12332
12351
12355
12363
12367
12368
12382
12387
12416
12420
12445
12451
12468
12468
12471
12478
12484
12488
12497
12505
12509
12518
12521
12533
12546
12549
12568
12572
12578
12582
12594
12610
12614
12617
12620
12631
12645
12654
12661
12665
12674
12684
12692
12710
12713
12716
12724
12729
12742
12745
12753
12755
12757
12761
12764
12769
12779
12784
12786
12793
12798
12801
12806
12811
12815
12822
12825
12831
12836
12854
12858
12861
12862
12866
12876
12879
12884
12886
12892
12895
12904
12921
12924
12932
12939
12945
12957
12963
12977
12978
12979
12994
13004
13015
13023
13049
13057
13060
13063
13066
13077
13087
13089
13092
13096
13120
13127
13131
13135
13139
13144
13148
13163
13171
13183
13186
13192
13199
13205
13210
13213
13218
13233
13239
13245
13249
13257
13259
13263
13266
13271
13274
13278
13284
13286
13290
13292
13297
13301
13319
13324
13329
13333
13340
13343
13347
13354
13355
13360
13366
13373
13382
13388
13394
13400
13408
13412
13422
13429
13430
13434
13442
13446
13456
13461
13472
13476
13487
13491
13499
13502
13508
13513
13518
13522
13527
13533
13541
13548
13563
13585
13590
13593
13600
13605
13614
13623
13629
13644
13651
13663
13664
13672
13679
13683
13685
13688
13692
13701
13706
13735
13737
13744
13751
13762
13769
13777
13784
13789
13808
13811
13813
13825
13830
13834
13838
13844
13847
13858
13864
13871
13880
13883
13890
13895
13896
13901
13902
13908
13912
13915
13921
13936
13940
13948
13952
13967
13967
13967
13972
13987
13993
13998
14008
14012
14019
14026
14030
14032
14037
14041
14047
14053
14065
14070
14073
14088
14098
14101
14105
14109
14111
14117
14123
14135
14140
14143
14149
14162
14173
14184
14188
14196
14216
14220
14226
14229
14233
14241
14251
14259
14267
14273
14282
14282
14289
14294
14301
14304
14313
14326
14330
14339
14348
14353
14355
14371
14377
14384
14386
14392
14398
14401
14408
14415
14425
14437
14445
14452
14465
14470
14476
14482
14497
14505
14515
14519
14525
14535
14537
14548
14566
14572
14578
14583
14586
14593
14598
14602
14624
14630
14635
14638
14643
14646
14652
14661
14674
14679
14679
14685
14693
14700
14702
14710
14720
14726
14732
14739
14760
14764
14770
14780
14784
14787
14795
14800
14802
14805
14821
14828
14837
14844
14848
14852
14855
14859
14873
14878
14882
14885
14895
14901
14906
14910
14930
14938
14939
14946
14958
14963
14979
14981
14983
14999
15010
15020
15024
15030
15034
15040
15049
15052
15054
15063
15068
15073
15077
15081
15083
15088
15089
15092
15095
15109
15112
15115
15126
15130
15134
15148
15161
15172
15186
15190
15194
15202
15209
15210
15215
15220
15227
15267
15274
15292
15299
15304
15306
15315
15324
15331
15337
15341
15345
15352
15356
15364
15375
15380
15391
15395
15406
15412
15420
15428
15431
15442
15452
15455
15461
15476
15480
15487
15489
15496
15499
15504
15508
15517
15523
15530
15532
15534
15549
15552
15557
15573
15575
15583
15586
15591
15594
15603
15604
15611
15614
15621
15629
15638
15656
15660
15670
15682
15709
15715
15720
15725
15733
15741
15744
15747
15751
15760
15762
15768
15773
15780
15787
15805
15812
15818
15822
15830
15833
15843
15861
15873
15879
15884
15890
15901
15902
15903
15906
15912
15913
15924
15930
15936
15943
15958
15962
15966
15969
15976
15984
15988
15997
16003
16007
16025
16041
16045
16059
16062
16068
16076
16081
16085
16091
16102
16119
16123
16126
16129
16135
16140
16147
16153
16159
16166
16170
16177
16185
16190
16196
16201
16206
16212
16224
16229
16258
16261
16271
16281
16289
16297
16300
16311
16324
16330
16336
16340
16350
16350
16359
16366
16370
16378
16381
16385
16389
16393
16399
16401
16410
16437
16441
16448
16456
16461
16473
16479
16484
16489
16515
16525
16532
16536
16542
16549
16552
16561
16579
16608
16621
16626
16628
16632
16634
16638
16642
16646
16651
16656
16659
16670
16674
16681
16686
16689
16690
16696
16701
16706
16707
16717
16721
16725
16731
16734
16737
16753
16757
16765
16773
16778
16779
16787
16793
16805
16809
16822
16826
16828
16833
16839
16846
16863
16869
16874
16880
16897
16907
16909
16912
16916
16920
16922
16926
16940
16956
16965
16971
16980
16995
17000
17012
17018
17021
17028
17031
17038
17041
17045
17054
17058
17071
17094
17097
17116
17121
17135
17137
17146
17149
17164
17168
17177
17186
17192
17204
17210
17213
17222
17224
17227
17235
17244
17250
17252
17255
17259
17269
17272
17275
17288
17303
17308
17317
17322
17327
17331
17334
17337
17342
17357
17360
17362
17371
17374
17379
17388
17391
17394
17401
17409
17414
17424
17437
17453
17458
17464
17467
17476
17481
17493
17520
17524
17530
17543
17548
17555
17575
17575
17579
17585
17594
17609
17613
17618
17623
17631
17638
17646
17652
17667
17674
17675
17685
17690
17693
17700
17707
17723
17735
17745
17749
17757
17765
17773
17779
17781
17790
17794
17802
17806
17824
17827
17843
17854
17860
17865
17869
17877
17886
17897
17904
17908
17912
17917
17924
17936
17941
17945
17949
17954
17965
17970
17973
17989
17991
17995
17998
18009
18021
18024
18030
18036
18038
18048
18052
18060
18065
18075
18078
18081
18086
18100
18104
18114
18116
18122
18133
18141
18148
18158
18159
18164
18171
18178
18188
18191
18194
18202
18204
18208
18213
18217
18230
18234
18239
18256
18263
18267
18274
18280
18287
18294
18299
18307
18313
18320
18326
18332
18337
18343
18348
18356
18365
18369
18374
18376
18390
18413
18422
18427
18438
18440
18444
18449
18453
18462
18465
18471
18476
18481
18486
18495
18504
18508
18509
18516
18527
18534
18538
18543
18556
18561
18573
18585
18589
18596
18605
18610
18615
18621
18629
18633
18637
18640
18646
18649
18653
18661
18675
18688
18710
18718
18723
18727
18736
18741
18745
18748
18757
18766
18772
18782
18790
18802
18808
18820
18828
18834
18843
18850
18859
18867
18882
18886
18892
18898
18911
18920
18926
18939
18943
18948
18958
18968
18974
18997
19001
19006
19010
19015
19019
19027
19050
19054
19063
19065
19074
19078
19086
19093
19099
19104
19112
19117
19133
19146
19155
19160
19168
19172
19178
19182
19214
19217
19220
19232
19247
19254
19259
19266
19270
19276
19281
19290
19317
19322
19335
19342
19352
19358
19361
19367
19372
19377
19381
19386
19390
19398
19399
19407
19409
19414
19419
19434
19449
19455
19456
19464
19471
19474
19480
19483
19486
19490
19492
19496
19502
19515
19519
19523
19537
19551
19558
19564
19569
19580
19587
19592
19602
19603
19613
19618
19623
19637
19643
19652
19654
19676
19681
19689
19694
19699
19703
19714
19717
19720
19724
19730
19736
19740
19748
19757
19764
19769
19769
19779
19811
19828
19836
19841
19848
19854
19871
19877
19883
19888
19901
19905
19917
19922
19925
19931
19939
19945
19951
19961
19965
19967
19974
19981
19988
19996
20001
20005
20018
20029
20037
20043
20050
20060
20070
20087
20096
20104
20121
20125
20129
20131
20136
20139
20148
20152
20159
20173
20187
20196
20202
20213
20216
20226
20228
20231
20249
20257
20265
20279
20283
20288
20295
20304
20342
20351
20356
20362
20372
20376
20378
20383
20389
20400
20408
20423
20429
20440
20443
20450
20456
20462
20464
20469
20473
20501
20505
20519
20527
20529
20534
20546
20547
20551
20556
20559
20567
20579
20582
20594
20597
20599
20605
20611
20615
20626
20635
20642
20652
20655
20665
20669
20673
20684
20694
20698
20709
20717
20731
20739
20747
20779
20786
20795
20800
20803
20813
20824
20828
20838
20853
20857
20863
20866
20874
20883
20891
20896
20899
20905
20912
20930
20936
20941
20950
20956
20968
20975
20982
20989
20996
21000
21005
21020
21029
21036
21044
21051
21059
21071
21083
21092
21097
21107
21110
21118
21133
21136
21148
21165
21172
21181
21187
21192
21198
21213
21221
21228
21233
21236
21241
21248
21257
21261
21266
21270
21275
21287
21299
21304
21309
21318
21321
21367
21374
21383
21394
21402
21412
21413
21423
21429
21433
21445
21456
21461
21465
21472
21476
21481
21485
21490
21497
21515
21520
21524
21537
21545
21553
21562
21566
21570
21574
21581
21589
21599
21604
21613
21627
21632
21637
21645
21656
21663
21670
21696
21702
21707
21727
21734
21744
21746
21754
21761
21764
21770
21785
21787
21798
21802
21810
21816
21821
21828
21837
21842
21846
21850
21854
21859
21864
21864
21869
21878
21884
21891
21910
21914
21925
21931
21937
21950
21967
21973
21987
21994
22009
22014
22019
22023
22024
22027
22037
22041
22045
22053
22058
22068
22073
22086
22093
22102
22123
22128
22133
22136
22138
22152
22159
22165
22182
22188
22204
22205
22212
22220
22223
22229
22235
22243
22246
22257
22267
22272
22275
22281
22283
22288
22288
22299
22307
22310
22315
22318
22323
22332
22338
22351
22354
22356
22362
22373
22379
22384
22392
22398
22406
22412
22416
22431
22437
22442
22445
22452
22457
22465
22475
22483
22488
22490
22494
22513
22521
22524
22532
22543
22552
22556
22566
22581
22585
22592
22601
22606
22607
22611
22619
22625
22628
22633
22641
22654
22664
22673
22676
22683
22684
22687
22697
22714
22719
22727
22739
22744
22759
22771
22777
22782
22792
22799
22804
22813
22839
22841
22849
22854
22871
22880
22896
22907
22915
22918
22921
22928
22936
22965
22967
22972
22977
22983
22991
23004
23010
23023
23028
23034
23051
23052
23064
23068
23076
23082
23085
23088
23097
23099
23120
23130
23133
23138
23147
23152
23158
23162
23165
23170
23180
23189
23199
23211
23219
23225
23230
23235
23240
23261
23268
23278
23282
23287
23291
23296
23299
23305
23308
23312
23317
23323
23328
23340
23349
23358
23364
23371
23376
23380
23390
23397
23405
23415
23422
23428
23433
23441
23446
23453
23462
23474
23477
23487
23490
23494
23498
23507
23514
23518
23527
23528
23533
23544
23547
23553
23558
23566
23570
23574
23580
23587
23595
23604
23613
23615
23622
23627
23634
23639
23646
23653
23657
23662
23675
23691
23716
23719
23726
23730
23741
23759
23775
23780
23785
23788
23796
23801
23804
23809
23814
23822
23828
23833
23837
23840
23846
23854
23859
23861
23871
23885
23887
23894
23900
23909
23911
23917
23923
23935
23942
23950
23956
23958
23961
23966
23973
23988
23997
24007
24012
24020
24024
24052
24060
24063
24071
24077
24082
24089
24105
24115
24126
24140
24150
24152
24159
24162
24168
24175
24180
24185
24192
24196
24210
24216
24236
24258
24261
24266
24270
24278
24285
24290
24296
24309
24318
24322
24328
24335
24340
24345
24358
24361
24371
24375
24382
24394
24399
24409
24413
24418
24427
24429
24448
24454
24464
24478
24487
24499
24503
24508
24516
24518
24521
24531
24537
24541
24546
24551
24558
24562
24573
24581
24587
24599
24612
24619
24623
24627
24633
24636
24645
24649
24656
24662
24667
24697
24706
24710
24716
24721
24726
24727
24732
24752
24757
24763
24767
24771
24777
24777
24784
24787
24792
24799
24804
24806
24818
24823
24828
24841
24848
24853
24880
24886
24894
24897
24903
24912
24915
24921
24924
24927
24948
24960
24971
24980
24982
24989
25001
25022
25025
25029
25036
25039
25045
25055
25069
25074
25082
25090
25106
25112
25117
25128
25133
25150
25154
25177
25182
25191
25206
25209
25216
25227
25232
25244
25250
25255
25265
25285
25289
25293
25300
25310
25313
25319
25326
25330
25355
25360
25368
25374
25384
25395
25400
25412
25420
25437
25441
25449
25455
25462
25468
25474
25483
25489
25496
25513
25519
25526
25531
25535
25539
25545
25550
25556
25562
25568
25577
25600
25605
25609
25617
25623
25627
25640
25647
25652
25671
25673
25676
25680
25685
25695
25702
25712
25716
25719
25724
25731
25736
25743
25747
25764
25767
25776
25781
25788
25800
25807
25812
25817
25822
25834
25842
25849
25856
25859
25865
25872
25876
25887
25893
25897
25903
25916
25920
25931
25940
25950
25953
25962
25969
25974
25978
25986
25993
25997
26003
26009
26011
26020
26032
26038
26044
26045
26050
26060
26066
26067
26073
26081
26084
26095
26098
26103
26111
26113
26129
26136
26145
26156
26175
26182
26195
26202
26206
26210
26218
26223
26227
26232
26237
26240
26247
26262
26270
26284
26293
26305
26309
26319
26324
26329
26340
26345
26349
26349
26399
26406
26427
26437
26445
26459
26468
26475
26481
26491
26499
26504
26506
26513
26518
26525
26529
26532
26539
26540
26546
26552
26567
26576
26582
26588
26596
26604
26611
26626
26634
26638
26641
26647
26654
26660
26668
26678
26684
26689
26696
26703
26707
26711
26717
26719
26726
26731
26738
26741
26748
26755
26762
26765
26770
26778
26783
26786
26793
26798
26803
26814
26817
26825
26839
26842
26846
26851
26858
26862
26871
26875
26883
26888
26913
26920
26929
26951
26954
26960
26971
26975
26988
27000
27015
27018
27033
27041
27045
27053
27062
27068
27080
27084
27092
27099
27104
27108
27113
27117
27123
27129
27143
27149
27154
27159
27163
27174
27179
27187
27193
27196
27199
27202
27209
27213
27223
27228
27247
27253
27264
27269
27275
27279
27284
27291
27299
27302
27307
27311
27315
27325
27334
27339
27343
27350
27355
27374
27383
27390
27394
27419
27425
27428
27437
27450
27460
27469
27480
27487
27496
27513
27521
27525
27541
27555
27560
27564
27574
27581
27583
27586
27589
27597
27602
27604
27612
27622
27631
27636
27646
27656
27665
27673
27681
27686
27690
27698
27702
27709
27716
27722
27729
27737
27740
27745
27751
27758
27761
27773
27782
27791
27801
27806
27813
27818
27823
27833
27849
27857
27866
27874
27883
27894
27898
27907
27920
27927
27935
27939
27946
27952
27956
27962
27965
27978
27982
27986
27991
27997
28006
28017
28030
28036
28053
28058
28063
28065
28070
28076
28081
28095
28122
28134
28138
28146
28151
28156
28159
28165
28172
28180
28185
28189
28196
28198
28208
28217
28233
28240
28246
28255
28266
28274
28278
28283
28294
28296
28299
28306
28310
28315
28319
28326
28338
28346
28355
28363
28371
28377
28382
28387
28389
28394
28402
28413
28419
28431
28437
28444
28452
28470
28483
28493
28498
28505
28511
28515
28520
28527
28536
28545
28550
28553
28558
28568
28573
28579
28585
28595
28599
28608
28610
28615
28622
28634
28637
28645
28648
28657
28665
28671
28675
28683
28687
28691
28700
28707
28712
28720
28736
28739
28741
28754
28769
28773
28776
28778
28782
28786
28788
28795
28807
28810
28816
28824
28826
28830
28840
28860
28862
28868
28871
28875
28883
28891
28898
28902
28906
28921
28930
28945
28951
28962
28973
28980
28987
28993
29003
29009
29014
29022
29032
29035
29038
29046
29066
29072
29085
29095
29104
29106
29114
29122
29133
29140
29149
29154
29162
29173
29176
29182
29184
29189
29190
29196
29199
29204
29210
29219
29226
29228
29238
29252
29257
29264
29269
29275
29282
29286
29293
29298
29304
29309
29317
29323
29344
29348
29354
29361
29364
29373
29378
29385
29397
29404
29412
29424
29435
29443
29446
29450
29457
29462
29473
29496
29504
29510
29514
29519
29527
29535
29544
29548
29561
29566
29583
29590
29598
29602
29610
29615
29618
29621
29629
29634
29637
29642
29649
29658
29666
29669
29681
29687
29689
29696
29705
29723
29727
29734
29753
29757
29763
29772
29782
29789
29796
29802
29812
29820
29824
29834
29838
29842
29849
29854
29860
29866
29877
29886
29892
29895
29902
29909
29918
29926
29931
29939
29944
29952
29959
29963
29970
29980
29986
30000
30010
30017
30019
30025
30030
30036
30045
30054
30066
30079
30087
30093
30098
30116
30121
30131
30134
30138
30141
30145
30155
30162
30171
30180
30187
30194
30198
30202
30210
30215
30223
30239
30244
30247
30251
30259
30268
30276
30286
30296
30305
30308
30325
30332
30344
30348
30352
30355
30357
30374
30384
30396
30405
30417
30423
30429
30444
30448
30464
30475
30480
30493
30498
30503
30515
30519
30532
30539
30546
30555
30559
30569
30570
30575
30581
30586
30591
30597
30602
30608
30610
30613
30614
30624
30631
30639
30644
30652
30662
30667
30673
30681
30688
30693
30697
30708
30717
30726
30735
30743
30747
30754
30754
30759
30763
30787
30794
30802
30819
30823
30828
30832
30836
30850
30862
30871
30873
30879
30890
30900
30905
30911
30920
30926
30932
30939
30948
30950
30980
30991
31006
31017
31019
31029
31041
31050
31055
31068
31077
31083
31091
31096
31103
31116
31118
31123
31132
31141
31147
31156
31165
31171
31173
31180
31186
31214
31218
31222
31230
31235
31243
31255
31263
31266
31271
31277
31281
31286
31289
31296
31301
31305
31311
31314
31326
31335
31349
31353
31362
31367
31371
31380
31390
31398
31406
31415
31423
31425
31430
31440
31447
31454
31458
31466
31476
31480
31488
31492
31500
31526
31539
31545
31557
31567
31571
31576
31587
31599
31604
31621
31628
31640
31647
31649
31656
31664
31682
31691
31694
31697
31709
31717
31749
31757
31776
31781
31785
31792
31797
31803
31808
31813
31822
31829
31837
31844
31856
31858
31864
31867
31875
31881
31885
31889
31894
31900
31905
31913
31917
31920
31934
31938
31948
31951
31960
31972
31978
31984
31989
31997
32007
32008
32015
32021
32027
32037
32042
32045
32053
32063
32072
32076
32081
32088
32099
32103
32108
32112
32118
32127
32134
32140
32146
32155
32165
32170
32178
32192
32198
32205
32213
32219
32222
32227
32234
32241
32250
32256
32262
32277
32286
32293
32296
32302
32310
32322
32330
32338
32344
32360
32365
32381
32384
32413
32415
32430
32438
32443
32448
32451
32463
32466
32479
32485
32499
32506
32512
32523
32530
32540
32544
32552
32561
32566
32569
32577
32580
32585
32591
32620
32626
32630
32640
32649
32653
32658
32663
32685
32690
32695
32704
32715
32720
32734
32745
32747
32762
32770
32775
32787
32793
32800
32808
32814
32816
32819
32831
32838
32843
32849
32868
32877
32886
32891
32895
32899
32905
32910
32922
32924
32927
32934
32937
32948
32954
32959
32966
32976
32990
33000
33006
33012
33020
33026
33041
33045
33049
33052
33061
33064
33067
33079
33081
33086
33090
33094
33099
33108
33114
33118
33135
33143
33152
33162
33177
33181
33185
33193
33200
33223
33228
33233
33242
33254
33261
33274
33280
33293
33307
33313
33325
33336
33344
33349
33360
33365
33368
33371
33378
33383
33386
33393
33399
33400
33408
33418
33423
33430
33434
33438
33442
33451
33458
33467
33475
33489
33494
33507
33511
33517
33520
33531
33537
33539
33543
33545
33557
33566
33573
33592
33605
33615
33620
33630
33644
33651
33654
33665
33670
33675
33680
33691
33706
33715
33725
33729
33734
33749
33757
33768
33775
33784
33786
33790
33796
33805
33818
33836
33840
33843
33847
33860
33869
33880
33885
33896
33903
33921
33928
33944
33950
33955
33959
33967
33978
33984
33995
34001
34004
34008
34026
34033
34040
34049
34055
34059
34074
34081
34089
34104
34109
34115
34119
34138
34148
34153
34156
34164
34174
34180
34186
34197
34201
34204
34206
34211
34217
34227
34233
34244
34247
34251
34254
34260
34268
34273
34281
34286
34291
34300
34303
34310
34314
34319
34323
34330
34340
34347
34353
34359
34362
34369
34386
34392
34400
34409
34417
34426
34433
34439
34442
34447
34451
34454
34460
34469
34481
34486
34492
34498
34510
34516
34521
34528
34532
34536
34545
34555
34560
34564
34576
34585
34604
34607
34611
34621
34624
34630
34638
34642
34647
34655
34669
34672
34686
34693
34697
34713
34718
34728
34733
34738
34742
34747
34755
34759
34763
34767
34773
34777
34803
34806
34818
34822
34829
34838
34841
34843
34847
34851
34857
34863
34869
34881
34886
34892
34899
34907
34913
34919
34926
34936
34942
34945
34951
34960
34966
34972
34977
34982
34997
35006
35014
35025
35032
35037
35041
35044
35052
35058
35068
35077
35090
35094
35096
35103
35111
35121
35129
35135
35136
35143
35150
35156
35160
35164
35171
35178
35183
35200
35206
35210
35213
35218
35224
35231
35238
35241
35247
35250
35260
35265
35272
35283
35288
35293
35304
35314
35318
35324
35338
35341
35347
35352
35360
35366
35377
35387
35390
35394
35401
35412
35419
35425
35430
35437
35444
35450
35455
35463
35475
35482
35491
35496
35504
35509
35513
35525
35528
35537
35548
35557
35561
35566
35572
35576
35579
35582
35593
35598
35607
35610
35613
35617
35639
35644
35652
35662
35684
35690
35697
35705
35721
35725
35740
35745
35754
35758
35770
35773
35781
35787
35793
35807
35818
35823
35833
35840
35848
35853
35859
35864
35877
35885
35891
35897
35903
35907
35916
35921
35939
35947
35950
35955
35960
35968
35974
35980
35986
36003
36007
36011
36016
36025
36031
36039
36043
36047
36054
36058
36065
36075
36080
36084
36088
36096
36106
36111
36113
36127
36139
36148
36151
36160
36168
36176
36180
36185
36195
36203
36209
36213
36216
36221
36229
36237
36244
36258
36272
36281
36288
36303
36313
36331
36335
36338
36342
36346
36357
36364
36368
36375
36380
36384
36401
36406
36409
36414
36422
36429
36446
36453
36459
36466
36483
36492
36498
36513
36519
36524
36531
36540
36548
36554
36560
36572
36580
36588
36591
36597
36599
36627
36636
36641
36647
36656
36667
36676
36686
36696
36708
36722
36746
36749
36757
36766
36772
36786
36799
36806
36823
36833
36841
36847
36855
36863
36873
36877
36882
36893
36901
36909
36916
36918
36926
36933
36936
36944
36945
36949
36953
36956
36963
36967
36974
36977
36991
36998
37010
37024
37035
37042
37048
37060
37064
37068
37078
37086
37100
37111
37116
37122
37126
37130
37137
37141
37169
37175
37185
37194
37198
37199
37212
37221
37239
37250
37256
37260
37264
37276
37285
37290
37299
37309
37312
37320
37329
37335
37341
37349
37354
37356
37360
37369
37374
37383
37389
37393
37398
37405
37412
37420
37426
37445
37453
37462
37471
37482
37488
37494
37500
37507
37516
37524
37532
37539
37549
37556
37569
37574
37578
37586
37592
37600
37611
37615
37634
37645
37652
37657
37661
37665
37672
37685
37690
37693
37697
37702
37707
37712
37717
37729
37736
37741
37744
37746
37755
37763
37768
37774
37792
37802
37812
37818
37822
37825
37835
37843
37847
37853
37859
37866
37876
37881
37889
37899
37901
37907
37909
37916
37924
37933
37945
37954
37957
37984
37986
37998
38002
38008
38014
38019
38025
38031
38038
38043
38054
38063
38067
38079
38087
38102
38113
38125
38129
38135
38140
38146
38150
38154
38158
38165
38169
38184
38192
38197
38209
38212
38215
38228
38239
38260
38267
38272
38279
38288
38296
38304
38316
38334
38339
38346
38350
38357
38359
38362
38368
38373
38382
38390
38395
38400
38404
38414
38422
38426
38436
38443
38453
38459
38462
38470
38483
38497
38503
38508
38515
38524
38528
38531
38537
38545
38558
38562
38570
38583
38589
38598
38605
38618
38628
38631
38635
38644
38647
38653
38660
38669
38676
38682
38687
38694
38699
38706
38714
38719
38725
38731
38746
38753
38758
38770
38777
38782
38793
38797
38805
38819
38826
38830
38835
38851
38862
38866
38872
38879
38889
38893
38902
38911
38914
38923
38929
38933
38942
38950
38957
38962
38968
38976
38981
38990
38996
39005
39013
39027
39030
39039
39047
39066
39074
39079
39089
39094
39098
39109
39113
39119
39123
39130
39134
39144
39154
39161
39169
39174
39183
39198
39202
39218
39226
39235
39238
39246
39252
39256
39263
39278
39294
39301
39308
39312
39320
39335
39339
39350
39353
39361
39369
39379
39384
39387
39391
39397
39401
39405
39416
39422
39432
39433
39441
39455
39468
39477
39491
39497
39500
39503
39523
39538
39544
39551
39565
39569
39574
39576
39582
39587
39592
39596
39600
39609
39612
39622
39624
39630
39635
39641
39650
39658
39666
39671
39677
39680
39687
39698
39708
39713
39716
39724
39730
39734
39741
39746
39755
39780
39786
39791
39796
39807
39810
39813
39825
39830
39837
39842
39846
39851
39854
39858
39871
39879
39889
39895
39901
39906
39915
39924
39936
39938
39947
39951
39966
39970
39975
39979
39983
39989
40004
40008
40011
40018
40022
40027
40030
40039
40059
40064
40070
40076
40087
40094
40102
40111
40117
40122
40129
40136
40142
40147
40153
40162
40173
40178
40192
40199
40202
40203
40210
40215
40216
40221
40230
40233
40238
40246
40250
40251
40255
40262
40265
40269
40278
40288
40299
40307
40319
40327
40335
40341
40345
40354
40364
40372
40381
40386
40392
40395
40399
40408
40410
40414
40417
40426
40432
40441
40450
40454
40461
40466
40472
40474
40478
40487
40494
40504
40508
40515
40520
40527
40532
40543
40548
40554
40564
40570
40587
40595
40604
40614
40623
40627
40632
40640
40645
40651
40668
40677
40683
40690
40697
40705
40711
40722
40732
40736
40747
40755
40761
40767
40778
40780
40798
40804
40812
40816
40827
40831
40839
40843
40845
40852
40865
40866
40875
40879
40888
40895
40907
40913
40922
40930
40938
40944
40948
40958
40969
40977
40982
40990
40995
41000
41010
41015
41020
41023
41046
41052
41063
41065
41080
41087
41093
41097
41116
41123
41126
41133
41138
41146
41151
41157
41162
41169
41174
41181
41187
41194
41198
41208
41213
41220
41225
41232
41245
41256
41261
41274
41281
41286
41294
41298
41306
41312
41322
41327
41329
41338
41344
41351
41356
41372
41379
41391
41403
41407
41411
41417
41422
41427
41431
41438
41451
41457
41461
41468
41475
41482
41491
41499
41510
41518
41537
41549
41553
41559
41569
41572
41577
41583
41590
41595
41611
41620
41624
41641
41647
41652
41661
41667
41673
41677
41683
41695
41710
41715
41721
41728
41741
41750
41754
41762
41770
41781
41799
41809
41816
41819
41825
41829
41833
41841
41852
41860
41873
41876
41883
41888
41893
41902
41904
41910
41920
41925
41930
41936
41944
41953
41964
41972
41984
41992
41996
41998
42006
42014
42020
42030
42039
42044
42074
42080
42093
42100
42104
42115
42122
42131
42136
42141
42162
42168
42170
42174
42189
42194
42197
42206
42217
42224
42228
42234
42239
42243
42246
42258
42265
42272
42279
42282
42286
42293
42298
42306
42311
42326
42334
42337
42360
42366
42377
42382
42397
42402
42409
42415
42423
42430
42445
42451
42457
42467
42476
42483
42486
42495
42500
42505
42509
42520
42524
42528
42533
42539
42544
42545
42558
42560
42564
42568
42571
42578
42584
42593
42596
42602
42607
42615
42622
42627
42631
42637
42642
42653
42656
42663
42667
42677
42683
42688
42694
42695
42700
42705
42709
42712
42720
42726
42735
42742
42753
42761
42767
42773
42778
42785
42792
42794
42801
42807
42814
42824
42828
42838
42852
42858
42869
42879
42885
42894
42903
42907
42928
42936
42940
42944
42950
42956
42963
42976
42982
42988
42992
42998
43006
43011
43018
43023
43024
43028
43038
43043
43052
43067
43072
43090
43097
43102
43106
43118
43120
43127
43131
43140
43145
43148
43156
43162
43168
43174
43182
43187
43191
43202
43207
43212
43219
43235
43242
43259
43265
43273
43279
43284
43290
43295
43302
43306
43310
43319
43325
43327
43334
43341
43355
43363
43368
43371
43380
43388
43395
43404
43411
43418
43424
43439
43446
43455
43461
43480
43489
43497
43510
43519
43525
43533
43539
43546
43556
43569
43575
43580
43590
43594
43606
43616
43622
43629
43639
43644
43650
43657
43660
43665
43672
43679
43680
43684
43689
43696
43703
43711
43724
43727
43730
43735
43742
43747
43759
43764
43769
43772
43779
43784
43788
43794
43811
43819
43834
43843
43850
43868
43871
43881
43891
43897
43904
43914
43918
43926
43931
43948
43959
43966
43970
43978
43988
43993
43997
44006
44020
44030
44040
44042
44046
44055
44060
44070
44087
44095
44104
44110
44117
44128
44134
44144
44147
44155
44158
44165
44175
44191
44195
44202
44208
44212
44218
44225
44241
44249
44260
44263
44269
44271
44272
44275
44281
44286
44290
44295
44301
44307
44313
44324
44330
44334
44340
44347
44355
44363
44366
44372
44377
44383
44386
44391
44395
44402
44408
44416
44427
44434
44439
44448
44453
44455
44466
44488
44493
44499
44505
44512
44520
44527
44534
44540
44546
44552
44559
44564
44575
44580
44584
44587
44594
44599
44609
44615
44623
44630
44634
44649
44657
44665
44671
44675
44679
44681
44685
44693
44696
44703
44711
44715
44722
44728
44736
44748
44751
44761
44769
44775
44780
44792
44798
44805
44815
44821
44825
44830
44839
44859
44871
44876
44893
44898
44902
44906
44908
44920
44924
44931
44934
44944
44950
44954
44965
44976
44980
44987
44995
45004
45011
45016
45020
45033
45036
45039
45046
45062
45070
45083
45087
45092
45111
45116
45126
45136
45150
45161
45183
45194
45209
45220
45227
45232
45234
45242
45254
45259
45265
45269
45275
45285
45290
45293
45295
45301
45306
45311
45317
45324
45328
45334
45337
45342
45344
45351
45359
45366
45377
45385
45390
45400
45407
45416
45424
45428
45433
45436
45439
45456
45462
45467
45471
45475
45480
45493
45505
45514
45523
45530
45536
45545
45551
45552
45558
45566
45570
45577
45583
45596
45600
45609
45620
45625
45631
45638
45643
45644
45649
45654
45662
45672
45677
45678
45687
45698
45700
45705
45712
45720
45727
45732
45735
45739
45750
45756
45764
45773
45780
45787
45795
45800
45807
45809
45815
45823
45825
45829
45836
45843
45848
45855
45862
45867
45877
45883
45890
45896
45909
45911
45915
45919
45930
45938
45946
45954
45959
45965
45969
45985
45995
46006
46013
46019
46026
46035
46042
46049
46053
46059
46066
46071
46083
46092
46102
46106
46114
46120
46128
46138
46154
46165
46173
46181
46187
46205
46219
46227
46233
46243
46247
46249
46257
46268
46274
46283
46289
46293
46298
46306
46314
46330
46336
46346
46353
46363
46367
46370
46380
46384
46390
46401
46404
46411
46414
46421
46425
46431
46442
46458
46462
46467
46472
46477
46484
46488
46497
46503
46510
46515
46521
46524
46527
46532
46545
46551
46558
46563
46577
46589
46599
46606
46614
46621
46628
46632
46642
46649
46652
46657
46666
46670
46673
46677
46680
46685
46697
46704
46710
46715
46722
46727
46735
46740
46745
46753
46759
46766
46774
46777
46785
46793
46796
46800
46807
46813
46819
46828
46837
46842
46850
46864
46867
46870
46879
46885
46891
46896
46905
46911
46915
46919
46930
46945
46953
46959
46964
46971
46975
46978
46989
47000
47004
47007
47013
47025
47031
47046
47054
47062
47068
47071
47077
47086
47092
47096
47101
47103
47109
47115
47118
47129
47136
47144
47148
47152
47160
47168
47173
47179
47190
47200
47204
47210
47215
47221
47224
47232
47240
47251
47255
47259
47268
47279
47282
47285
47290
47296
47300
47306
47311
47318
47329
47340
47344
47347
47357
47362
47370
47383
47385
47397
47399
47412
47426
47433
47438
47446
47454
47461
47468
47477
47496
47507
47515
47516
47522
47530
47544
47548
47558
47564
47570
47574
47579
47584
47589
47594
47599
47604
47612
47616
47627
47634
47642
47646
47655
47659
47664
47676
47684
47693
47701
47708
47713
47715
47728
47731
47735
47745
47751
47760
47763
47769
47772
47773
47780
47789
47800
47805
47813
47818
47827
47831
47838
47843
47850
47855
47858
47861
47872
47878
47883
47895
47900
47918
47923
47926
47931
47944
47953
47960
47969
47982
47989
47998
48001
48006
48010
48017
48026
48035
48041
48059
48070
48078
48084
48092
48093
48108
48112
48123
48133
48138
48141
48147
48158
48163
48171
48177
48180
48187
48194
48209
48214
48220
48224
48231
48237
48241
48247
48254
48262
48266
48272
48282
48290
48293
48300
48305
48315
48318
48322
48330
48338
48340
48350
48357
48365
48367
48380
48385
48393
48399
48405
48409
48412
48419
48425
48427
48434
48441
48445
48453
48457
48459
48466
48472
48484
48486
48497
48503
48504
48513
48518
48527
48531
48537
48547
48555
48560
48588
48596
48598
48604
48616
48623
48628
48632
48639
48649
48653
48658
48661
48665
48682
48691
48703
48711
48717
48725
48730
48736
48740
48747
48753
48758
48766
48775
48778
48782
48792
48798
48806
48823
48835
48840
48848
48857
48864
48868
48875
48882
48889
48894
48899
48904
48907
48915
48916
48923
48929
48933
48942
48954
48964
48967
48972
48979
48988
48991
48996
49000
49006
49010
49018
49026
49031
49039
49044
49051
49060
49067
49075
49078
49091
49097
49107
49114
49119
49125
49133
49141
49145
49150
49163
49179
49185
49189
49196
49201
49213
49218
49224
49236
49239
49246
49249
49253
49256
49266
49272
49277
49286
49298
49304
49306
49312
49322
49333
49335
49341
49343
49348
49354
49362
49371
49379
49382
49385
49390
49397
49403
49405
49415
49426
49431
49441
49443
49449
49456
49464
49470
49480
49487
49500
49505
49510
49513
49521
49528
49532
49537
49545
49548
49554
49564
49570
49573
49584
49593
49599
49605
49614
49642
49651
49655
49661
49666
49673
49676
49683
49689
49694
49698
49709
49714
49726
49730
49733
49735
49741
49751
49755
49764
49768
49775
49776
49784
49791
49805
49813
49820
49827
49835
49842
49850
49855
49859
49867
49873
49882
49889
49899
49908
49911
49917
49918
49923
49931
49935
49944
49960
49967
49971
49974
49980
49990
49993
50001
50009
50018
50023
50032
50037
50043
50047
50056
50059
50066
50079
50084
50090
50094
50102
50107
50112
50117
50125
50128
50131
50140
50145
50150
50156
50162
50168
50172
50176
50184
50188
50195
50206
50213
50220
50224
50230
50234
50236
50239
50247
50253
50259
50270
50280
50285
50297
50303
50308
50313
50320
50325
50335
50339
50349
50357
50370
50376
50387
50395
50400
50405
50420
50423
50427
50435
50447
50455
50467
50473
50478
50484
50488
50494
50501
50509
50514
50528
50534
50542
50548
50559
50568
50576
50578
50586
50596
50604
50612
50622
50624
50629
50636
50638
50645
50649
50653
50656
50663
50672
50679
50692
50699
50709
50720
50724
50733
50740
50747
50752
50756
50765
50772
50777
50782
50787
50799
50813
50816
50821
50827
50832
50836
50842
50847
50856
50868
50872
50876
50885
50891
50898
50902
50910
50918
50932
50933
50945
50956
50961
50968
50975
50987
50990
50993
50999
51002
51007
51012
51022
51031
51035
51044
51047
51053
51060
51070
51076
51082
51086
51093
51098
51102
51116
51119
51124
51128
51136
51141
51147
51154
51159
51163
51170
51179
51189
51194
51198
51209
51211
51227
51231
51240
51244
51248
51253
51261
51268
51272
51283
51292
51301
51304
51312
51319
51325
51335
51341
51348
51356
51363
51372
51379
51381
51389
51395
51400
51407
51412
51420
51429
51435
51440
51444
51447
51457
51466
51470
51476
51482
51489
51494
51505
51515
51524
51538
51542
51549
51555
51563
51570
51575
51579
51585
51593
51605
51610
51615
51627
51630
51632
51636
51639
51643
51652
51658
51666
51672
51679
51684
51692
51701
51711
51722
51746
51757
51762
51767
51771
51785
51798
51805
51810
51814
51821
51832
51837
51842
51859
51872
51877
51885
51892
51900
51907
51911
51917
51922
51925
51931
51934
51941
51946
51953
51955
51964
51969
51978
51984
51996
52004
52013
52025
52039
52042
52046
52056
52061
52071
52075
52082
52098
52100
52108
52116
52123
52131
52135
52144
52153
52165
52167
52175
52181
52191
52202
52210
52213
52217
52221
52225
52227
52233
52241
52244
52254
52263
52268
52269
52277
52282
52292
52298
52303
52308
52314
52319
52323
52326
52331
52335
52342
52348
52352
52359
52366
52375
52382
52389
52398
52403
52418
52424
52429
52436
52442
52445
52449
52457
52466
52471
52479
52484
52491
52497
52500
52504
52509
52516
52523
52532
52545
52549
52555
52569
52580
52585
52594
52600
52602
52608
52614
52624
52631
52635
52643
52645
52654
52664
52666
52673
52678
52685
52692
52698
52705
52710
52718
52724
52733
52738
52743
52748
52754
52762
52768
52782
52792
52798
52800
52806
52810
52817
52828
52838
52846
52851
52857
52862
52865
52869
52874
52879
52885
52891
52896
52899
52903
52910
52915
52920
52930
52936
52948
52951
52959
52965
52969
52979
52982
52990
53002
53008
53013
53037
53039
53043
53050
53057
53065
53069
53074
53079
53083
53102
53107
53113
53120
53127
53131
53137
53145
53150
53154
53160
53163
53169
53172
53180
53190
53197
53204
53208
53218
53222
53229
53232
53238
53245
53258
53264
53276
53279
53285
53293
53299
53300
53303
53308
53314
53320
53325
53331
53342
53346
53356
53363
53370
53377
53382
53390
53398
53408
53417
53423
53428
53429
53442
53447
53451
53453
53458
53465
53470
53474
53482
53490
53495
53499
53505
53518
53525
53532
53535
53548
53555
53560
53567
53575
53581
53590
53596
53603
53610
53620
53638
53645
53648
53654
53662
53672
53676
53681
53691
53694
53696
53704
53716
53725
53738
53749
53756
53761
53763
53770
53778
53785
53794
53799
53809
53812
53828
53834
53841
53849
53855
53862
53869
53876
53879
53886
53891
53897
53903
53908
53916
53923
53932
53943
53959
53964
53971
53978
53984
53990
53996
54001
54007
54011
54016
54040
54052
54052
54057
54068
54077
54085
54093
54098
54103
54109
54115
54118
54132
54138
54146
54153
54160
54163
54169
54177
54183
54193
54215
54224
54228
54235
54243
54254
54260
54265
54271
54276
54280
54285
54290
54295
54298
54309
54314
54321
54328
54333
54339
54345
54353
54356
54365
54373
54376
54386
54392
54400
54402
54412
54413
54417
54421
54425
54430
54435
54441
54448
54454
54463
54468
54480
54482
54490
54499
54515
54526
54533
54546
54554
54555
54561
54573
54587
54594
54598
54602
54607
54615
54621
54628
54633
54644
54658
54668
54672
54678
54681
54685
54691
54700
54707
54715
54719
54719
54729
54738
54742
54749
54755
54765
54775
54780
54783
54790
54792
54799
54804
54814
54820
54824
54830
54834
54850
54861
54871
54874
54878
54881
54885
54889
54894
54906
54911
54917
54925
54932
54936
54940
54947
54953
54957
54963
54968
54970
54978
54980
54990
54995
54996
54999
55006
55014
55019
55025
55031
55041
55059
55065
55073
55080
55090
55098
55105
55119
55124
55130
55133
55139
55142
55151
55163
55173
55185
55188
55192
55201
55208
55220
55225
55232
55238
55245
55251
55259
55266
55272
55278
55281
55291
55295
55302
55307
55311
55320
55330
55334
55342
55346
55352
55354
55362
55366
55371
55379
55382
55386
55392
55394
55399
55403
55406
55412
55423
55431
55436
55441
55446
55451
55458
55465
55469
55471
55475
55483
55492
55500
55505
55517
55527
55531
55536
55544
55549
55564
55569
55575
55583
55589
55590
55592
55600
55603
55617
55625
55635
55649
55659
55671
55675
55682
55687
55694
55700
55708
55712
55719
55726
55736
55749
55758
55762
55765
55774
55781
55788
55800
55806
55814
55820
55825
55834
55842
55844
55847
55855
55859
55863
55867
55884
55897
55899
55905
55912
55918
55924
55931
55935
55944
55949
55960
55967
55976
55977
55980
55988
55993
56000
56011
56015
56020
56026
56032
56039
56044
56049
56054
56060
56066
56076
56083
56092
56098
56104
56109
56118
56125
56129
56167
56172
56178
56182
56189
56193
56195
56202
56206
56224
56229
56232
56238
56243
56250
56255
56260
56264
56272
56279
56285
56287
56292
56299
56306
56313
56321
56325
56337
56348
56351
56356
56363
56370
56373
56376
56390
56396
56399
56406
56414
56426
56434
56441
56445
56453
56459
56462
56467
56472
56479
56484
56496
56500
56507
56512
56516
56521
56537
56543
56548
56561
56567
56570
56574
56587
56594
56600
56604
56611
56618
56627
56637
56647
56652
56657
56661
56665
56666
56679
56683
56688
56701
56709
56714
56725
56736
56742
56753
56754
56766
56773
56778
56783
56788
56793
56796
56801
56804
56812
56822
56825
56831
56838
56842
56847
56854
56863
56868
56875
56879
56888
56892
56903
56912
56919
56940
56948
56955
56958
56963
56969
56977
56989
56995
57001
57015
57020
57029
57033
57039
57043
57047
57052
57058
57069
57085
57088
57093
57103
57109
57114
57126
57131
57140
57146
57150
57153
57155
57158
57170
57174
57183
57188
57193
57199
57206
57209
57215
57217
57235
57242
57251
57255
57260
57267
57273
57279
57285
57297
57305
57312
57320
57323
57331
57339
57344
57348
57352
57356
57361
57370
57381
57387
57392
57397
57408
57411
57421
57429
57434
57439
57444
57453
57460
57465
57472
57483
57487
57495
57504
57509
57516
57524
57529
57534
57545
57558
57573
57585
57591
57600
57605
57611
57622
57628
57631
57638
57642
57647
57653
57657
57661
57665
57669
57676
57681
57689
57697
57700
57707
57712
57716
57725
57736
57744
57757
57761
57777
57783
57787
57793
57800
57808
57819
57823
57830
57837
57846
57848
57852
57857
57860
57867
57873
57879
57881
57885
57889
57893
57896
57906
57911
57925
57932
57941
57944
57947
57950
57958
57967
57971
57981
57984
57993
58002
58007
58011
58013
58018
58023
58028
58035
58049
58053
58057
58062
58065
58073
58076
58080
58084
58099
58102
58108
58112
58119
58121
58133
58145
58159
58166
58172
58177
58181
58188
58200
58209
58215
58225
58228
58234
58241
58246
58254
58255
58260
58265
58271
58275
58282
58288
58293
58301
58305
58319
58325
58331
58337
58348
58353
58362
58372
58382
58390
58394
58401
58408
58418
58424
58433
58436
58446
58454
58459
58466
58471
58480
58489
58494
58501
58507
58514
58521
58529
58533
58542
58548
58552
58559
58578
58585
58590
58595
58601
58607
58612
58617
58624
58631
58643
58650
58663
58672
58676
58679
58682
58692
58700
58705
58716
58725
58735
58739
58747
58750
58753
58763
58769
58775
58781
58787
58791
58797
58801
58808
58814
58821
58825
58833
58840
58852
58859
58864
58869
58873
58878
58890
58894
58899
58908
58915
58918
58923
58936
58946
58958
58969
58974
58978
58985
58990
58995
58999
59005
59013
59021
59029
59033
59040
59047
59053
59062
59071
59075
59080
59086
59096
59106
59110
59114
59117
59122
59129
59135
59142
59144
59157
59165
59176
59181
59186
59192
59198
59201
59208
59216
59225
59236
59241
59245
59255
59263
59275
59279
59286
59295
59308
59312
59322
59328
59335
59336
59350
59351
59356
59365
59369
59378
59389
59396
59399
59404
59412
59422
59427
59445
59449
59456
59459
59465
59475
59483
59487
59495
59504
59509
59513
59518
59521
59528
59535
59538
59541
59549
59557
59572
59576
59586
59590
59593
59601
59612
59618
59631
59638
59644
59647
59653
59662
59667
59676
59683
59690
59704
59708
59715
59719
59730
59736
59744
59748
59753
59756
59764
59766
59769
59776
59780
59785
59799
59805
59819
59820
59825
59831
59836
59846
59855
59864
59867
59870
59878
59880
59884
59889
59893
59899
59906
59909
59914
59917
59922
59928
59933
59937
59945
59952
59957
59969
59974
59978
59985
59988
59999
60006
60012
60017
60023
60028
60036
60040
60045
60053
60059
60062
60075
60087
60094
60119
60125
60131
60138
60144
60152
60154
60166
60172
60177
60181
60193
60200
60206
60217
60220
60226
60235
60239
60245
60255
60259
60265
60274
60281
60291
60303
60309
60320
60326
60337
60348
60351
60361
60367
60377
60381
60384
60387
60392
60400
60405
60410
60418
60427
60441
60444
60460
60465
60468
60474
60482
60493
60511
60517
60524
60532
60549
60555
60559
60565
60573
60581
60591
60597
60609
60612
60621
60624
60630
60636
60638
60642
60652
60657
60663
60667
60670
60673
60682
60684
60689
60700
60707
60710
60719
60720
60725
60737
60744
60749
60759
60769
60787
60791
60794
60806
60811
60815
60823
60833
60836
60844
60848
60857
60864
60870
60878
60883
60887
60895
60907
60916
60923
60937
60948
60955
60959
60964
60970
60978
60981
60985
60997
60999
61010
61015
61021
61029
61035
61047
61056
61067
61074
61077
61085
61093
61103
61108
61113
61119
61128
61133
61141
61149
61154
61159
61171
61176
61181
61186
61194
61206
61210
61215
