0 4e-05
15 4e-05
30 4e-05
45 4e-05
60 4e-05
75 4e-05
90 4e-05
105 4e-05
120 4e-05
135 4e-05
150 4e-05
165 4e-05
180 4e-05
195 4e-05
210 4e-05
225 4e-05
240 4e-05
255 4e-05
270 4e-05
285 4e-05
300 4e-05
315 4e-05
330 4e-05
345 4e-05
360 4e-05
375 4e-05
390 4e-05
405 4e-05
420 4e-05
435 4e-05
450 4e-05
465 4e-05
480 4e-05
495 4e-05
510 4e-05
525 4e-05
540 4e-05
555 4e-05
570 4e-05
585 4e-05
600 4e-05
615 4.2e-05
630 4.4e-05
645 4.4e-05
660 4.4e-05
675 4.4e-05
690 4.6e-05
705 4.6e-05
720 4.6e-05
735 4.8e-05
750 4.8e-05
765 4.8e-05
780 5e-05
795 5e-05
810 5.2e-05
825 5.4e-05
840 5.4e-05
855 5.4e-05
870 5.4e-05
885 5.4e-05
900 5.4e-05
915 5.4e-05
930 5.4e-05
945 5.4e-05
960 5.4e-05
975 5.4e-05
990 5.4e-05
1005 5.4e-05
1020 5.4e-05
1035 5.4e-05
1050 5.4e-05
1065 5.4e-05
1080 5.6e-05
1095 5.8e-05
1110 5.8e-05
1125 5.8e-05
1140 5.8e-05
1155 5.8e-05
1170 5.8e-05
1185 5.8e-05
1200 5.8e-05
1215 5.8e-05
1230 5.8e-05
1245 5.8e-05
1260 5.8e-05
1275 5.8e-05
1290 6e-05
1305 6e-05
1320 6e-05
1335 6e-05
1350 6e-05
1365 6e-05
1380 6e-05
1395 6e-05
1410 6e-05
1425 6e-05
1440 6e-05
1455 6e-05
1470 6e-05
1485 6e-05
1500 6e-05
1515 6e-05
1530 6e-05
1545 6e-05
1560 6e-05
1575 6e-05
1590 6e-05
1605 6e-05
1620 6e-05
1635 6e-05
1650 6e-05
1665 6e-05
1680 6e-05
1695 6e-05
1710 6.2e-05
1725 6.2e-05
1740 6.2e-05
1755 6.2e-05
1770 6.2e-05
1785 6.2e-05
1800 6.2e-05
1815 6.2e-05
1830 6.2e-05
1845 6.2e-05
1860 6.2e-05
1875 6.2e-05
1890 6.2e-05
1905 6.2e-05
1920 6.2e-05
1935 6.2e-05
1950 6.2e-05
1965 6.2e-05
1980 6.2e-05
1995 6.2e-05
2010 6.2e-05
2025 6.2e-05
2040 6.2e-05
2055 6.2e-05
2070 6.2e-05
2085 6.2e-05
2100 6.2e-05
2115 6.2e-05
2130 6.2e-05
2145 6.2e-05
2160 6.2e-05
2175 6.2e-05
2190 6.2e-05
2205 6.2e-05
2220 6.2e-05
2235 6.2e-05
2250 6.2e-05
2265 6.2e-05
2280 6.2e-05
2295 6.2e-05
2310 6.2e-05
2325 6.2e-05
2340 6.2e-05
2355 6.2e-05
2370 6.2e-05
2385 6.2e-05
2400 6.2e-05
2415 6.2e-05
2430 6.2e-05
2445 6.2e-05
2460 6.2e-05
2475 6.4e-05
2490 6.4e-05
2505 6.6e-05
2520 6.6e-05
2535 6.8e-05
2550 6.8e-05
2565 6.8e-05
2580 6.8e-05
2595 6.8e-05
2610 7e-05
2625 7e-05
2640 7e-05
2655 7e-05
2670 7e-05
2685 7e-05
2700 7e-05
2715 7e-05
2730 7e-05
2745 7e-05
2760 7e-05
2775 7e-05
2790 7e-05
2805 7e-05
2820 7e-05
2835 7e-05
2850 7e-05
2865 7e-05
2880 7e-05
2895 7e-05
2910 7e-05
2925 7e-05
2940 7e-05
2955 7e-05
2970 7e-05
2985 7e-05
3000 7e-05
3015 7e-05
3030 7.4e-05
3045 7.4e-05
3060 7.4e-05
3075 7.4e-05
3090 7.4e-05
3105 7.4e-05
3120 7.4e-05
3135 7.4e-05
3150 7.4e-05
3165 7.4e-05
3180 7.4e-05
3195 7.4e-05
3210 7.4e-05
3225 7.4e-05
3240 7.4e-05
3255 7.4e-05
3270 7.4e-05
3285 7.4e-05
3300 7.4e-05
3315 7.4e-05
3330 7.4e-05
3345 7.6e-05
3360 7.6e-05
3375 7.6e-05
3390 7.6e-05
3405 7.6e-05
3420 7.6e-05
3435 7.6e-05
3450 7.8e-05
3465 7.8e-05
3480 7.8e-05
3495 7.8e-05
3510 7.8e-05
3525 7.8e-05
3540 8e-05
3555 8e-05
3570 8e-05
3585 8e-05
3600 8e-05
3615 8e-05
3630 8e-05
3645 8e-05
3660 8e-05
3675 8e-05
3690 8e-05
3705 8e-05
3720 8e-05
3735 8e-05
3750 8e-05
3765 8e-05
3780 8e-05
3795 8e-05
3810 8e-05
3825 8e-05
3840 8e-05
3855 8e-05
3870 8e-05
3885 8e-05
3900 8e-05
3915 8e-05
3930 8e-05
3945 8e-05
3960 8e-05
3975 8e-05
3990 8e-05
4005 8e-05
4020 8.2e-05
4035 8.2e-05
4050 8.2e-05
4065 8.2e-05
4080 8.2e-05
4095 8.2e-05
4110 8.2e-05
4125 8.2e-05
4140 8.2e-05
4155 8.2e-05
4170 8.2e-05
4185 8.2e-05
4200 8.2e-05
4215 8.2e-05
4230 8.2e-05
4245 8.4e-05
4260 8.4e-05
4275 8.4e-05
4290 8.4e-05
4305 8.4e-05
4320 8.4e-05
4335 8.6e-05
4350 8.6e-05
4365 8.6e-05
4380 8.6e-05
4395 8.6e-05
4410 8.6e-05
4425 8.6e-05
4440 8.6e-05
4455 8.6e-05
4470 8.6e-05
4485 8.6e-05
4500 8.6e-05
4515 8.6e-05
4530 8.6e-05
4545 8.6e-05
4560 8.6e-05
4575 8.6e-05
4590 8.6e-05
4605 8.6e-05
4620 8.6e-05
4635 8.6e-05
4650 8.6e-05
4665 8.6e-05
4680 8.6e-05
4695 8.6e-05
4710 8.6e-05
4725 8.6e-05
4740 8.6e-05
4755 8.6e-05
4770 8.6e-05
4785 8.6e-05
4800 8.6e-05
4815 8.6e-05
4830 8.6e-05
4845 8.6e-05
4860 8.6e-05
4875 8.6e-05
4890 8.6e-05
4905 8.6e-05
4920 8.6e-05
4935 8.6e-05
4950 8.8e-05
4965 8.8e-05
4980 8.8e-05
4995 9e-05
5010 9e-05
5025 9e-05
5040 9e-05
5055 9e-05
5070 9e-05
5085 9e-05
5100 9e-05
5115 9e-05
5130 9e-05
5145 9e-05
5160 9e-05
5175 9e-05
5190 9e-05
5205 9e-05
5220 9.2e-05
5235 9.2e-05
5250 9.2e-05
5265 9.6e-05
5280 9.6e-05
5295 9.6e-05
5310 9.6e-05
5325 9.8e-05
5340 9.8e-05
5355 9.8e-05
5370 9.8e-05
5385 9.8e-05
5400 9.8e-05
5415 9.8e-05
5430 9.8e-05
5445 9.8e-05
5460 9.8e-05
5475 9.8e-05
5490 9.8e-05
5505 9.8e-05
5520 9.8e-05
5535 9.8e-05
5550 9.8e-05
5565 9.8e-05
5580 9.8e-05
5595 9.8e-05
5610 9.8e-05
5625 9.8e-05
5640 9.8e-05
5655 9.8e-05
5670 9.8e-05
5685 9.8e-05
5700 9.8e-05
5715 9.8e-05
5730 9.8e-05
5745 9.8e-05
5760 9.8e-05
5775 9.8e-05
5790 9.8e-05
5805 0.0001
5820 0.000102
5835 0.000102
5850 0.000104
5865 0.000104
5880 0.000104
5895 0.000104
5910 0.000104
5925 0.000104
5940 0.000104
5955 0.000104
5970 0.000104
5985 0.000106
6000 0.000106
6015 0.000106
6030 0.000106
6045 0.000106
6060 0.000106
6075 0.000106
6090 0.000106
6105 0.000106
6120 0.000106
6135 0.000106
6150 0.000106
6165 0.000106
6180 0.000106
6195 0.000106
6210 0.000106
6225 0.000106
6240 0.000106
6255 0.000106
6270 0.000108
6285 0.000108
6300 0.000108
6315 0.000108
6330 0.000108
6345 0.000108
6360 0.000108
6375 0.00011
6390 0.00011
6405 0.00011
6420 0.00011
6435 0.00011
6450 0.00011
6465 0.00011
6480 0.00011
6495 0.00011
6510 0.000112
6525 0.000112
6540 0.000112
6555 0.000112
6570 0.000112
6585 0.000112
6600 0.000112
6615 0.000112
6630 0.000112
6645 0.000112
6660 0.000112
6675 0.000112
6690 0.000112
6705 0.000112
6720 0.000114
6735 0.000114
6750 0.000114
6765 0.000114
6780 0.000114
6795 0.000114
6810 0.000114
6825 0.000116
6840 0.000116
6855 0.000116
6870 0.000116
6885 0.000116
6900 0.000116
6915 0.000116
6930 0.000116
6945 0.000116
6960 0.000118
6975 0.000118
6990 0.000118
7005 0.000118
7020 0.000118
7035 0.000118
7050 0.000118
7065 0.000118
7080 0.000118
7095 0.000118
7110 0.000118
7125 0.000118
7140 0.000118
7155 0.000118
7170 0.00012
7185 0.00012
7200 0.00012
7215 0.00012
7230 0.00012
7245 0.000122
7260 0.000122
7275 0.000122
7290 0.000122
7305 0.000122
7320 0.000122
7335 0.000122
7350 0.000122
7365 0.000122
7380 0.000124
7395 0.000124
7410 0.000124
7425 0.000124
7440 0.000124
7455 0.000124
7470 0.000124
7485 0.000124
7500 0.000124
7515 0.000124
7530 0.000124
7545 0.000124
7560 0.000124
7575 0.000124
7590 0.000124
7605 0.000124
7620 0.000124
7635 0.000124
7650 0.000124
7665 0.000124
7680 0.000124
7695 0.000126
7710 0.000126
7725 0.000128
7740 0.000128
7755 0.000128
7770 0.000128
7785 0.000128
7800 0.000128
7815 0.000128
7830 0.000128
7845 0.000128
7860 0.000128
7875 0.000128
7890 0.000128
7905 0.000128
7920 0.000128
7935 0.000128
7950 0.000128
7965 0.000128
7980 0.000128
7995 0.000128
8010 0.000128
8025 0.000128
8040 0.000128
8055 0.000128
8070 0.000128
8085 0.000128
8100 0.000128
8115 0.000128
8130 0.000128
8145 0.000128
8160 0.000128
8175 0.000128
8190 0.000128
8205 0.000128
8220 0.000128
8235 0.000128
8250 0.000128
8265 0.000128
8280 0.000128
8295 0.000128
8310 0.000128
8325 0.000128
8340 0.000128
8355 0.000128
8370 0.000128
8385 0.00013
8400 0.00013
8415 0.000134
8430 0.000134
8445 0.000134
8460 0.000134
8475 0.000136
8490 0.000138
8505 0.000138
8520 0.000138
8535 0.000138
8550 0.000138
8565 0.000138
8580 0.000138
8595 0.000138
8610 0.000138
8625 0.000138
8640 0.000138
8655 0.000138
8670 0.00014
8685 0.00014
8700 0.00014
8715 0.00014
8730 0.00014
8745 0.00014
8760 0.00014
8775 0.00014
8790 0.00014
8805 0.000142
8820 0.000142
8835 0.000142
8850 0.000142
8865 0.000142
8880 0.000142
8895 0.000142
8910 0.000142
8925 0.000142
8940 0.000144
8955 0.000144
8970 0.000144
8985 0.000146
9000 0.000146
9015 0.000146
9030 0.000146
9045 0.000146
9060 0.000146
9075 0.000146
9090 0.000146
9105 0.000146
9120 0.000146
9135 0.000146
9150 0.000146
9165 0.000146
9180 0.000146
9195 0.000146
9210 0.000148
9225 0.000148
9240 0.000148
9255 0.000148
9270 0.000148
9285 0.000148
9300 0.000148
9315 0.00015
9330 0.00015
9345 0.000152
9360 0.000152
9375 0.000154
9390 0.000154
9405 0.000154
9420 0.000154
9435 0.000154
9450 0.000154
9465 0.000156
9480 0.000156
9495 0.000156
9510 0.000156
9525 0.000156
9540 0.000158
9555 0.00016
9570 0.00016
9585 0.00016
9600 0.000162
9615 0.000162
9630 0.000162
9645 0.000162
9660 0.000162
9675 0.000168
9690 0.000168
9705 0.000168
9720 0.00017
9735 0.00017
9750 0.00017
9765 0.00017
9780 0.00017
9795 0.00017
9810 0.000172
9825 0.000172
9840 0.000172
9855 0.000172
9870 0.000172
9885 0.000174
9900 0.000174
9915 0.000174
9930 0.000174
9945 0.000174
9960 0.000174
9975 0.000174
9990 0.000174
10005 0.000176
10020 0.000176
10035 0.000176
10050 0.000176
10065 0.000176
10080 0.000176
10095 0.000176
10110 0.000176
10125 0.000176
10140 0.000176
10155 0.000176
10170 0.000178
10185 0.000178
10200 0.000178
10215 0.000178
10230 0.000178
10245 0.000178
10260 0.000178
10275 0.000178
10290 0.000178
10305 0.000178
10320 0.000178
10335 0.000178
10350 0.00018
10365 0.00018
10380 0.00018
10395 0.00018
10410 0.00018
10425 0.00018
10440 0.00018
10455 0.00018
10470 0.00018
10485 0.00018
10500 0.00018
10515 0.00018
10530 0.00018
10545 0.00018
10560 0.00018
10575 0.00018
10590 0.00018
10605 0.00018
10620 0.00018
10635 0.00018
10650 0.00018
10665 0.000182
10680 0.000184
10695 0.000184
10710 0.000184
10725 0.000184
10740 0.000184
10755 0.000184
10770 0.000184
10785 0.000184
10800 0.000184
10815 0.000186
10830 0.000186
10845 0.000188
10860 0.000188
10875 0.000188
10890 0.000188
10905 0.000188
10920 0.000188
10935 0.000188
10950 0.000188
10965 0.000188
10980 0.000188
10995 0.00019
11010 0.00019
11025 0.000192
11040 0.000194
11055 0.000194
11070 0.000194
11085 0.000194
11100 0.000196
11115 0.000196
11130 0.000196
11145 0.000196
11160 0.000196
11175 0.000196
11190 0.000196
11205 0.000196
11220 0.000196
11235 0.000196
11250 0.000196
11265 0.000196
11280 0.000196
11295 0.000196
11310 0.000196
11325 0.0002
11340 0.0002
11355 0.0002
11370 0.0002
11385 0.000202
11400 0.000206
11415 0.000206
11430 0.000206
11445 0.000206
11460 0.000206
11475 0.000206
11490 0.000206
11505 0.000206
11520 0.000206
11535 0.000206
11550 0.000206
11565 0.000206
11580 0.000208
11595 0.00021
11610 0.00021
11625 0.00021
11640 0.00021
11655 0.00021
11670 0.00021
11685 0.00021
11700 0.00021
11715 0.00021
11730 0.00021
11745 0.00021
11760 0.00021
11775 0.00021
11790 0.00021
11805 0.00021
11820 0.00021
11835 0.00021
11850 0.00021
11865 0.00021
11880 0.00021
11895 0.00021
11910 0.000214
11925 0.000214
11940 0.000214
11955 0.000214
11970 0.000216
11985 0.000218
12000 0.000218
12015 0.000218
12030 0.000222
12045 0.000222
12060 0.000222
12075 0.000222
12090 0.000222
12105 0.000222
12120 0.000222
12135 0.000224
12150 0.000224
12165 0.000224
12180 0.000224
12195 0.000224
12210 0.000224
12225 0.000224
12240 0.000224
12255 0.000224
12270 0.000224
12285 0.000224
12300 0.000224
12315 0.000224
12330 0.000224
12345 0.000224
12360 0.000224
12375 0.000224
12390 0.00023
12405 0.00023
12420 0.00023
12435 0.00023
12450 0.00023
12465 0.000232
12480 0.000232
12495 0.000232
12510 0.000232
12525 0.000232
12540 0.000232
12555 0.000234
12570 0.000234
12585 0.000234
12600 0.000234
12615 0.000234
12630 0.000238
12645 0.000238
12660 0.000242
12675 0.000242
12690 0.000242
12705 0.000242
12720 0.000242
12735 0.000242
12750 0.000242
12765 0.000242
12780 0.000242
12795 0.000242
12810 0.000242
12825 0.000242
12840 0.000242
12855 0.000242
12870 0.000242
12885 0.000244
12900 0.000244
12915 0.000244
12930 0.000244
12945 0.000244
12960 0.000244
12975 0.000244
12990 0.000244
13005 0.000244
13020 0.000244
13035 0.000244
13050 0.000246
13065 0.000246
13080 0.000246
13095 0.000246
13110 0.000246
13125 0.000246
13140 0.000248
13155 0.000248
13170 0.000248
13185 0.000248
13200 0.000248
13215 0.000248
13230 0.000248
13245 0.000248
13260 0.000248
13275 0.000248
13290 0.000248
13305 0.000248
13320 0.000248
13335 0.000248
13350 0.000248
13365 0.000248
13380 0.000248
13395 0.000248
13410 0.000248
13425 0.000248
13440 0.000252
13455 0.000252
13470 0.000252
13485 0.000252
13500 0.000252
13515 0.000252
13530 0.000252
13545 0.000252
13560 0.000252
13575 0.000252
13590 0.000252
13605 0.000252
13620 0.000252
13635 0.000252
13650 0.000252
13665 0.000252
13680 0.000252
13695 0.000252
13710 0.000252
13725 0.000252
13740 0.000252
13755 0.000252
13770 0.000252
13785 0.000252
13800 0.000252
13815 0.000252
13830 0.000252
13845 0.000252
13860 0.000252
13875 0.000256
13890 0.000256
13905 0.000256
13920 0.00026
13935 0.00026
13950 0.00026
13965 0.00026
13980 0.00026
13995 0.00026
14010 0.00026
14025 0.00026
14040 0.00026
14055 0.00026
14070 0.00026
14085 0.00026
14100 0.000262
14115 0.000262
14130 0.000262
14145 0.000264
14160 0.000264
14175 0.000264
14190 0.000264
14205 0.000264
14220 0.000264
14235 0.000264
14250 0.000264
14265 0.000264
14280 0.000264
14295 0.000264
14310 0.000264
14325 0.00027
14340 0.00027
14355 0.00027
14370 0.00027
14385 0.00027
14400 0.00027
14415 0.00027
14430 0.00027
14445 0.00027
14460 0.00027
14475 0.000274
14490 0.000274
14505 0.000274
14520 0.000276
14535 0.000276
14550 0.000276
14565 0.000278
14580 0.00028
14595 0.00028
14610 0.00028
14625 0.00028
14640 0.00028
14655 0.00028
14670 0.00028
14685 0.00028
14700 0.000284
14715 0.000286
14730 0.000288
14745 0.000288
14760 0.000288
14775 0.000288
14790 0.000288
14805 0.000288
14820 0.000288
14835 0.000288
14850 0.000288
14865 0.000288
14880 0.000288
14895 0.000288
14910 0.000288
14925 0.000288
14940 0.000288
14955 0.000288
14970 0.000288
14985 0.000288
15000 0.000288
15015 0.00029
15030 0.00029
15045 0.000292
15060 0.000292
15075 0.000292
15090 0.000292
15105 0.000292
15120 0.000292
15135 0.000292
15150 0.000292
15165 0.000294
15180 0.000294
15195 0.000294
15210 0.000294
15225 0.000294
15240 0.000296
15255 0.000296
15270 0.000298
15285 0.000298
15300 0.0003
15315 0.0003
15330 0.0003
15345 0.0003
15360 0.0003
15375 0.0003
15390 0.0003
15405 0.0003
15420 0.0003
15435 0.0003
15450 0.0003
15465 0.0003
15480 0.000302
15495 0.000302
15510 0.000302
15525 0.000302
15540 0.000302
15555 0.000302
15570 0.000306
15585 0.000306
15600 0.000306
15615 0.000306
15630 0.000306
15645 0.000306
15660 0.000306
15675 0.000306
15690 0.000306
15705 0.000306
15720 0.000306
15735 0.00031
15750 0.00031
15765 0.00031
15780 0.00031
15795 0.00031
15810 0.00031
15825 0.00031
15840 0.00031
15855 0.000312
15870 0.000312
15885 0.000312
15900 0.000312
15915 0.000312
15930 0.000312
15945 0.000312
15960 0.000314
15975 0.000314
15990 0.000318
16005 0.000318
16020 0.000324
16035 0.000326
16050 0.000326
16065 0.000328
16080 0.000332
16095 0.000332
16110 0.000334
16125 0.000334
16140 0.000334
16155 0.000334
16170 0.000334
16185 0.000334
16200 0.000336
16215 0.000336
16230 0.000338
16245 0.00034
16260 0.00034
16275 0.00034
16290 0.00034
16305 0.00034
16320 0.00034
16335 0.00034
16350 0.00035
16365 0.00035
16380 0.00035
16395 0.00035
16410 0.00035
16425 0.000352
16440 0.000352
16455 0.000352
16470 0.000352
16485 0.000352
16500 0.000352
16515 0.000352
16530 0.000352
16545 0.000352
16560 0.000352
16575 0.000352
16590 0.000352
16605 0.000352
16620 0.000352
16635 0.000354
16650 0.000354
16665 0.000354
16680 0.000354
16695 0.000354
16710 0.000354
16725 0.000354
16740 0.000354
16755 0.000354
16770 0.000354
16785 0.000354
16800 0.000354
16815 0.000354
16830 0.000354
16845 0.000356
16860 0.000358
16875 0.00036
16890 0.00036
16905 0.000362
16920 0.000362
16935 0.000364
16950 0.000364
16965 0.000366
16980 0.000374
16995 0.000378
17010 0.000378
17025 0.000378
17040 0.000378
17055 0.000378
17070 0.000378
17085 0.000378
17100 0.000378
17115 0.000378
17130 0.000378
17145 0.000378
17160 0.000378
17175 0.000378
17190 0.00038
17205 0.00038
17220 0.00038
17235 0.00038
17250 0.00038
17265 0.000386
17280 0.000386
17295 0.000386
17310 0.000386
17325 0.000386
17340 0.000388
17355 0.000388
17370 0.000392
17385 0.000392
17400 0.000394
17415 0.000394
17430 0.000396
17445 0.000398
17460 0.000398
17475 0.000406
17490 0.000406
17505 0.000412
17520 0.000412
17535 0.000414
17550 0.000426
17565 0.000426
17580 0.000426
17595 0.000426
17610 0.000426
17625 0.000426
17640 0.000426
17655 0.000426
17670 0.000428
17685 0.000428
17700 0.000428
17715 0.000428
17730 0.00043
17745 0.00043
17760 0.000434
17775 0.000434
17790 0.000434
17805 0.000434
17820 0.000434
17835 0.000434
17850 0.000442
17865 0.000442
17880 0.000442
17895 0.000442
17910 0.000442
17925 0.000442
17940 0.000442
17955 0.000444
17970 0.000444
17985 0.00045
18000 0.00045
18015 0.00045
18030 0.00045
18045 0.00045
18060 0.00045
18075 0.00045
18090 0.00045
18105 0.00045
18120 0.000454
18135 0.000454
18150 0.000454
18165 0.000454
18180 0.000454
18195 0.000456
18210 0.000456
18225 0.000458
18240 0.000458
18255 0.000458
18270 0.000458
18285 0.000458
18300 0.00046
18315 0.00046
18330 0.00046
18345 0.000472
18360 0.000472
18375 0.000472
18390 0.000472
18405 0.000476
18420 0.000476
18435 0.000476
18450 0.000482
18465 0.000482
18480 0.000482
18495 0.000482
18510 0.000482
18525 0.000486
18540 0.000492
18555 0.000492
18570 0.000492
18585 0.000492
18600 0.000492
18615 0.0005
18630 0.0005
18645 0.0005
18660 0.000504
18675 0.000504
18690 0.000504
18705 0.000504
18720 0.000504
18735 0.000516
18750 0.000516
18765 0.000516
18780 0.000516
18795 0.000518
18810 0.000518
18825 0.000518
18840 0.000518
18855 0.000518
18870 0.000518
18885 0.000518
18900 0.000518
18915 0.000518
18930 0.000518
18945 0.000518
18960 0.000518
18975 0.000522
18990 0.000522
19005 0.000532
19020 0.000532
19035 0.000532
19050 0.000532
19065 0.000536
19080 0.000536
19095 0.000536
19110 0.000542
19125 0.000542
19140 0.00055
19155 0.00055
19170 0.00055
19185 0.00055
19200 0.00055
19215 0.00055
19230 0.00055
19245 0.000552
19260 0.000556
19275 0.000556
19290 0.000556
19305 0.000564
19320 0.000568
19335 0.000568
19350 0.000578
19365 0.00058
19380 0.000582
19395 0.000582
19410 0.000582
19425 0.000582
19440 0.000596
19455 0.000598
19470 0.0006
19485 0.0006
19500 0.0006
19515 0.0006
19530 0.0006
19545 0.0006
19560 0.0006
19575 0.0006
19590 0.0006
19605 0.000614
19620 0.000616
19635 0.000616
19650 0.000616
19665 0.000616
19680 0.000622
19695 0.000622
19710 0.000622
19725 0.000622
19740 0.000632
19755 0.000632
19770 0.00064
19785 0.000642
19800 0.000642
19815 0.000642
19830 0.000642
19845 0.000642
19860 0.000646
19875 0.000646
19890 0.000646
19905 0.000648
19920 0.000648
19935 0.000648
19950 0.000648
19965 0.000648
19980 0.00068
19995 0.00068
20010 0.000688
20025 0.00069
20040 0.00069
20055 0.00069
20070 0.00069
20085 0.00069
20100 0.00069
20115 0.00069
20130 0.00069
20145 0.000696
20160 0.000696
20175 0.000696
20190 0.000698
20205 0.000702
20220 0.000702
20235 0.000702
20250 0.000702
20265 0.000702
20280 0.000702
20295 0.000702
20310 0.000702
20325 0.000708
20340 0.000708
20355 0.000708
20370 0.000708
20385 0.000708
20400 0.000708
20415 0.00071
20430 0.000712
20445 0.000712
20460 0.000714
20475 0.000714
20490 0.000714
20505 0.000714
20520 0.000714
20535 0.000714
20550 0.000714
20565 0.000714
20580 0.00072
20595 0.00072
20610 0.00072
20625 0.000722
20640 0.000722
20655 0.000728
20670 0.000728
20685 0.000728
20700 0.00073
20715 0.00073
20730 0.00073
20745 0.00073
20760 0.00073
20775 0.00073
20790 0.00073
20805 0.00073
20820 0.00073
20835 0.00073
20850 0.000738
20865 0.000738
20880 0.000742
20895 0.000742
20910 0.000742
20925 0.000742
20940 0.000742
20955 0.000742
20970 0.000742
20985 0.000766
21000 0.000778
21015 0.000778
21030 0.000778
21045 0.000782
21060 0.000784
21075 0.000784
21090 0.000784
21105 0.000784
21120 0.000816
21135 0.000816
21150 0.000816
21165 0.000822
21180 0.000826
21195 0.00083
21210 0.00083
21225 0.000832
21240 0.000832
21255 0.000832
21270 0.000832
21285 0.000832
21300 0.000836
21315 0.000836
21330 0.000842
21345 0.000842
21360 0.000842
21375 0.000842
21390 0.000844
21405 0.000844
21420 0.000844
21435 0.000844
21450 0.000844
21465 0.000856
21480 0.000856
21495 0.00086
21510 0.000862
21525 0.000872
21540 0.000872
21555 0.000872
21570 0.000872
21585 0.000872
21600 0.000872
21615 0.000872
21630 0.000884
21645 0.000886
21660 0.00089
21675 0.00089
21690 0.00089
21705 0.0009
21720 0.0009
21735 0.0009
21750 0.0009
21765 0.0009
21780 0.0009
21795 0.000904
21810 0.000904
21825 0.000904
21840 0.000904
21855 0.000904
21870 0.000906
21885 0.000906
21900 0.000912
21915 0.000926
21930 0.000926
21945 0.000926
21960 0.000926
21975 0.000928
21990 0.000928
22005 0.000928
22020 0.000928
22035 0.00093
22050 0.00093
22065 0.00093
22080 0.000936
22095 0.000936
22110 0.000936
22125 0.000936
22140 0.000944
22155 0.00095
22170 0.00095
22185 0.00095
22200 0.00095
22215 0.000964
22230 0.000974
22245 0.000974
22260 0.00098
22275 0.00098
22290 0.00098
22305 0.00098
22320 0.00098
22335 0.000982
22350 0.000986
22365 0.000986
22380 0.000986
22395 0.000986
22410 0.000986
22425 0.000986
22440 0.000988
22455 0.000994
22470 0.001006
22485 0.001006
22500 0.001008
22515 0.001008
22530 0.001012
22545 0.001012
22560 0.001024
22575 0.001034
22590 0.001042
22605 0.001042
22620 0.001042
22635 0.001048
22650 0.001048
22665 0.001048
22680 0.001048
22695 0.001048
22710 0.00105
22725 0.00105
22740 0.00106
22755 0.001072
22770 0.001076
22785 0.001078
22800 0.001078
22815 0.001104
22830 0.001104
22845 0.001104
22860 0.001106
22875 0.001106
22890 0.001106
22905 0.001106
22920 0.001158
22935 0.001158
22950 0.001158
22965 0.001162
22980 0.001162
22995 0.001162
23010 0.001162
23025 0.001162
23040 0.001162
23055 0.001162
23070 0.00117
23085 0.00117
23100 0.00117
23115 0.00117
23130 0.00117
23145 0.00117
23160 0.00117
23175 0.00117
23190 0.001176
23205 0.001176
23220 0.001176
23235 0.001184
23250 0.00119
23265 0.001196
23280 0.001202
23295 0.001202
23310 0.001208
23325 0.001208
23340 0.001216
23355 0.001236
23370 0.001238
23385 0.00124
23400 0.001242
23415 0.001242
23430 0.001246
23445 0.001246
23460 0.00125
23475 0.00125
23490 0.00125
23505 0.001252
23520 0.001252
23535 0.001254
23550 0.00131
23565 0.00132
23580 0.001326
23595 0.001326
23610 0.00133
23625 0.001352
23640 0.001352
23655 0.001352
23670 0.001354
23685 0.001354
23700 0.001356
23715 0.001358
23730 0.001374
23745 0.001374
23760 0.001374
23775 0.001374
23790 0.001376
23805 0.001376
23820 0.001376
23835 0.001376
23850 0.001382
23865 0.001382
23880 0.001382
23895 0.001382
23910 0.001394
23925 0.001394
23940 0.001396
23955 0.001396
23970 0.001404
23985 0.001408
24000 0.001418
24015 0.001424
24030 0.001448
24045 0.001462
24060 0.00149
24075 0.00149
24090 0.00149
24105 0.00149
24120 0.00149
24135 0.001492
24150 0.001492
24165 0.001502
24180 0.001502
24195 0.001502
24210 0.001512
24225 0.001514
24240 0.001514
24255 0.001518
24270 0.001528
24285 0.001572
24300 0.001574
24315 0.001574
24330 0.001582
24345 0.001604
24360 0.001604
24375 0.001604
24390 0.001604
24405 0.001624
24420 0.001628
24435 0.001628
24450 0.001628
24465 0.001628
24480 0.001628
24495 0.00163
24510 0.001632
24525 0.001632
24540 0.001632
24555 0.001632
24570 0.001634
24585 0.001638
24600 0.001638
24615 0.001638
24630 0.001638
24645 0.001638
24660 0.001638
24675 0.001638
24690 0.00164
24705 0.001654
24720 0.001654
24735 0.001654
24750 0.001654
24765 0.001656
24780 0.001656
24795 0.00166
24810 0.00167
24825 0.00167
24840 0.00167
24855 0.00167
24870 0.001724
24885 0.001724
24900 0.001724
24915 0.001724
24930 0.001724
24945 0.001728
24960 0.001738
24975 0.001738
24990 0.001742
25005 0.001758
25020 0.001768
25035 0.001768
25050 0.001772
25065 0.001786
25080 0.001788
25095 0.001792
25110 0.001804
25125 0.001832
25140 0.001936
25155 0.001962
25170 0.001962
25185 0.001962
25200 0.001968
25215 0.001968
25230 0.001976
25245 0.001978
25260 0.00198
25275 0.00202
25290 0.002022
25305 0.002022
25320 0.002022
25335 0.002038
25350 0.00206
25365 0.002074
25380 0.002076
25395 0.002076
25410 0.00208
25425 0.00208
25440 0.002106
25455 0.002106
25470 0.002106
25485 0.00211
25500 0.00211
25515 0.00211
25530 0.00211
25545 0.00211
25560 0.002138
25575 0.00214
25590 0.00214
25605 0.002192
25620 0.002192
25635 0.002222
25650 0.002222
25665 0.002222
25680 0.002224
25695 0.002224
25710 0.002226
25725 0.002314
25740 0.002322
25755 0.002322
25770 0.002382
25785 0.002388
25800 0.002416
25815 0.002416
25830 0.002416
25845 0.002426
25860 0.002426
25875 0.002426
25890 0.002426
25905 0.002494
25920 0.002502
25935 0.002532
25950 0.002532
25965 0.002546
25980 0.002552
25995 0.00256
26010 0.002624
26025 0.002634
26040 0.00266
26055 0.002738
26070 0.00274
26085 0.00274
26100 0.002752
26115 0.00276
26130 0.00276
26145 0.00276
26160 0.00276
26175 0.00276
26190 0.00276
26205 0.002816
26220 0.002874
26235 0.002874
26250 0.002874
26265 0.002884
26280 0.002892
26295 0.00295
26310 0.002958
26325 0.002958
26340 0.002958
26355 0.002998
26370 0.002998
26385 0.003006
26400 0.003044
26415 0.003046
26430 0.003136
26445 0.003194
26460 0.003194
26475 0.003194
26490 0.0032
26505 0.003216
26520 0.003216
26535 0.003102
26550 0.003136
26565 0.003198
26580 0.003198
26595 0.00338
26610 0.00339
26625 0.003698
26640 0.003714
26655 0.003726
26670 0.003762
26685 0.003776
26700 0.003784
26715 0.003852
26730 0.003984
26745 0.003986
26760 0.003986
26775 0.00431
26790 0.004334
26805 0.004344
26820 0.004348
26835 0.00436
26850 0.004368
26865 0.004452
26880 0.004452
26895 0.00446
26910 0.004514
26925 0.004514
26940 0.004514
26955 0.004514
26970 0.004514
26985 0.004514
27000 0.004612
27015 0.004626
27030 0.004656
27045 0.004656
27060 0.004676
27075 0.00468
27090 0.004692
27105 0.00472
27120 0.00473
27135 0.004848
27150 0.004864
27165 0.004864
27180 0.004864
27195 0.004864
27210 0.004866
27225 0.004866
27240 0.005118
27255 0.005122
27270 0.005124
27285 0.00513
27300 0.005134
27315 0.005152
27330 0.005158
27345 0.005158
27360 0.005166
27375 0.005166
27390 0.005202
27405 0.005318
27420 0.005318
27435 0.005354
27450 0.005042
27465 0.00505
27480 0.005088
27495 0.005128
27510 0.004814
27525 0.004858
27540 0.004862
27555 0.004862
27570 0.004864
27585 0.004918
27600 0.004918
27615 0.004942
27630 0.004978
27645 0.00523
27660 0.005256
27675 0.005278
27690 0.005296
27705 0.005316
27720 0.005376
27735 0.005384
27750 0.005408
27765 0.005434
27780 0.005456
27795 0.005456
27810 0.005498
27825 0.005556
27840 0.005646
27855 0.005664
27870 0.00568
27885 0.005758
27900 0.005758
27915 0.005758
27930 0.005782
27945 0.005796
27960 0.005816
27975 0.005928
27990 0.005954
28005 0.005954
28020 0.005954
28035 0.005954
28050 0.005976
28065 0.005982
28080 0.006002
28095 0.006002
28110 0.00612
28125 0.006124
28140 0.00613
28155 0.006138
28170 0.006342
28185 0.006356
28200 0.006358
28215 0.00636
28230 0.00636
28245 0.006362
28260 0.006584
28275 0.00675
28290 0.006756
28305 0.006788
28320 0.006808
28335 0.006808
28350 0.007082
28365 0.007104
28380 0.007044
28395 0.00706
28410 0.006492
28425 0.006492
28440 0.006496
28455 0.00651
28470 0.00651
28485 0.00651
28500 0.006514
28515 0.006516
28530 0.00652
28545 0.006522
28560 0.006584
28575 0.006586
28590 0.00671
28605 0.006722
28620 0.006782
28635 0.006786
28650 0.006828
28665 0.00717
28680 0.007212
28695 0.007282
28710 0.007296
28725 0.007302
28740 0.00731
28755 0.007318
28770 0.006852
28785 0.00689
28800 0.006964
28815 0.006964
28830 0.007106
28845 0.007194
28860 0.007428
28875 0.007432
28890 0.007688
28905 0.007746
28920 0.007896
28935 0.0079
28950 0.007902
28965 0.007934
28980 0.007956
28995 0.008136
29010 0.008006
29025 0.008484
29040 0.008516
29055 0.008538
29070 0.008528
29085 0.00853
29100 0.008794
29115 0.009002
29130 0.00912
29145 0.009672
29160 0.00878
29175 0.009084
29190 0.009152
29205 0.009212
29220 0.009538
29235 0.009646
29250 0.009658
29265 0.009688
29280 0.00977
29295 0.009802
29310 0.009814
29325 0.009848
29340 0.009856
29355 0.009868
29370 0.010032
29385 0.01005
29400 0.010058
29415 0.010062
29430 0.01018
29445 0.010236
29460 0.010278
29475 0.010384
29490 0.010396
29505 0.010464
29520 0.010574
29535 0.010588
29550 0.010596
29565 0.011162
29580 0.011176
29595 0.012466
29610 0.012696
29625 0.012698
29640 0.012794
29655 0.013358
29670 0.013358
29685 0.01405
29700 0.014152
29715 0.014416
29730 0.014704
29745 0.014704
29760 0.014788
29775 0.015162
29790 0.015704
29805 0.014726
29820 0.01511
29835 0.016024
29850 0.016352
29865 0.016456
29880 0.01589
29895 0.01648
29910 0.01654
29925 0.016564
29940 0.016574
29955 0.016586
29970 0.016656
29985 0.0167
30000 0.016802
30015 0.01662
30030 0.016638
30045 0.013006
30060 0.01307
30075 0.013074
30090 0.013084
30105 0.013114
30120 0.013216
30135 0.013224
30150 0.013232
30165 0.0133
30180 0.013362
30195 0.013202
30210 0.01331
30225 0.01337
30240 0.013436
30255 0.013444
30270 0.013484
30285 0.01363
30300 0.012724
30315 0.012766
30330 0.012768
30345 0.012704
30360 0.012916
30375 0.012948
30390 0.013512
30405 0.013716
30420 0.013754
30435 0.010624
30450 0.010626
30465 0.010716
30480 0.01075
30495 0.010766
30510 0.010788
30525 0.010936
30540 0.01127
30555 0.011398
30570 0.011402
30585 0.011446
30600 0.011456
30615 0.011618
30630 0.011492
30645 0.011492
30660 0.01153
30675 0.011458
30690 0.009394
30705 0.00941
30720 0.009414
30735 0.009494
30750 0.009506
30765 0.00955
30780 0.009626
30795 0.007524
30810 0.00767
30825 0.00767
30840 0.00767
30855 0.006712
30870 0.006728
30885 0.00673
30900 0.006782
30915 0.006796
30930 0.007024
30945 0.006538
30960 0.006828
30975 0.006962
30990 0.006972
31005 0.006982
31020 0.006374
31035 0.006374
31050 0.006384
31065 0.00631
31080 0.006144
31095 0.006144
31110 0.006146
31125 0.00615
31140 0.006152
31155 0.00619
31170 0.00626
31185 0.006482
31200 0.006486
31215 0.006498
31230 0.006498
31245 0.006498
31260 0.006526
31275 0.006576
31290 0.006616
31305 0.006618
31320 0.006698
31335 0.006698
31350 0.006844
31365 0.006848
31380 0.006852
31395 0.006866
31410 0.006904
31425 0.006904
31440 0.006946
31455 0.00622
31470 0.006398
31485 0.005904
31500 0.00593
31515 0.005974
31530 0.00598
31545 0.00598
31560 0.005224
31575 0.00506
31590 0.005078
31605 0.005094
31620 0.005106
31635 0.005106
31650 0.00516
31665 0.005204
31680 0.005198
31695 0.0052
31710 0.005218
31725 0.005292
31740 0.005292
31755 0.004786
31770 0.004792
31785 0.004792
31800 0.004836
31815 0.00461
31830 0.004656
31845 0.004656
31860 0.004656
31875 0.004656
31890 0.004658
31905 0.00468
31920 0.004252
31935 0.004252
31950 0.004288
31965 0.004292
31980 0.004298
31995 0.00432
32010 0.00441
32025 0.004414
32040 0.004394
32055 0.004216
32070 0.00422
32085 0.00424
32100 0.004276
32115 0.004316
32130 0.004316
32145 0.004318
32160 0.004388
32175 0.003954
32190 0.003982
32205 0.003982
32220 0.003982
32235 0.003982
32250 0.003936
32265 0.003936
32280 0.003936
32295 0.003942
32310 0.003942
32325 0.003944
32340 0.00397
32355 0.003974
32370 0.00392
32385 0.003928
32400 0.003928
32415 0.003936
32430 0.003992
32445 0.003992
32460 0.003992
32475 0.004064
32490 0.00406
32505 0.004046
32520 0.004026
32535 0.004026
32550 0.004026
32565 0.004032
32580 0.004034
32595 0.004038
32610 0.00406
32625 0.00406
32640 0.004068
32655 0.00407
32670 0.00407
32685 0.00407
32700 0.00405
32715 0.00389
32730 0.003866
32745 0.004002
32760 0.004008
32775 0.003804
32790 0.003812
32805 0.003632
32820 0.003634
32835 0.003634
32850 0.003634
32865 0.003636
32880 0.003008
32895 0.003024
32910 0.002902
32925 0.002928
32940 0.002928
32955 0.002938
32970 0.002946
32985 0.002948
33000 0.003
33015 0.002932
33030 0.002862
33045 0.00289
33060 0.00289
33075 0.002892
33090 0.002896
33105 0.002866
33120 0.002866
33135 0.002812
33150 0.002812
33165 0.002822
33180 0.002822
33195 0.002832
33210 0.002832
33225 0.002726
33240 0.002272
33255 0.002294
33270 0.002294
33285 0.002298
33300 0.002298
33315 0.002298
33330 0.002306
33345 0.002306
33360 0.002306
33375 0.002308
33390 0.002308
33405 0.002336
33420 0.002234
33435 0.002236
33450 0.002216
33465 0.002216
33480 0.002238
33495 0.002238
33510 0.002238
33525 0.002246
33540 0.002246
33555 0.0022
33570 0.002214
33585 0.002214
33600 0.002216
33615 0.002204
33630 0.002206
33645 0.002206
33660 0.002206
33675 0.002364
33690 0.002364
33705 0.002364
33720 0.002364
33735 0.002364
33750 0.002368
33765 0.002368
33780 0.002368
33795 0.002368
33810 0.00237
33825 0.002076
33840 0.002076
33855 0.002076
33870 0.002084
33885 0.001874
33900 0.001874
33915 0.00185
33930 0.00185
33945 0.00185
33960 0.001832
33975 0.001832
33990 0.001832
34005 0.00184
34020 0.001842
34035 0.001842
34050 0.00175
34065 0.00175
34080 0.00175
34095 0.001762
34110 0.001766
34125 0.001766
34140 0.001766
34155 0.001726
34170 0.001742
34185 0.001742
34200 0.001744
34215 0.001746
34230 0.001752
34245 0.001752
34260 0.001712
34275 0.001714
34290 0.001832
34305 0.001872
34320 0.00188
34335 0.00188
34350 0.001892
34365 0.001892
34380 0.001906
34395 0.001906
34410 0.001906
34425 0.001906
34440 0.001906
34455 0.001906
34470 0.00193
34485 0.00193
34500 0.001938
34515 0.00194
34530 0.001942
34545 0.001942
34560 0.001962
34575 0.00197
34590 0.00192
34605 0.00192
34620 0.00192
34635 0.001886
34650 0.00189
34665 0.001898
34680 0.001898
34695 0.001898
34710 0.001898
34725 0.00194
34740 0.00194
34755 0.00194
34770 0.001954
34785 0.001954
34800 0.001776
34815 0.001802
34830 0.001754
34845 0.001754
34860 0.001754
34875 0.001782
34890 0.001782
34905 0.001784
34920 0.001784
34935 0.001756
34950 0.001756
34965 0.00172
34980 0.00172
34995 0.001716
35010 0.001716
35025 0.001716
35040 0.001716
35055 0.001716
35070 0.001642
35085 0.001628
35100 0.001642
35115 0.001642
35130 0.001642
35145 0.001642
35160 0.001642
35175 0.001642
35190 0.001644
35205 0.001644
35220 0.001676
35235 0.001676
35250 0.001676
35265 0.001676
35280 0.001682
35295 0.001658
35310 0.001662
35325 0.001662
35340 0.001668
35355 0.001668
35370 0.001602
35385 0.001602
35400 0.00162
35415 0.001596
35430 0.001596
35445 0.001596
35460 0.001596
35475 0.001596
35490 0.001596
35505 0.001596
35520 0.001596
35535 0.001596
35550 0.001596
35565 0.001588
35580 0.001588
35595 0.001588
35610 0.001588
35625 0.001588
35640 0.00173
35655 0.00173
35670 0.00173
35685 0.00173
35700 0.00173
35715 0.001736
35730 0.001736
35745 0.001736
35760 0.001738
35775 0.001738
35790 0.00174
35805 0.00174
35820 0.00174
35835 0.001602
35850 0.001602
35865 0.001604
35880 0.001604
35895 0.001606
35910 0.001606
35925 0.001606
35940 0.001606
35955 0.001606
35970 0.001606
35985 0.00161
36000 0.00161
36015 0.001598
36030 0.001598
36045 0.001604
36060 0.001608
36075 0.001608
36090 0.001608
36105 0.001608
36120 0.001528
36135 0.001468
36150 0.001468
36165 0.001472
36180 0.001442
36195 0.001442
36210 0.001442
36225 0.00144
36240 0.001438
36255 0.001438
36270 0.001424
36285 0.001424
36300 0.001424
36315 0.001452
36330 0.001342
36345 0.001318
36360 0.001208
36375 0.001208
36390 0.001208
36405 0.001164
36420 0.001166
36435 0.001124
36450 0.001124
36465 0.001104
36480 0.001104
36495 0.001104
36510 0.001104
36525 0.001104
36540 0.00111
36555 0.00111
36570 0.001132
36585 0.001142
36600 0.001156
36615 0.001156
36630 0.001156
36645 0.001168
36660 0.001168
36675 0.001168
36690 0.001168
36705 0.001158
36720 0.001158
36735 0.001158
36750 0.001158
36765 0.001158
36780 0.00116
36795 0.00116
36810 0.001164
36825 0.00116
36840 0.00116
36855 0.00116
36870 0.00116
36885 0.001156
36900 0.001156
36915 0.001146
36930 0.001146
36945 0.001146
36960 0.001146
36975 0.001146
36990 0.001146
37005 0.001146
37020 0.001146
37035 0.001146
37050 0.001146
37065 0.001112
37080 0.001112
37095 0.001108
37110 0.001082
37125 0.001082
37140 0.001098
37155 0.001098
37170 0.001098
37185 0.001098
37200 0.001024
37215 0.001024
37230 0.001024
37245 0.001024
37260 0.001024
37275 0.001024
37290 0.001024
37305 0.001024
37320 0.001024
37335 0.001016
37350 0.001002
37365 0.001002
37380 0.001002
37395 0.001004
37410 0.001008
37425 0.001008
37440 0.001012
37455 0.001012
37470 0.001012
37485 0.000936
37500 0.000936
37515 0.000936
37530 0.000936
37545 0.000936
37560 0.000932
37575 0.000934
37590 0.000934
37605 0.000934
37620 0.000934
37635 0.000934
37650 0.000936
37665 0.000936
37680 0.000936
37695 0.000958
37710 0.00096
37725 0.00096
37740 0.000938
37755 0.000938
37770 0.000938
37785 0.000938
37800 0.000938
37815 0.000938
37830 0.000938
37845 0.000938
37860 0.000914
37875 0.000914
37890 0.000914
37905 0.000916
37920 0.000906
37935 0.000906
37950 0.000872
37965 0.000872
37980 0.000876
37995 0.000876
38010 0.000876
38025 0.000876
38040 0.000876
38055 0.000876
38070 0.000876
38085 0.000876
38100 0.000878
38115 0.000878
38130 0.000878
38145 0.000858
38160 0.000858
38175 0.000858
38190 0.000858
38205 0.000858
38220 0.000858
38235 0.000866
38250 0.000866
38265 0.000866
38280 0.000868
38295 0.000868
38310 0.000868
38325 0.000868
38340 0.000868
38355 0.000868
38370 0.000868
38385 0.000868
38400 0.000868
38415 0.000868
38430 0.00087
38445 0.00087
38460 0.00087
38475 0.00087
38490 0.00087
38505 0.00087
38520 0.00088
38535 0.00086
38550 0.00086
38565 0.00086
38580 0.00086
38595 0.00086
38610 0.000842
38625 0.000842
38640 0.000842
38655 0.000844
38670 0.00082
38685 0.00082
38700 0.00082
38715 0.00082
38730 0.000814
38745 0.000806
38760 0.000806
38775 0.000806
38790 0.000806
38805 0.000824
38820 0.000844
38835 0.000844
38850 0.000844
38865 0.000844
38880 0.000844
38895 0.000844
38910 0.000844
38925 0.000844
38940 0.000844
38955 0.000844
38970 0.000844
38985 0.000844
39000 0.000844
39015 0.000844
39030 0.000828
39045 0.000836
39060 0.000836
39075 0.00084
39090 0.00084
39105 0.00084
39120 0.00084
39135 0.00084
39150 0.00084
39165 0.00084
39180 0.00084
39195 0.00084
39210 0.00084
39225 0.00084
39240 0.000844
39255 0.000846
39270 0.000846
39285 0.000846
39300 0.000846
39315 0.000846
39330 0.000846
39345 0.000832
39360 0.000836
39375 0.000836
39390 0.000834
39405 0.000834
39420 0.000834
39435 0.000834
39450 0.00083
39465 0.00083
39480 0.00083
39495 0.00083
39510 0.00083
39525 0.00083
39540 0.00083
39555 0.00083
39570 0.00083
39585 0.00083
39600 0.000832
39615 0.000832
39630 0.000832
39645 0.000832
39660 0.000832
39675 0.000832
39690 0.000832
39705 0.000832
39720 0.000832
39735 0.000832
39750 0.000832
39765 0.000832
39780 0.000832
39795 0.000832
39810 0.000832
39825 0.000832
39840 0.00084
39855 0.000842
39870 0.000844
39885 0.000844
39900 0.000844
39915 0.000844
39930 0.000844
39945 0.000844
39960 0.000844
39975 0.000816
39990 0.00077
40005 0.00077
40020 0.000754
40035 0.000754
40050 0.000754
40065 0.000754
40080 0.000754
40095 0.000754
40110 0.000754
40125 0.000754
40140 0.000754
40155 0.000726
40170 0.000726
40185 0.000718
40200 0.000718
40215 0.000726
40230 0.000726
40245 0.000726
40260 0.000726
40275 0.000726
40290 0.000726
40305 0.000726
40320 0.000726
40335 0.000726
40350 0.000726
40365 0.000726
40380 0.000726
40395 0.000726
40410 0.000726
40425 0.000726
40440 0.000726
40455 0.000726
40470 0.000726
40485 0.000726
40500 0.000726
40515 0.000726
40530 0.000726
40545 0.000726
40560 0.000734
40575 0.000734
40590 0.000734
40605 0.000734
40620 0.000734
40635 0.000734
40650 0.000734
40665 0.000734
40680 0.000734
40695 0.000734
40710 0.000738
40725 0.000738
40740 0.000738
40755 0.000738
40770 0.000738
40785 0.000738
40800 0.000738
40815 0.00073
40830 0.00073
40845 0.00073
40860 0.00073
40875 0.000714
40890 0.000714
40905 0.000694
40920 0.000694
40935 0.000698
40950 0.000706
40965 0.000706
40980 0.000706
40995 0.00071
41010 0.00071
41025 0.000702
41040 0.000702
41055 0.000702
41070 0.000702
41085 0.000702
41100 0.000702
41115 0.000704
41130 0.000704
41145 0.000704
41160 0.000704
41175 0.000704
41190 0.000704
41205 0.000704
41220 0.000704
41235 0.000632
41250 0.000634
41265 0.000634
41280 0.000634
41295 0.000634
41310 0.000634
41325 0.000634
41340 0.000634
41355 0.000634
41370 0.000634
41385 0.000618
41400 0.000618
41415 0.000618
41430 0.000618
41445 0.000618
41460 0.000618
41475 0.000618
41490 0.000618
41505 0.000618
41520 0.000618
41535 0.00061
41550 0.00061
41565 0.00061
41580 0.00061
41595 0.000608
41610 0.00061
41625 0.000588
41640 0.000588
41655 0.000588
41670 0.000588
41685 0.00059
41700 0.00059
41715 0.00059
41730 0.000582
41745 0.000582
41760 0.000582
41775 0.000582
41790 0.000582
41805 0.000582
41820 0.000582
41835 0.000582
41850 0.000582
41865 0.000582
41880 0.000586
41895 0.000586
41910 0.000586
41925 0.000586
41940 0.000586
41955 0.000586
41970 0.000586
41985 0.000586
42000 0.000586
42015 0.000586
42030 0.000586
42045 0.000586
42060 0.000586
42075 0.000586
42090 0.000586
42105 0.000588
42120 0.000582
42135 0.000596
42150 0.000606
42165 0.00061
42180 0.00061
42195 0.00061
42210 0.00061
42225 0.00061
42240 0.000612
42255 0.000612
42270 0.000612
42285 0.000612
42300 0.000612
42315 0.000576
42330 0.000576
42345 0.000576
42360 0.000576
42375 0.000576
42390 0.000578
42405 0.000578
42420 0.000578
42435 0.000578
42450 0.000578
42465 0.000578
42480 0.000578
42495 0.000578
42510 0.000578
42525 0.000578
42540 0.000578
42555 0.000578
42570 0.000578
42585 0.000578
42600 0.000578
42615 0.000578
42630 0.000578
42645 0.000578
42660 0.000578
42675 0.000578
42690 0.000566
42705 0.000572
42720 0.000572
42735 0.000572
42750 0.000572
42765 0.000562
42780 0.000562
42795 0.000554
42810 0.000554
42825 0.000554
42840 0.000554
42855 0.000554
42870 0.000554
42885 0.000554
42900 0.000552
42915 0.000552
42930 0.000552
42945 0.000548
42960 0.000548
42975 0.00055
42990 0.00055
43005 0.000536
43020 0.000536
43035 0.000532
43050 0.000532
43065 0.000532
43080 0.000532
43095 0.000532
43110 0.000532
43125 0.000532
43140 0.000532
43155 0.000532
43170 0.000528
43185 0.000514
43200 0.000514
43215 0.000514
43230 0.000514
43245 0.000514
43260 0.000514
43275 0.000514
43290 0.000516
43305 0.000516
43320 0.000516
43335 0.000516
43350 0.000516
43365 0.000516
43380 0.000514
43395 0.000506
43410 0.000502
43425 0.000502
43440 0.000502
43455 0.000502
43470 0.000502
43485 0.000502
43500 0.000502
43515 0.000502
43530 0.000502
43545 0.000502
43560 0.000502
43575 0.000502
43590 0.000502
43605 0.000498
43620 0.000496
43635 0.000496
43650 0.000496
43665 0.000496
43680 0.000496
43695 0.000506
43710 0.000506
43725 0.00051
43740 0.00051
43755 0.000506
43770 0.000506
43785 0.000506
43800 0.000506
43815 0.000506
43830 0.000506
43845 0.000506
43860 0.000506
43875 0.000508
43890 0.000508
43905 0.000508
43920 0.000508
43935 0.000508
43950 0.000532
43965 0.000532
43980 0.000532
43995 0.000532
44010 0.000532
44025 0.000532
44040 0.000532
44055 0.000532
44070 0.000494
44085 0.0005
44100 0.0005
44115 0.0005
44130 0.0005
44145 0.0005
44160 0.0005
44175 0.0005
44190 0.0005
44205 0.0005
44220 0.0005
44235 0.000502
44250 0.000502
44265 0.000502
44280 0.000478
44295 0.000478
44310 0.000478
44325 0.000478
44340 0.000478
44355 0.000478
44370 0.000478
44385 0.000472
44400 0.000474
44415 0.000474
44430 0.000474
44445 0.000474
44460 0.000476
44475 0.000476
44490 0.000476
44505 0.000476
44520 0.000476
44535 0.000476
44550 0.000476
44565 0.000468
44580 0.000468
44595 0.000468
44610 0.000468
44625 0.00047
44640 0.00047
44655 0.00047
44670 0.00047
44685 0.00047
44700 0.00047
44715 0.00047
44730 0.00047
44745 0.00047
44760 0.00047
44775 0.00047
44790 0.00047
44805 0.00047
44820 0.00047
44835 0.00047
44850 0.00047
44865 0.00047
44880 0.00047
44895 0.00047
44910 0.00047
44925 0.00047
44940 0.00047
44955 0.00047
44970 0.00047
44985 0.00047
45000 0.00047
45015 0.00047
45030 0.00047
45045 0.00047
45060 0.00047
45075 0.00047
45090 0.00047
45105 0.00047
45120 0.00047
45135 0.00047
45150 0.00047
45165 0.00047
45180 0.00047
45195 0.00047
45210 0.00047
45225 0.000462
45240 0.000462
45255 0.000462
45270 0.000462
45285 0.000462
45300 0.000462
45315 0.000468
45330 0.000468
45345 0.000468
45360 0.000468
45375 0.000468
45390 0.000468
45405 0.000462
45420 0.000456
45435 0.000456
45450 0.000456
45465 0.000456
45480 0.000456
45495 0.000456
45510 0.000456
45525 0.000456
45540 0.000448
45555 0.000448
45570 0.000448
45585 0.000448
45600 0.000448
45615 0.000454
45630 0.000454
45645 0.000454
45660 0.000454
45675 0.000454
45690 0.000454
45705 0.000432
45720 0.000432
45735 0.000432
45750 0.000432
45765 0.000432
45780 0.000432
45795 0.000432
45810 0.000432
45825 0.000432
45840 0.000426
45855 0.000426
45870 0.000426
45885 0.000426
45900 0.000428
45915 0.000406
45930 0.000406
45945 0.000406
45960 0.000406
45975 0.000406
45990 0.0004
46005 0.000402
46020 0.000402
46035 0.000402
46050 0.000406
46065 0.000406
46080 0.000406
46095 0.000406
46110 0.000406
46125 0.000406
46140 0.000406
46155 0.000402
46170 0.000402
46185 0.000402
46200 0.000384
46215 0.000384
46230 0.000384
46245 0.000384
46260 0.000384
46275 0.000384
46290 0.000384
46305 0.000384
46320 0.000384
46335 0.000388
46350 0.000388
46365 0.000384
46380 0.000384
46395 0.000384
46410 0.000384
46425 0.000384
46440 0.000384
46455 0.000384
46470 0.000384
46485 0.000384
46500 0.000384
46515 0.000384
46530 0.000384
46545 0.000384
46560 0.000384
46575 0.000384
46590 0.000384
46605 0.000384
46620 0.000384
46635 0.000384
46650 0.000384
46665 0.000384
46680 0.000384
46695 0.000384
46710 0.000386
46725 0.00038
46740 0.00038
46755 0.00038
46770 0.00038
46785 0.00038
46800 0.00038
46815 0.000382
46830 0.000382
46845 0.000382
46860 0.000382
46875 0.000382
46890 0.000382
46905 0.000388
46920 0.000388
46935 0.000388
46950 0.000388
46965 0.000388
46980 0.000388
46995 0.000388
47010 0.000388
47025 0.000388
47040 0.000388
47055 0.000388
47070 0.000388
47085 0.0004
47100 0.0004
47115 0.0004
47130 0.0004
47145 0.0004
47160 0.0004
47175 0.000412
47190 0.000412
47205 0.000412
47220 0.000412
47235 0.000412
47250 0.000412
47265 0.0004
47280 0.000404
47295 0.000404
47310 0.000404
47325 0.000404
47340 0.000404
47355 0.000404
47370 0.000404
47385 0.0004
47400 0.0004
47415 0.0004
47430 0.0004
47445 0.0004
47460 0.0004
47475 0.0004
47490 0.0004
47505 0.0004
47520 0.0004
47535 0.0004
47550 0.0004
47565 0.0004
47580 0.0004
47595 0.0004
47610 0.0004
47625 0.0004
47640 0.0004
47655 0.0004
47670 0.000384
47685 0.000384
47700 0.000384
47715 0.000384
47730 0.000384
47745 0.000384
47760 0.000384
47775 0.000384
47790 0.000384
47805 0.000384
47820 0.000384
47835 0.000384
47850 0.000384
47865 0.000386
47880 0.000386
47895 0.000386
47910 0.000386
47925 0.000386
47940 0.000386
47955 0.000386
47970 0.000386
47985 0.000386
48000 0.000386
48015 0.000386
48030 0.000386
48045 0.000386
48060 0.000386
48075 0.000386
48090 0.000386
48105 0.000386
48120 0.000386
48135 0.000386
48150 0.000386
48165 0.000386
48180 0.000386
48195 0.000386
48210 0.000386
48225 0.000386
48240 0.000386
48255 0.000386
48270 0.000386
48285 0.000386
48300 0.000386
48315 0.000386
48330 0.000386
48345 0.000386
48360 0.000386
48375 0.000386
48390 0.000386
48405 0.000386
48420 0.000386
48435 0.000386
48450 0.000386
48465 0.000388
48480 0.000388
48495 0.000388
48510 0.000388
48525 0.000388
48540 0.000388
48555 0.000388
48570 0.000388
48585 0.000388
48600 0.000388
48615 0.000388
48630 0.000382
48645 0.000374
48660 0.00037
48675 0.00037
48690 0.00037
48705 0.00037
48720 0.00037
48735 0.00037
48750 0.00037
48765 0.00037
48780 0.00037
48795 0.00037
48810 0.00037
48825 0.00037
48840 0.00037
48855 0.00037
48870 0.00037
48885 0.00037
48900 0.000368
48915 0.000364
48930 0.000364
48945 0.000364
48960 0.00037
48975 0.00037
48990 0.00037
49005 0.000374
49020 0.000374
49035 0.000374
49050 0.000374
49065 0.000374
49080 0.000374
49095 0.000372
49110 0.000372
49125 0.000372
49140 0.000372
49155 0.000372
49170 0.000372
49185 0.000372
49200 0.000372
49215 0.000372
49230 0.000372
49245 0.000372
49260 0.000374
49275 0.000374
49290 0.000374
49305 0.000374
49320 0.000374
49335 0.000374
49350 0.000374
49365 0.000374
49380 0.00037
49395 0.00037
49410 0.00037
49425 0.00037
49440 0.000368
49455 0.000368
49470 0.000368
49485 0.000368
49500 0.000368
49515 0.000368
49530 0.000368
49545 0.000368
49560 0.000368
49575 0.000368
49590 0.000368
49605 0.000368
49620 0.000368
49635 0.00036
49650 0.00036
49665 0.00036
49680 0.00036
49695 0.00036
49710 0.00036
49725 0.00036
49740 0.00036
49755 0.000358
49770 0.000358
49785 0.00036
49800 0.00036
49815 0.00036
49830 0.00036
49845 0.00036
49860 0.00036
49875 0.00036
49890 0.000332
49905 0.000332
49920 0.000332
49935 0.000332
49950 0.000332
49965 0.000332
49980 0.000332
49995 0.000332
50010 0.000332
50025 0.000332
50040 0.000332
50055 0.000332
50070 0.000332
50085 0.000332
50100 0.000332
50115 0.000332
50130 0.00033
50145 0.00033
50160 0.000328
50175 0.000328
50190 0.000328
50205 0.000328
50220 0.000328
50235 0.000328
50250 0.000328
50265 0.000328
50280 0.000328
50295 0.000328
50310 0.000328
50325 0.000328
50340 0.000328
50355 0.000328
50370 0.000328
50385 0.000328
50400 0.000328
50415 0.000328
50430 0.000328
50445 0.000328
50460 0.000328
50475 0.000328
50490 0.000328
50505 0.000328
50520 0.000328
50535 0.000328
50550 0.000328
50565 0.000328
50580 0.000328
50595 0.000328
50610 0.000328
50625 0.000328
50640 0.000328
50655 0.000328
50670 0.000328
50685 0.000328
50700 0.000328
50715 0.000328
50730 0.000328
50745 0.000328
50760 0.000328
50775 0.000328
50790 0.000328
50805 0.000328
50820 0.000328
50835 0.000328
50850 0.000328
50865 0.000328
50880 0.000328
50895 0.000328
50910 0.000328
50925 0.000328
50940 0.000328
50955 0.000328
50970 0.000328
50985 0.000328
51000 0.000328
51015 0.000328
51030 0.000334
51045 0.000334
51060 0.000334
51075 0.000334
51090 0.000334
51105 0.000334
51120 0.000334
51135 0.000334
51150 0.000334
51165 0.000334
51180 0.000318
51195 0.000318
51210 0.000318
51225 0.000318
51240 0.000318
51255 0.000318
51270 0.000318
51285 0.000318
51300 0.000318
51315 0.000318
51330 0.000318
51345 0.000318
51360 0.000318
51375 0.000318
51390 0.000318
51405 0.000318
51420 0.000318
51435 0.000318
51450 0.000318
51465 0.000318
51480 0.000294
51495 0.000294
51510 0.000294
51525 0.000294
51540 0.000294
51555 0.000294
51570 0.000294
51585 0.000294
51600 0.000294
51615 0.000294
51630 0.000294
51645 0.000294
51660 0.000294
51675 0.000294
51690 0.000294
51705 0.000294
51720 0.000284
51735 0.000284
51750 0.000284
51765 0.000284
51780 0.000284
51795 0.000284
51810 0.000284
51825 0.000284
51840 0.000284
51855 0.000284
51870 0.000284
51885 0.000284
51900 0.000284
51915 0.000286
51930 0.000286
51945 0.000286
51960 0.000286
51975 0.000286
51990 0.000286
52005 0.000286
52020 0.000286
52035 0.000286
52050 0.000286
52065 0.00028
52080 0.00028
52095 0.00028
52110 0.00028
52125 0.00028
52140 0.00028
52155 0.000288
52170 0.000288
52185 0.000288
52200 0.000288
52215 0.000288
52230 0.000288
52245 0.000288
52260 0.000288
52275 0.000288
52290 0.000288
52305 0.000288
52320 0.000288
52335 0.000288
52350 0.000288
52365 0.000288
52380 0.000288
52395 0.000288
52410 0.000288
52425 0.000288
52440 0.000288
52455 0.000292
52470 0.000292
52485 0.000292
52500 0.000292
52515 0.000292
52530 0.000292
52545 0.000292
52560 0.000292
52575 0.000292
52590 0.000292
52605 0.000292
52620 0.000292
52635 0.000292
52650 0.000296
52665 0.000296
52680 0.000296
52695 0.000302
52710 0.000302
52725 0.000302
52740 0.000292
52755 0.000292
52770 0.000292
52785 0.000292
52800 0.000292
52815 0.000292
52830 0.000292
52845 0.000292
52860 0.000292
52875 0.000292
52890 0.000292
52905 0.000292
52920 0.000292
52935 0.000292
52950 0.000292
52965 0.000292
52980 0.000292
52995 0.000292
53010 0.000292
53025 0.000292
53040 0.000292
53055 0.000292
53070 0.000292
53085 0.000292
53100 0.000292
53115 0.000292
53130 0.000292
53145 0.000292
53160 0.000292
53175 0.000292
53190 0.000292
53205 0.000292
53220 0.000292
53235 0.000292
53250 0.000292
53265 0.000292
53280 0.000292
53295 0.000292
53310 0.000292
53325 0.000292
53340 0.000292
53355 0.000292
53370 0.000292
53385 0.000292
53400 0.000292
53415 0.000292
53430 0.000292
53445 0.000292
53460 0.000292
53475 0.000292
53490 0.000292
53505 0.000292
53520 0.000292
53535 0.000292
53550 0.000292
53565 0.000292
53580 0.000292
53595 0.000292
53610 0.000292
53625 0.000292
53640 0.000292
53655 0.000292
53670 0.000292
53685 0.000292
53700 0.000292
53715 0.000292
53730 0.000286
53745 0.000286
53760 0.000286
53775 0.000286
53790 0.000286
53805 0.000286
53820 0.000286
53835 0.000286
53850 0.000286
53865 0.000286
53880 0.000286
53895 0.000286
53910 0.000286
53925 0.000286
53940 0.000286
53955 0.000286
53970 0.000286
53985 0.000286
54000 0.000286
54015 0.000286
54030 0.000286
54045 0.000286
54060 0.000286
54075 0.000286
54090 0.000286
54105 0.000286
54120 0.000286
54135 0.000286
54150 0.000286
54165 0.000286
54180 0.000286
54195 0.000286
54210 0.000286
54225 0.000286
54240 0.000286
54255 0.000286
54270 0.000286
54285 0.000286
54300 0.000286
54315 0.000286
54330 0.000286
54345 0.000286
54360 0.000286
54375 0.000286
54390 0.000286
54405 0.000286
54420 0.000286
54435 0.000286
54450 0.000286
54465 0.000286
54480 0.000286
54495 0.000284
54510 0.000284
54525 0.000284
54540 0.000284
54555 0.000284
54570 0.000284
54585 0.000284
54600 0.000284
54615 0.000284
54630 0.000284
54645 0.000284
54660 0.000284
54675 0.000284
54690 0.000284
54705 0.000284
54720 0.000284
54735 0.000284
54750 0.000284
54765 0.000284
54780 0.000284
54795 0.000284
54810 0.000284
54825 0.000284
54840 0.000284
54855 0.000284
54870 0.000284
54885 0.000284
54900 0.000284
54915 0.000284
54930 0.000284
54945 0.000284
54960 0.000284
54975 0.000284
54990 0.000284
55005 0.000284
55020 0.000284
55035 0.000284
55050 0.000284
55065 0.000284
55080 0.000284
55095 0.000284
55110 0.000282
55125 0.000282
55140 0.000282
55155 0.000282
55170 0.000282
55185 0.000282
55200 0.00028
55215 0.00028
55230 0.00026
55245 0.00026
55260 0.00026
55275 0.00026
55290 0.00026
55305 0.00026
55320 0.00026
55335 0.00026
55350 0.00026
55365 0.00026
55380 0.00026
55395 0.00026
55410 0.00026
55425 0.00026
55440 0.00026
55455 0.00026
55470 0.00026
55485 0.00026
55500 0.00026
55515 0.00026
55530 0.00026
55545 0.00026
55560 0.00026
55575 0.00026
55590 0.00026
55605 0.00026
55620 0.00026
55635 0.00026
55650 0.00026
55665 0.00026
55680 0.00026
55695 0.00026
55710 0.00026
55725 0.00026
55740 0.00026
55755 0.00026
55770 0.00026
55785 0.00026
55800 0.00026
55815 0.00026
55830 0.00026
55845 0.00026
55860 0.000246
55875 0.000246
55890 0.000246
55905 0.000244
55920 0.000244
55935 0.000244
55950 0.000244
55965 0.000244
55980 0.000244
55995 0.000248
56010 0.000248
56025 0.000248
56040 0.000244
56055 0.000244
56070 0.000244
56085 0.000244
56100 0.000244
56115 0.000244
56130 0.000244
56145 0.000244
56160 0.000244
56175 0.000244
56190 0.000244
56205 0.000244
56220 0.000244
56235 0.000244
56250 0.000244
56265 0.000244
56280 0.000244
56295 0.000244
56310 0.000244
56325 0.000244
56340 0.000244
56355 0.000244
56370 0.000232
56385 0.000232
56400 0.000232
56415 0.000232
56430 0.000232
56445 0.000226
56460 0.000226
56475 0.000226
56490 0.000226
56505 0.000226
56520 0.000226
56535 0.000226
56550 0.000226
56565 0.000226
56580 0.000226
56595 0.000226
56610 0.000226
56625 0.000226
56640 0.000226
56655 0.000226
56670 0.000226
56685 0.000226
56700 0.000226
56715 0.000224
56730 0.000222
56745 0.000222
56760 0.000222
56775 0.000222
56790 0.000222
56805 0.000222
56820 0.000222
56835 0.000222
56850 0.000222
56865 0.000222
56880 0.000222
56895 0.000222
56910 0.000222
56925 0.000222
56940 0.000222
56955 0.000222
56970 0.0002
56985 0.0002
57000 0.0002
57015 0.0002
57030 0.0002
57045 0.0002
57060 0.0002
57075 0.0002
57090 0.0002
57105 0.0002
57120 0.0002
57135 0.0002
57150 0.0002
57165 0.0002
57180 0.0002
57195 0.0002
57210 0.0002
57225 0.0002
57240 0.0002
57255 0.000202
57270 0.000202
57285 0.000202
57300 0.000202
57315 0.000202
57330 0.000202
57345 0.000202
57360 0.000202
57375 0.000202
57390 0.000202
57405 0.000202
57420 0.000202
57435 0.000202
57450 0.000202
57465 0.000202
57480 0.000202
57495 0.000202
57510 0.000202
57525 0.000202
57540 0.000202
57555 0.000202
57570 0.000202
57585 0.000202
57600 0.000202
57615 0.000202
57630 0.000202
57645 0.000198
57660 0.000198
57675 0.000198
57690 0.000198
57705 0.000198
57720 0.000198
57735 0.000198
57750 0.000198
57765 0.000198
57780 0.000198
57795 0.000198
57810 0.000198
57825 0.000196
57840 0.000196
57855 0.000196
57870 0.000196
57885 0.000196
57900 0.000196
57915 0.000196
57930 0.000196
57945 0.000196
57960 0.000196
57975 0.000196
57990 0.000196
58005 0.000196
58020 0.000196
58035 0.000196
58050 0.000196
58065 0.000198
58080 0.000198
58095 0.000198
58110 0.000198
58125 0.000198
58140 0.000198
58155 0.000198
58170 0.000198
58185 0.000198
58200 0.000198
58215 0.000198
58230 0.000198
58245 0.000198
58260 0.000198
58275 0.000198
58290 0.000198
58305 0.000198
58320 0.000198
58335 0.000198
58350 0.000198
58365 0.000198
58380 0.000198
58395 0.000198
58410 0.000198
58425 0.000198
58440 0.000198
58455 0.000198
58470 0.000198
58485 0.000198
58500 0.000198
58515 0.000198
58530 0.000198
58545 0.000198
58560 0.000198
58575 0.000198
58590 0.000198
58605 0.000198
58620 0.000198
58635 0.000198
58650 0.000198
58665 0.000198
58680 0.000198
58695 0.000198
58710 0.000198
58725 0.000198
58740 0.000198
58755 0.000198
58770 0.000198
58785 0.000198
58800 0.000198
58815 0.000198
58830 0.000198
58845 0.000198
58860 0.000196
58875 0.000196
58890 0.000196
58905 0.000196
58920 0.000196
58935 0.000196
58950 0.000198
58965 0.000198
58980 0.000198
58995 0.000198
59010 0.000198
59025 0.000198
59040 0.000198
59055 0.000198
59070 0.000198
59085 0.000198
59100 0.000198
59115 0.000192
59130 0.000192
59145 0.000192
59160 0.000192
59175 0.000192
59190 0.000192
59205 0.000192
59220 0.000192
59235 0.000192
59250 0.000192
59265 0.000192
59280 0.000192
59295 0.000192
59310 0.000192
59325 0.000192
59340 0.000192
59355 0.000192
59370 0.000192
59385 0.000192
59400 0.000184
59415 0.000184
59430 0.000184
59445 0.000184
59460 0.000184
59475 0.000184
59490 0.000184
59505 0.000184
59520 0.000184
59535 0.000184
59550 0.000184
59565 0.000184
59580 0.000184
59595 0.000184
59610 0.000184
59625 0.000184
59640 0.000184
59655 0.000184
59670 0.000184
59685 0.000184
59700 0.000184
59715 0.000184
59730 0.000184
59745 0.000184
59760 0.000184
59775 0.000184
59790 0.000184
59805 0.000184
59820 0.000184
59835 0.000184
59850 0.000184
59865 0.000184
59880 0.000184
59895 0.000184
59910 0.000184
59925 0.000184
59940 0.000184
59955 0.000184
59970 0.000184
59985 0.000184
60000 0.000184
60015 0.000184
60030 0.000184
60045 0.000184
60060 0.000184
60075 0.000184
60090 0.000184
60105 0.000184
60120 0.000184
60135 0.000184
60150 0.000184
60165 0.000184
60180 0.000184
60195 0.000184
60210 0.000184
60225 0.000184
60240 0.000184
60255 0.000184
60270 0.000184
60285 0.000184
60300 0.000184
60315 0.000184
60330 0.000184
60345 0.000184
60360 0.000184
60375 0.000184
60390 0.000184
60405 0.000184
60420 0.00018
60435 0.00018
60450 0.00018
60465 0.00018
60480 0.00018
60495 0.00018
60510 0.00018
60525 0.00018
60540 0.00018
60555 0.00018
60570 0.00018
60585 0.00018
60600 0.00018
60615 0.00018
60630 0.00018
60645 0.00018
60660 0.00018
60675 0.00018
60690 0.00018
60705 0.00018
60720 0.00018
60735 0.00018
60750 0.00018
60765 0.00018
60780 0.00018
60795 0.00018
60810 0.00018
60825 0.00018
60840 0.00018
60855 0.00018
60870 0.00018
60885 0.00018
60900 0.00018
60915 0.00018
60930 0.00018
60945 0.00018
60960 0.00018
60975 0.00018
60990 0.00018
61005 0.00018
61020 0.00018
61035 0.00018
61050 0.00018
61065 0.00018
61080 0.00018
61095 0.00018
61110 0.00018
61125 0.00018
61140 0.00018
61155 0.00018
61170 0.00018
61185 0.00018
61200 0.00018
61215 0.00018
61230 0.00018
61245 0.00018
61260 0.00018
61275 0.000166
61290 0.000166
61305 0.000166
61320 0.000166
61335 0.000166
61350 0.000166
61365 0.000166
61380 0.000166
61395 0.000166
61410 0.000166
61425 0.000166
61440 0.000166
61455 0.000166
61470 0.000166
61485 0.000166
61500 0.000166
61515 0.000166
61530 0.000166
61545 0.000166
61560 0.000166
61575 0.000166
61590 0.000164
61605 0.000164
61620 0.000164
61635 0.000164
61650 0.000164
61665 0.000164
61680 0.000164
61695 0.000164
61710 0.000164
61725 0.000164
61740 0.000164
61755 0.000164
61770 0.000164
61785 0.000164
61800 0.000164
61815 0.000164
61830 0.000164
61845 0.000164
61860 0.000164
61875 0.000164
61890 0.000164
61905 0.000164
61920 0.000164
61935 0.000164
61950 0.000164
61965 0.000164
61980 0.000164
61995 0.000164
62010 0.000172
62025 0.000172
62040 0.000172
62055 0.000172
62070 0.000172
62085 0.000172
62100 0.000172
62115 0.000172
62130 0.000172
62145 0.000172
62160 0.000172
62175 0.000172
62190 0.000172
62205 0.000172
62220 0.000172
62235 0.000172
62250 0.000172
62265 0.000172
62280 0.000172
62295 0.000172
62310 0.000172
62325 0.000174
62340 0.000174
62355 0.000174
62370 0.000174
62385 0.000174
62400 0.000174
62415 0.000174
62430 0.000174
62445 0.000174
62460 0.000174
62475 0.000174
62490 0.000174
62505 0.000174
62520 0.000174
62535 0.000174
62550 0.000174
62565 0.000174
62580 0.000174
62595 0.000174
62610 0.000174
62625 0.000174
62640 0.000174
62655 0.000174
62670 0.000174
62685 0.000174
62700 0.000174
62715 0.000174
62730 0.000174
62745 0.000174
62760 0.000174
62775 0.000174
62790 0.000174
62805 0.000176
62820 0.000176
62835 0.000176
62850 0.000176
62865 0.000176
62880 0.000172
62895 0.000168
62910 0.000168
62925 0.000168
62940 0.00017
62955 0.00017
62970 0.00017
62985 0.00017
63000 0.00017
63015 0.00017
63030 0.00017
63045 0.00017
63060 0.00017
63075 0.00017
63090 0.00017
63105 0.00017
63120 0.00017
63135 0.00017
63150 0.00017
63165 0.00017
63180 0.00017
63195 0.00017
63210 0.00017
63225 0.00017
63240 0.00017
63255 0.00017
63270 0.00017
63285 0.00017
63300 0.00017
63315 0.00017
63330 0.00017
63345 0.00017
63360 0.00017
63375 0.00017
63390 0.00017
63405 0.00017
63420 0.00017
63435 0.00017
63450 0.00017
63465 0.00017
63480 0.000168
63495 0.000168
63510 0.000168
63525 0.000168
63540 0.000168
63555 0.000168
63570 0.000168
63585 0.000168
63600 0.000168
63615 0.000168
63630 0.000168
63645 0.000168
63660 0.000168
63675 0.000168
63690 0.000168
63705 0.000168
63720 0.000168
63735 0.000168
63750 0.000168
63765 0.000168
63780 0.000168
63795 0.000168
63810 0.000168
63825 0.000168
63840 0.000168
63855 0.000168
63870 0.000168
63885 0.000168
63900 0.000166
63915 0.000166
63930 0.000166
63945 0.000166
63960 0.000166
63975 0.000166
63990 0.000166
64005 0.000166
64020 0.000166
64035 0.000166
64050 0.000166
64065 0.000166
64080 0.000166
64095 0.000166
64110 0.000166
64125 0.000166
64140 0.000166
64155 0.000166
64170 0.000166
64185 0.000166
64200 0.000166
64215 0.000166
64230 0.000166
64245 0.000166
64260 0.000168
64275 0.000168
64290 0.000168
64305 0.000168
64320 0.000168
64335 0.000168
64350 0.000168
64365 0.000168
64380 0.000168
64395 0.000168
64410 0.000168
64425 0.000168
64440 0.000162
64455 0.000162
64470 0.000162
64485 0.000162
64500 0.000162
64515 0.000162
64530 0.000162
64545 0.000162
64560 0.000162
64575 0.000162
64590 0.000162
64605 0.000162
64620 0.000162
64635 0.000162
64650 0.000162
64665 0.000162
64680 0.000162
64695 0.000162
64710 0.000162
64725 0.000162
64740 0.000162
64755 0.000162
64770 0.000162
64785 0.000162
64800 0.000162
64815 0.000162
64830 0.000162
64845 0.000162
64860 0.000162
64875 0.000162
64890 0.000162
64905 0.00016
64920 0.00016
64935 0.00016
64950 0.00016
64965 0.00016
64980 0.00016
64995 0.00016
65010 0.00016
65025 0.00016
65040 0.00016
65055 0.00016
65070 0.00016
65085 0.00016
65100 0.00016
65115 0.00016
65130 0.00016
65145 0.00016
65160 0.00016
65175 0.00016
65190 0.00016
65205 0.00016
65220 0.00016
65235 0.00016
65250 0.00016
65265 0.00016
65280 0.00016
65295 0.00016
65310 0.00016
65325 0.00016
65340 0.00016
65355 0.00016
65370 0.00016
65385 0.00016
65400 0.00016
65415 0.00016
65430 0.00016
65445 0.00016
65460 0.00016
65475 0.00016
65490 0.00016
65505 0.00016
65520 0.00016
65535 0.00016
65550 0.00016
65565 0.00016
65580 0.00016
65595 0.00016
65610 0.00016
65625 0.00016
65640 0.00016
65655 0.00016
65670 0.00016
65685 0.00016
65700 0.00016
65715 0.00016
65730 0.00016
65745 0.00016
65760 0.00016
65775 0.00016
65790 0.00016
65805 0.00016
65820 0.00015
65835 0.00015
65850 0.00015
65865 0.00015
65880 0.00015
65895 0.00015
65910 0.00015
65925 0.00015
65940 0.00015
65955 0.00015
65970 0.00015
65985 0.00015
66000 0.00015
66015 0.00015
66030 0.00015
66045 0.00015
66060 0.00015
66075 0.00015
66090 0.00015
66105 0.00015
66120 0.00015
66135 0.00015
66150 0.00015
66165 0.00015
66180 0.00015
66195 0.000146
66210 0.000146
66225 0.000146
66240 0.000144
66255 0.000144
66270 0.000144
66285 0.000144
66300 0.000144
66315 0.000144
66330 0.000144
66345 0.000144
66360 0.000144
66375 0.000144
66390 0.000144
66405 0.000144
66420 0.000144
66435 0.000144
66450 0.000144
66465 0.000144
66480 0.000144
66495 0.000144
66510 0.000144
66525 0.000144
66540 0.000144
66555 0.000144
66570 0.000144
66585 0.000144
66600 0.000144
66615 0.000144
66630 0.000144
66645 0.000144
66660 0.000136
66675 0.000136
66690 0.000136
66705 0.000136
66720 0.000136
66735 0.000136
66750 0.000136
66765 0.000136
66780 0.000136
66795 0.000136
66810 0.000136
66825 0.000136
66840 0.000136
66855 0.000136
66870 0.000136
66885 0.000136
66900 0.000136
66915 0.000136
66930 0.000136
66945 0.000136
66960 0.000136
66975 0.000136
66990 0.000136
67005 0.000136
67020 0.000136
67035 0.000136
67050 0.000136
67065 0.000136
67080 0.000136
67095 0.000134
67110 0.000132
67125 0.000132
67140 0.000132
67155 0.000132
67170 0.000132
67185 0.000132
67200 0.000132
67215 0.000132
67230 0.000132
67245 0.000132
67260 0.000132
67275 0.000132
67290 0.000132
67305 0.000132
67320 0.000132
67335 0.000132
67350 0.000132
67365 0.000132
67380 0.000132
67395 0.000132
67410 0.00013
67425 0.00013
67440 0.00013
67455 0.00013
67470 0.00013
67485 0.00013
67500 0.00013
67515 0.00013
67530 0.00013
67545 0.00013
67560 0.00013
67575 0.00013
67590 0.00013
67605 0.00013
67620 0.00013
67635 0.00013
67650 0.00013
67665 0.00013
67680 0.00013
67695 0.00013
67710 0.00013
67725 0.00013
67740 0.00013
67755 0.00013
67770 0.00013
67785 0.00013
67800 0.00013
67815 0.00013
67830 0.00013
67845 0.00013
67860 0.00013
67875 0.00013
67890 0.00013
67905 0.00013
67920 0.00013
67935 0.00013
67950 0.00013
67965 0.00013
67980 0.00013
67995 0.00013
68010 0.00013
68025 0.00013
68040 0.00013
68055 0.00013
68070 0.00013
68085 0.00013
68100 0.00013
68115 0.00013
68130 0.00013
68145 0.00013
68160 0.00013
68175 0.00013
68190 0.00013
68205 0.00013
68220 0.00013
68235 0.00013
68250 0.00013
68265 0.00013
68280 0.00013
68295 0.00013
68310 0.00013
68325 0.00013
68340 0.00013
68355 0.00013
68370 0.00013
68385 0.00013
68400 0.000126
68415 0.000126
68430 0.000126
68445 0.000126
68460 0.000126
68475 0.000126
68490 0.000126
68505 0.000126
68520 0.000126
68535 0.000126
68550 0.000126
68565 0.000126
68580 0.000126
68595 0.000126
68610 0.000126
68625 0.000126
68640 0.000126
68655 0.000126
68670 0.000126
68685 0.000126
68700 0.000126
68715 0.000124
68730 0.000124
68745 0.000124
68760 0.000124
68775 0.000124
68790 0.000124
68805 0.000124
68820 0.000124
68835 0.000124
68850 0.000124
68865 0.000124
68880 0.000124
68895 0.000124
68910 0.000124
68925 0.000124
68940 0.000124
68955 0.000124
68970 0.000124
68985 0.000122
69000 0.000122
69015 0.000122
69030 0.000122
69045 0.000122
69060 0.000122
69075 0.000122
69090 0.000122
69105 0.000122
69120 0.000122
69135 0.000122
69150 0.000122
69165 0.000122
69180 0.000122
69195 0.000122
69210 0.000122
69225 0.000122
69240 0.000122
69255 0.000122
69270 0.000122
69285 0.000122
69300 0.000122
69315 0.000122
69330 0.000122
69345 0.000122
69360 0.000122
69375 0.000122
69390 0.000122
69405 0.000122
69420 0.000122
69435 0.000122
69450 0.000122
69465 0.000122
69480 0.000122
69495 0.000122
69510 0.000122
69525 0.000122
69540 0.000122
69555 0.000122
69570 0.000122
69585 0.000122
69600 0.000122
69615 0.000122
69630 0.000122
69645 0.000122
69660 0.000122
69675 0.000122
69690 0.000122
69705 0.000122
69720 0.000122
69735 0.000122
69750 0.000122
69765 0.000122
69780 0.000122
69795 0.000122
69810 0.000122
69825 0.000122
69840 0.000122
69855 0.000122
69870 0.000122
69885 0.000122
69900 0.000122
69915 0.000122
69930 0.000122
69945 0.000122
69960 0.000122
69975 0.000122
69990 0.000122
70005 0.000122
70020 0.000122
70035 0.000122
70050 0.000122
70065 0.000122
70080 0.000122
70095 0.000122
70110 0.000122
70125 0.000122
70140 0.000122
70155 0.000122
70170 0.000122
70185 0.000122
70200 0.000122
70215 0.000122
70230 0.000122
70245 0.000122
70260 0.000122
70275 0.000122
70290 0.000122
70305 0.000122
70320 0.000122
70335 0.000122
70350 0.000122
70365 0.000122
70380 0.000122
70395 0.000122
70410 0.000122
70425 0.000122
70440 0.000122
70455 0.000122
70470 0.000122
70485 0.000122
70500 0.000122
70515 0.000122
70530 0.000122
70545 0.000122
70560 0.000122
70575 0.000122
70590 0.000122
70605 0.000122
70620 0.000122
70635 0.000122
70650 0.000122
70665 0.000122
70680 0.000122
70695 0.000122
70710 0.000122
70725 0.000122
70740 0.000122
70755 0.000122
70770 0.000122
70785 0.000122
70800 0.000122
70815 0.000122
70830 0.000122
70845 0.000122
70860 0.000122
70875 0.000122
70890 0.000122
70905 0.000122
70920 0.000122
70935 0.000122
70950 0.000122
70965 0.000122
70980 0.000122
70995 0.000122
71010 0.000116
71025 0.000116
71040 0.000116
71055 0.000116
71070 0.000116
71085 0.000116
71100 0.000116
71115 0.000118
71130 0.000118
71145 0.000118
71160 0.000118
71175 0.000118
71190 0.000118
71205 0.000118
71220 0.000118
71235 0.000118
71250 0.000118
71265 0.000118
71280 0.000118
71295 0.000118
71310 0.000118
71325 0.000118
71340 0.000118
71355 0.000118
71370 0.000118
71385 0.000118
71400 0.000118
71415 0.000118
71430 0.000118
71445 0.000118
71460 0.000118
71475 0.000118
71490 0.000118
71505 0.000118
71520 0.000118
71535 0.000118
71550 0.000118
71565 0.000118
71580 0.000118
71595 0.000118
71610 0.000118
71625 0.000118
71640 0.000118
71655 0.000118
71670 0.000118
71685 0.000118
71700 0.000118
71715 0.000118
71730 0.000118
71745 0.000118
71760 0.000118
71775 0.000118
71790 0.000118
71805 0.000118
71820 0.000118
71835 0.000118
71850 0.000118
71865 0.000118
71880 0.000118
71895 0.000118
71910 0.000118
71925 0.000118
71940 0.000118
71955 0.000118
71970 0.000118
71985 0.000118
72000 0.000118
72015 0.000116
72030 0.000116
72045 0.000116
72060 0.000116
72075 0.000116
72090 0.000116
72105 0.000116
72120 0.000116
72135 0.000116
72150 0.000116
72165 0.000116
72180 0.000116
72195 0.000116
72210 0.000116
72225 0.000116
72240 0.000116
72255 0.000116
72270 0.000116
72285 0.000116
72300 0.000116
72315 0.000116
72330 0.000116
72345 0.000116
72360 0.000116
72375 0.000116
72390 0.000116
72405 0.000116
72420 0.000116
72435 0.000116
72450 0.000116
72465 0.000116
72480 0.000116
72495 0.000116
72510 0.000116
72525 0.000116
72540 0.000116
72555 0.000116
72570 0.000116
72585 0.000116
72600 0.000116
72615 0.000116
72630 0.000116
72645 0.000116
72660 0.000116
72675 0.000116
72690 0.000116
72705 0.000116
72720 0.000116
72735 0.000116
72750 0.000116
72765 0.000116
72780 0.000116
72795 0.000116
72810 0.000116
72825 0.000116
72840 0.000116
72855 0.000116
72870 0.000116
72885 0.000104
72900 0.000104
72915 0.000104
72930 0.000104
72945 0.000104
72960 0.000104
72975 0.000104
72990 0.000104
73005 0.000104
73020 0.000104
73035 0.000104
73050 0.000104
73065 0.000104
73080 0.000104
73095 0.000104
73110 0.000104
73125 0.000104
73140 0.000104
73155 0.000104
73170 0.000104
73185 0.000104
73200 0.000104
73215 0.000104
73230 0.000104
73245 0.000104
73260 0.000104
73275 0.000104
73290 0.000104
73305 0.000104
73320 0.000104
73335 0.000104
73350 0.000104
73365 0.000104
73380 0.000104
73395 0.000104
73410 0.000104
73425 0.000104
73440 0.000104
73455 0.000104
73470 0.000104
73485 0.000104
73500 0.000104
73515 0.000104
73530 0.000104
73545 0.000104
73560 0.000104
73575 0.000104
73590 0.000104
73605 0.000104
73620 0.000104
73635 0.000104
73650 0.000104
73665 0.000104
73680 0.000104
73695 0.000104
73710 0.000104
73725 0.000104
73740 0.000104
73755 0.000104
73770 0.000104
73785 0.000104
73800 0.000104
73815 0.000104
73830 0.000104
73845 0.000104
73860 0.000104
73875 0.000104
73890 0.000104
73905 0.000104
73920 0.000104
73935 0.000104
73950 0.000104
73965 0.000104
73980 0.000104
73995 0.000104
74010 0.000104
74025 0.000104
74040 0.000104
74055 0.000104
74070 0.000104
74085 0.000104
74100 0.000104
74115 0.000104
74130 0.000104
74145 0.000104
74160 0.000104
74175 0.000104
74190 0.000104
74205 0.000104
74220 0.000104
74235 0.000104
74250 0.000104
74265 0.000104
74280 0.000104
74295 0.000104
74310 0.000104
74325 0.000104
74340 0.000104
74355 0.000104
74370 0.000104
74385 0.000102
74400 0.000102
74415 0.000102
74430 0.000102
74445 0.000102
74460 0.000102
74475 0.000102
74490 0.000102
74505 0.000102
74520 0.000102
74535 0.000102
74550 0.000102
74565 0.000102
74580 0.000102
74595 0.000102
74610 0.000102
74625 0.000102
74640 0.000102
74655 0.000102
74670 0.000102
74685 0.000102
74700 0.000102
74715 0.000102
74730 0.000102
74745 0.000102
74760 9.8e-05
74775 9.8e-05
74790 9.8e-05
74805 9.8e-05
74820 9.8e-05
74835 9.8e-05
74850 9.8e-05
74865 9.8e-05
74880 9.8e-05
74895 9.8e-05
74910 9.8e-05
74925 9.8e-05
74940 9.8e-05
74955 9.8e-05
74970 9.8e-05
74985 9.8e-05
