0 4e-05
15 4e-05
30 4e-05
45 4e-05
60 4e-05
75 4e-05
90 4e-05
105 4e-05
120 4e-05
135 4.2e-05
150 4.6e-05
165 4.8e-05
180 4.8e-05
195 5.2e-05
210 5.2e-05
225 5.2e-05
240 5.4e-05
255 5.6e-05
270 5.6e-05
285 5.6e-05
300 6e-05
315 6e-05
330 6e-05
345 6e-05
360 6e-05
375 6e-05
390 6e-05
405 6e-05
420 6e-05
435 6e-05
450 6e-05
465 6e-05
480 6e-05
495 6e-05
510 6e-05
525 6e-05
540 6e-05
555 6e-05
570 6e-05
585 6e-05
600 6e-05
615 6e-05
630 6e-05
645 6e-05
660 6e-05
675 6e-05
690 6e-05
705 6e-05
720 6e-05
735 6e-05
750 6e-05
765 6e-05
780 6e-05
795 6e-05
810 6e-05
825 6e-05
840 6e-05
855 6e-05
870 6e-05
885 6e-05
900 6.2e-05
915 6.4e-05
930 6.6e-05
945 6.6e-05
960 6.6e-05
975 6.8e-05
990 7e-05
1005 7e-05
1020 7e-05
1035 7.2e-05
1050 7.2e-05
1065 7.4e-05
1080 7.6e-05
1095 7.6e-05
1110 7.6e-05
1125 7.8e-05
1140 7.8e-05
1155 7.8e-05
1170 7.8e-05
1185 7.8e-05
1200 7.8e-05
1215 7.8e-05
1230 7.8e-05
1245 7.8e-05
1260 7.8e-05
1275 7.8e-05
1290 7.8e-05
1305 7.8e-05
1320 7.8e-05
1335 7.8e-05
1350 8e-05
1365 8e-05
1380 8e-05
1395 8e-05
1410 8e-05
1425 8e-05
1440 8e-05
1455 8e-05
1470 8e-05
1485 8e-05
1500 8e-05
1515 8e-05
1530 8e-05
1545 8e-05
1560 8e-05
1575 8e-05
1590 8e-05
1605 8e-05
1620 8e-05
1635 8e-05
1650 8.2e-05
1665 8.2e-05
1680 8.2e-05
1695 8.2e-05
1710 8.2e-05
1725 8.2e-05
1740 8.2e-05
1755 8.2e-05
1770 8.4e-05
1785 8.4e-05
1800 8.4e-05
1815 8.4e-05
1830 8.8e-05
1845 8.8e-05
1860 8.8e-05
1875 8.8e-05
1890 8.8e-05
1905 8.8e-05
1920 8.8e-05
1935 8.8e-05
1950 8.8e-05
1965 8.8e-05
1980 8.8e-05
1995 9e-05
2010 9e-05
2025 9e-05
2040 9e-05
2055 9.2e-05
2070 9.2e-05
2085 9.2e-05
2100 9.2e-05
2115 9.4e-05
2130 9.4e-05
2145 9.4e-05
2160 9.4e-05
2175 9.6e-05
2190 9.6e-05
2205 9.6e-05
2220 9.6e-05
2235 9.6e-05
2250 9.6e-05
2265 9.6e-05
2280 9.6e-05
2295 9.6e-05
2310 9.6e-05
2325 9.6e-05
2340 9.6e-05
2355 9.6e-05
2370 9.6e-05
2385 9.6e-05
2400 9.6e-05
2415 9.6e-05
2430 9.6e-05
2445 9.6e-05
2460 9.6e-05
2475 9.6e-05
2490 9.8e-05
2505 9.8e-05
2520 9.8e-05
2535 9.8e-05
2550 9.8e-05
2565 0.0001
2580 0.0001
2595 0.0001
2610 0.0001
2625 0.000102
2640 0.000102
2655 0.000102
2670 0.000102
2685 0.000102
2700 0.000102
2715 0.000102
2730 0.000102
2745 0.000102
2760 0.000102
2775 0.000102
2790 0.000102
2805 0.000102
2820 0.000102
2835 0.000102
2850 0.000102
2865 0.000102
2880 0.000104
2895 0.000104
2910 0.000104
2925 0.000104
2940 0.000104
2955 0.000104
2970 0.000104
2985 0.000104
3000 0.000104
3015 0.000106
3030 0.000106
3045 0.000108
3060 0.000108
3075 0.000108
3090 0.000108
3105 0.000108
3120 0.000108
3135 0.000108
3150 0.000108
3165 0.00011
3180 0.00011
3195 0.00011
3210 0.00011
3225 0.00011
3240 0.00011
3255 0.000112
3270 0.000114
3285 0.000114
3300 0.000114
3315 0.000114
3330 0.000118
3345 0.000118
3360 0.00012
3375 0.00012
3390 0.00012
3405 0.00012
3420 0.00012
3435 0.00012
3450 0.00012
3465 0.00012
3480 0.00012
3495 0.000122
3510 0.000122
3525 0.000122
3540 0.000122
3555 0.000122
3570 0.000122
3585 0.000122
3600 0.000122
3615 0.000122
3630 0.000122
3645 0.000122
3660 0.000122
3675 0.000126
3690 0.000126
3705 0.000126
3720 0.000126
3735 0.000126
3750 0.000126
3765 0.000126
3780 0.000126
3795 0.000126
3810 0.000126
3825 0.000126
3840 0.000126
3855 0.000126
3870 0.000128
3885 0.000128
3900 0.000128
3915 0.000128
3930 0.000128
3945 0.000128
3960 0.000128
3975 0.000128
3990 0.000128
4005 0.000128
4020 0.00013
4035 0.000132
4050 0.000132
4065 0.000132
4080 0.000132
4095 0.000132
4110 0.000132
4125 0.000132
4140 0.000132
4155 0.000132
4170 0.000132
4185 0.000132
4200 0.000132
4215 0.000132
4230 0.000132
4245 0.000132
4260 0.000132
4275 0.000132
4290 0.000132
4305 0.000132
4320 0.000132
4335 0.000132
4350 0.000132
4365 0.000132
4380 0.000132
4395 0.000132
4410 0.000132
4425 0.000132
4440 0.000132
4455 0.000132
4470 0.000132
4485 0.000132
4500 0.000132
4515 0.000132
4530 0.000132
4545 0.000132
4560 0.000132
4575 0.000132
4590 0.000132
4605 0.000132
4620 0.000132
4635 0.000132
4650 0.000132
4665 0.000132
4680 0.000132
4695 0.000132
4710 0.000132
4725 0.000132
4740 0.000132
4755 0.000132
4770 0.000132
4785 0.000132
4800 0.000132
4815 0.000132
4830 0.000132
4845 0.000132
4860 0.000132
4875 0.000132
4890 0.000134
4905 0.000134
4920 0.000134
4935 0.000134
4950 0.000134
4965 0.000134
4980 0.000134
4995 0.000136
5010 0.000136
5025 0.000138
5040 0.000138
5055 0.000138
5070 0.000138
5085 0.000138
5100 0.000138
5115 0.000138
5130 0.000138
5145 0.000138
5160 0.000138
5175 0.000138
5190 0.000138
5205 0.000138
5220 0.000138
5235 0.00014
5250 0.00014
5265 0.000142
5280 0.000142
5295 0.000142
5310 0.000142
5325 0.000142
5340 0.000142
5355 0.000142
5370 0.000142
5385 0.000142
5400 0.000142
5415 0.000144
5430 0.000144
5445 0.000144
5460 0.000148
5475 0.000148
5490 0.000152
5505 0.000152
5520 0.000154
5535 0.000154
5550 0.000154
5565 0.000154
5580 0.000154
5595 0.000154
5610 0.000154
5625 0.000154
5640 0.000154
5655 0.000154
5670 0.000154
5685 0.000154
5700 0.000154
5715 0.000154
5730 0.000154
5745 0.000154
5760 0.000154
5775 0.000154
5790 0.000154
5805 0.000154
5820 0.000154
5835 0.000154
5850 0.000154
5865 0.000154
5880 0.000154
5895 0.000154
5910 0.000154
5925 0.000156
5940 0.000156
5955 0.000156
5970 0.000156
5985 0.000156
6000 0.000156
6015 0.000158
6030 0.000158
6045 0.000158
6060 0.000158
6075 0.000158
6090 0.000162
6105 0.000162
6120 0.000162
6135 0.000164
6150 0.000164
6165 0.000164
6180 0.000168
6195 0.000168
6210 0.000168
6225 0.000168
6240 0.000168
6255 0.000168
6270 0.000172
6285 0.000172
6300 0.000172
6315 0.000172
6330 0.000172
6345 0.000172
6360 0.000172
6375 0.000172
6390 0.000172
6405 0.000172
6420 0.000172
6435 0.000174
6450 0.000176
6465 0.000176
6480 0.000176
6495 0.000176
6510 0.000176
6525 0.000176
6540 0.000176
6555 0.000176
6570 0.000176
6585 0.00018
6600 0.000182
6615 0.000182
6630 0.000182
6645 0.000182
6660 0.000182
6675 0.000182
6690 0.000182
6705 0.000182
6720 0.000182
6735 0.000186
6750 0.000186
6765 0.000186
6780 0.000186
6795 0.000186
6810 0.000186
6825 0.000186
6840 0.000186
6855 0.000186
6870 0.000186
6885 0.000186
6900 0.000186
6915 0.000186
6930 0.000186
6945 0.00019
6960 0.00019
6975 0.00019
6990 0.00019
7005 0.000192
7020 0.000192
7035 0.000194
7050 0.000194
7065 0.000194
7080 0.000194
7095 0.000194
7110 0.000194
7125 0.000194
7140 0.000194
7155 0.000194
7170 0.000194
7185 0.000194
7200 0.000194
7215 0.000194
7230 0.000194
7245 0.000194
7260 0.000194
7275 0.000194
7290 0.000194
7305 0.000194
7320 0.000194
7335 0.000194
7350 0.000194
7365 0.000194
7380 0.000194
7395 0.000194
7410 0.000194
7425 0.000194
7440 0.000194
7455 0.000194
7470 0.000194
7485 0.000194
7500 0.000194
7515 0.000194
7530 0.000194
7545 0.000194
7560 0.000194
7575 0.000194
7590 0.000194
7605 0.000194
7620 0.000194
7635 0.000196
7650 0.000196
7665 0.000196
7680 0.000198
7695 0.0002
7710 0.0002
7725 0.0002
7740 0.0002
7755 0.0002
7770 0.0002
7785 0.0002
7800 0.0002
7815 0.000202
7830 0.000202
7845 0.000202
7860 0.000204
7875 0.000204
7890 0.000204
7905 0.000204
7920 0.000204
7935 0.000204
7950 0.000204
7965 0.000204
7980 0.000204
7995 0.000204
8010 0.000204
8025 0.000204
8040 0.000206
8055 0.000206
8070 0.000206
8085 0.000206
8100 0.000206
8115 0.000206
8130 0.000208
8145 0.000208
8160 0.000208
8175 0.000208
8190 0.000208
8205 0.000208
8220 0.000208
8235 0.00021
8250 0.00021
8265 0.000212
8280 0.000212
8295 0.000212
8310 0.000212
8325 0.000212
8340 0.000214
8355 0.000214
8370 0.000214
8385 0.000214
8400 0.000214
8415 0.000214
8430 0.000216
8445 0.000216
8460 0.000216
8475 0.000216
8490 0.000216
8505 0.00022
8520 0.00022
8535 0.00022
8550 0.00022
8565 0.00022
8580 0.00022
8595 0.00022
8610 0.00022
8625 0.00022
8640 0.00022
8655 0.00022
8670 0.00022
8685 0.00022
8700 0.00022
8715 0.00022
8730 0.00022
8745 0.00022
8760 0.000224
8775 0.000224
8790 0.000226
8805 0.000226
8820 0.000226
8835 0.000228
8850 0.00023
8865 0.00023
8880 0.00023
8895 0.00023
8910 0.00023
8925 0.000232
8940 0.000232
8955 0.000232
8970 0.000238
8985 0.000238
9000 0.000238
9015 0.000238
9030 0.000238
9045 0.000242
9060 0.000242
9075 0.000242
9090 0.000242
9105 0.000242
9120 0.000244
9135 0.000246
9150 0.000248
9165 0.000248
9180 0.000248
9195 0.000248
9210 0.000248
9225 0.000248
9240 0.000248
9255 0.000248
9270 0.000248
9285 0.00025
9300 0.00025
9315 0.00025
9330 0.00025
9345 0.000252
9360 0.000252
9375 0.000252
9390 0.000252
9405 0.000252
9420 0.000252
9435 0.000252
9450 0.000252
9465 0.000252
9480 0.000252
9495 0.000252
9510 0.000252
9525 0.000254
9540 0.000254
9555 0.000258
9570 0.00026
9585 0.000264
9600 0.000264
9615 0.000264
9630 0.000264
9645 0.000264
9660 0.000264
9675 0.000264
9690 0.000266
9705 0.000266
9720 0.000266
9735 0.000266
9750 0.000266
9765 0.000268
9780 0.000268
9795 0.000268
9810 0.000268
9825 0.000268
9840 0.000268
9855 0.00027
9870 0.00027
9885 0.000272
9900 0.000272
9915 0.000272
9930 0.000274
9945 0.000274
9960 0.000274
9975 0.000274
9990 0.000278
10005 0.000278
10020 0.000278
10035 0.000278
10050 0.000278
10065 0.00028
10080 0.00028
10095 0.00028
10110 0.00028
10125 0.000282
10140 0.000284
10155 0.000284
10170 0.000284
10185 0.000288
10200 0.000288
10215 0.000288
10230 0.000288
10245 0.000292
10260 0.000292
10275 0.000292
10290 0.000294
10305 0.000294
10320 0.000294
10335 0.000302
10350 0.000302
10365 0.000308
10380 0.000308
10395 0.000308
10410 0.000314
10425 0.000316
10440 0.000316
10455 0.000318
10470 0.000318
10485 0.000318
10500 0.000318
10515 0.000318
10530 0.00032
10545 0.00032
10560 0.00032
10575 0.00032
10590 0.00032
10605 0.00032
10620 0.000324
10635 0.000324
10650 0.000328
10665 0.000328
10680 0.000328
10695 0.000328
10710 0.000328
10725 0.000328
10740 0.000328
10755 0.000328
10770 0.00033
10785 0.00033
10800 0.00033
10815 0.000334
10830 0.000334
10845 0.000334
10860 0.000334
10875 0.000334
10890 0.000334
10905 0.000334
10920 0.000334
10935 0.000334
10950 0.000334
10965 0.000334
10980 0.000334
10995 0.000334
11010 0.000334
11025 0.000336
11040 0.000336
11055 0.000336
11070 0.000336
11085 0.000336
11100 0.000336
11115 0.000336
11130 0.000336
11145 0.000336
11160 0.000336
11175 0.000336
11190 0.000336
11205 0.000336
11220 0.000338
11235 0.000338
11250 0.00034
11265 0.000342
11280 0.000342
11295 0.000342
11310 0.000342
11325 0.000342
11340 0.000342
11355 0.000342
11370 0.000342
11385 0.000342
11400 0.000344
11415 0.000344
11430 0.000344
11445 0.000344
11460 0.000344
11475 0.000344
11490 0.000344
11505 0.000344
11520 0.000344
11535 0.000346
11550 0.000346
11565 0.000346
11580 0.00035
11595 0.00035
11610 0.00035
11625 0.00035
11640 0.00035
11655 0.00035
11670 0.00035
11685 0.000358
11700 0.000358
11715 0.000358
11730 0.000358
11745 0.000362
11760 0.000362
11775 0.000362
11790 0.000362
11805 0.000362
11820 0.000366
11835 0.000366
11850 0.000374
11865 0.000374
11880 0.000374
11895 0.000374
11910 0.000376
11925 0.000376
11940 0.000376
11955 0.000376
11970 0.000376
11985 0.000376
12000 0.000376
12015 0.000376
12030 0.000376
12045 0.000376
12060 0.000376
12075 0.000376
12090 0.000376
12105 0.000376
12120 0.000376
12135 0.000376
12150 0.000386
12165 0.000386
12180 0.000392
12195 0.000392
12210 0.000392
12225 0.000392
12240 0.000392
12255 0.000392
12270 0.000392
12285 0.000392
12300 0.000394
12315 0.000394
12330 0.000394
12345 0.000394
12360 0.000394
12375 0.000394
12390 0.0004
12405 0.0004
12420 0.0004
12435 0.0004
12450 0.000402
12465 0.000404
12480 0.000404
12495 0.000404
12510 0.000404
12525 0.000404
12540 0.000404
12555 0.000408
12570 0.000408
12585 0.00041
12600 0.00041
12615 0.00041
12630 0.00041
12645 0.00041
12660 0.00041
12675 0.00041
12690 0.00041
12705 0.00041
12720 0.00041
12735 0.00041
12750 0.00041
12765 0.00041
12780 0.00041
12795 0.00041
12810 0.00041
12825 0.000412
12840 0.000416
12855 0.000416
12870 0.000416
12885 0.000418
12900 0.000418
12915 0.000418
12930 0.000418
12945 0.000418
12960 0.00042
12975 0.00042
12990 0.00042
13005 0.000422
13020 0.000422
13035 0.000422
13050 0.000422
13065 0.000422
13080 0.000422
13095 0.000422
13110 0.000424
13125 0.000424
13140 0.000424
13155 0.000424
13170 0.000432
13185 0.000434
13200 0.000434
13215 0.000436
13230 0.00044
13245 0.000444
13260 0.000444
13275 0.000448
13290 0.000452
13305 0.000452
13320 0.000452
13335 0.000452
13350 0.000464
13365 0.000464
13380 0.000466
13395 0.000466
13410 0.000466
13425 0.000466
13440 0.000466
13455 0.00047
13470 0.000472
13485 0.000472
13500 0.000472
13515 0.000474
13530 0.000478
13545 0.000478
13560 0.000478
13575 0.000478
13590 0.000478
13605 0.000478
13620 0.000486
13635 0.000488
13650 0.000488
13665 0.000488
13680 0.000488
13695 0.000488
13710 0.000488
13725 0.000488
13740 0.000488
13755 0.000488
13770 0.000488
13785 0.000488
13800 0.000488
13815 0.000494
13830 0.000494
13845 0.000494
13860 0.000494
13875 0.000494
13890 0.000494
13905 0.000494
13920 0.000494
13935 0.000494
13950 0.000494
13965 0.000508
13980 0.000518
13995 0.000518
14010 0.000518
14025 0.000518
14040 0.000518
14055 0.000518
14070 0.000526
14085 0.00055
14100 0.00055
14115 0.00055
14130 0.00055
14145 0.00055
14160 0.00055
14175 0.00055
14190 0.00055
14205 0.00055
14220 0.00055
14235 0.00055
14250 0.000554
14265 0.000554
14280 0.000554
14295 0.000554
14310 0.000554
14325 0.000564
14340 0.000568
14355 0.000568
14370 0.000568
14385 0.000568
14400 0.000568
14415 0.000568
14430 0.000568
14445 0.000568
14460 0.000568
14475 0.00057
14490 0.00057
14505 0.00057
14520 0.00057
14535 0.00057
14550 0.00057
14565 0.00057
14580 0.00057
14595 0.00057
14610 0.00057
14625 0.00057
14640 0.000572
14655 0.000572
14670 0.000572
14685 0.000574
14700 0.000574
14715 0.000592
14730 0.000592
14745 0.000594
14760 0.000594
14775 0.000598
14790 0.000614
14805 0.000618
14820 0.000618
14835 0.000618
14850 0.000618
14865 0.000618
14880 0.000618
14895 0.000618
14910 0.000618
14925 0.000618
14940 0.000618
14955 0.000622
14970 0.000622
14985 0.000622
15000 0.000622
15015 0.000622
15030 0.000628
15045 0.000636
15060 0.000636
15075 0.000636
15090 0.000636
15105 0.000638
15120 0.000638
15135 0.000638
15150 0.000638
15165 0.000638
15180 0.000638
15195 0.000638
15210 0.000638
15225 0.000638
15240 0.000638
15255 0.000638
15270 0.00064
15285 0.00064
15300 0.000642
15315 0.000642
15330 0.000642
15345 0.000642
15360 0.000642
15375 0.000642
15390 0.000642
15405 0.000642
15420 0.000642
15435 0.000666
15450 0.000666
15465 0.000668
15480 0.00067
15495 0.000674
15510 0.000674
15525 0.000674
15540 0.000674
15555 0.000674
15570 0.000674
15585 0.000682
15600 0.000686
15615 0.000686
15630 0.000688
15645 0.000698
15660 0.0007
15675 0.000702
15690 0.000706
15705 0.000708
15720 0.000708
15735 0.00071
15750 0.00071
15765 0.00071
15780 0.00071
15795 0.00071
15810 0.00071
15825 0.000712
15840 0.000712
15855 0.000712
15870 0.000712
15885 0.000712
15900 0.00072
15915 0.000722
15930 0.000722
15945 0.000736
15960 0.000738
15975 0.000738
15990 0.00074
16005 0.000744
16020 0.000744
16035 0.000744
16050 0.000754
16065 0.000754
16080 0.000754
16095 0.000758
16110 0.000758
16125 0.00076
16140 0.000762
16155 0.000762
16170 0.000766
16185 0.000766
16200 0.000766
16215 0.000772
16230 0.000772
16245 0.000792
16260 0.000792
16275 0.000792
16290 0.000796
16305 0.000796
16320 0.000804
16335 0.000804
16350 0.000804
16365 0.000804
16380 0.000804
16395 0.000804
16410 0.000804
16425 0.000804
16440 0.000808
16455 0.00081
16470 0.000812
16485 0.000812
16500 0.000812
16515 0.000814
16530 0.000814
16545 0.000824
16560 0.000824
16575 0.000826
16590 0.000826
16605 0.000828
16620 0.000828
16635 0.000828
16650 0.000832
16665 0.000832
16680 0.000832
16695 0.000832
16710 0.000832
16725 0.000832
16740 0.000832
16755 0.000832
16770 0.000834
16785 0.00084
16800 0.00084
16815 0.00084
16830 0.00084
16845 0.00084
16860 0.000842
16875 0.000842
16890 0.000842
16905 0.000844
16920 0.000844
16935 0.00085
16950 0.00086
16965 0.000876
16980 0.000876
16995 0.000878
17010 0.000878
17025 0.000878
17040 0.000878
17055 0.000878
17070 0.00088
17085 0.00088
17100 0.00088
17115 0.00088
17130 0.00088
17145 0.00088
17160 0.00088
17175 0.00088
17190 0.00088
17205 0.00088
17220 0.00088
17235 0.00088
17250 0.00089
17265 0.000892
17280 0.000892
17295 0.000892
17310 0.000892
17325 0.000892
17340 0.000902
17355 0.000902
17370 0.000904
17385 0.000904
17400 0.000904
17415 0.000904
17430 0.000904
17445 0.000908
17460 0.000912
17475 0.000912
17490 0.000914
17505 0.000914
17520 0.000914
17535 0.000922
17550 0.000926
17565 0.000926
17580 0.000926
17595 0.000926
17610 0.00093
17625 0.00093
17640 0.00093
17655 0.000936
17670 0.000936
17685 0.000936
17700 0.000954
17715 0.000954
17730 0.000954
17745 0.000954
17760 0.000962
17775 0.000976
17790 0.000976
17805 0.000976
17820 0.000976
17835 0.000976
17850 0.00098
17865 0.00098
17880 0.00098
17895 0.00098
17910 0.00098
17925 0.00098
17940 0.00098
17955 0.000982
17970 0.000982
17985 0.000982
18000 0.000982
18015 0.001
18030 0.001
18045 0.001
18060 0.001
18075 0.001
18090 0.001004
18105 0.001004
18120 0.001004
18135 0.001008
18150 0.001008
18165 0.001008
18180 0.001012
18195 0.001012
18210 0.001024
18225 0.001024
18240 0.001024
18255 0.001028
18270 0.001028
18285 0.001028
18300 0.001034
18315 0.001034
18330 0.001034
18345 0.001052
18360 0.001052
18375 0.001052
18390 0.001054
18405 0.00106
18420 0.00106
18435 0.001062
18450 0.001068
18465 0.00107
18480 0.00107
18495 0.00107
18510 0.00107
18525 0.001082
18540 0.001082
18555 0.001106
18570 0.001106
18585 0.001106
18600 0.001106
18615 0.001116
18630 0.001116
18645 0.001116
18660 0.001116
18675 0.001134
18690 0.001134
18705 0.001134
18720 0.001144
18735 0.001166
18750 0.001166
18765 0.001166
18780 0.001166
18795 0.001166
18810 0.001168
18825 0.001168
18840 0.00117
18855 0.00117
18870 0.00117
18885 0.00118
18900 0.00118
18915 0.00118
18930 0.0012
18945 0.001204
18960 0.001208
18975 0.001218
18990 0.00122
19005 0.00122
19020 0.001224
19035 0.001224
19050 0.001226
19065 0.001226
19080 0.001226
19095 0.001226
19110 0.001226
19125 0.001242
19140 0.001248
19155 0.001248
19170 0.001248
19185 0.001248
19200 0.00125
19215 0.00125
19230 0.00125
19245 0.00125
19260 0.001262
19275 0.001262
19290 0.001318
19305 0.001318
19320 0.001318
19335 0.001332
19350 0.001332
19365 0.001332
19380 0.001332
19395 0.001332
19410 0.001332
19425 0.001338
19440 0.001346
19455 0.001346
19470 0.001394
19485 0.0014
19500 0.001406
19515 0.001462
19530 0.001462
19545 0.001462
19560 0.001462
19575 0.001474
19590 0.001474
19605 0.001474
19620 0.001474
19635 0.001476
19650 0.001476
19665 0.001494
19680 0.001498
19695 0.0015
19710 0.0015
19725 0.0015
19740 0.0015
19755 0.001516
19770 0.001532
19785 0.001532
19800 0.001534
19815 0.001542
19830 0.00155
19845 0.00155
19860 0.00155
19875 0.00155
19890 0.00155
19905 0.00155
19920 0.001556
19935 0.001562
19950 0.001562
19965 0.001562
19980 0.00157
19995 0.00157
20010 0.00157
20025 0.00158
20040 0.001606
20055 0.001606
20070 0.00161
20085 0.001664
20100 0.001664
20115 0.001728
20130 0.001736
20145 0.001736
20160 0.001736
20175 0.001754
20190 0.001754
20205 0.001754
20220 0.001764
20235 0.001786
20250 0.001786
20265 0.001786
20280 0.001786
20295 0.00179
20310 0.00179
20325 0.001792
20340 0.001792
20355 0.001796
20370 0.001796
20385 0.001796
20400 0.001804
20415 0.001816
20430 0.001816
20445 0.001816
20460 0.001816
20475 0.00183
20490 0.00183
20505 0.001842
20520 0.001894
20535 0.0019
20550 0.001928
20565 0.001938
20580 0.00195
20595 0.001954
20610 0.001958
20625 0.001958
20640 0.00196
20655 0.00196
20670 0.00196
20685 0.00198
20700 0.002002
20715 0.002058
20730 0.002058
20745 0.002084
20760 0.00209
20775 0.00209
20790 0.00209
20805 0.00209
20820 0.002098
20835 0.002146
20850 0.002148
20865 0.002148
20880 0.002164
20895 0.002182
20910 0.002184
20925 0.002184
20940 0.00222
20955 0.00222
20970 0.002224
20985 0.002224
21000 0.002224
21015 0.002226
21030 0.002226
21045 0.002226
21060 0.00224
21075 0.00224
21090 0.002242
21105 0.002242
21120 0.002258
21135 0.002266
21150 0.002266
21165 0.002266
21180 0.00227
21195 0.002278
21210 0.002278
21225 0.002278
21240 0.00228
21255 0.002286
21270 0.002294
21285 0.002318
21300 0.002318
21315 0.002318
21330 0.002318
21345 0.002324
21360 0.00233
21375 0.002346
21390 0.002346
21405 0.00235
21420 0.00235
21435 0.002384
21450 0.00239
21465 0.00239
21480 0.00243
21495 0.00243
21510 0.00243
21525 0.002592
21540 0.002598
21555 0.002598
21570 0.002598
21585 0.002598
21600 0.002618
21615 0.002618
21630 0.002618
21645 0.002618
21660 0.002622
21675 0.002622
21690 0.002622
21705 0.002624
21720 0.00263
21735 0.002648
21750 0.002654
21765 0.00267
21780 0.00267
21795 0.002684
21810 0.002684
21825 0.002762
21840 0.002778
21855 0.002778
21870 0.002798
21885 0.002798
21900 0.002838
21915 0.00284
21930 0.002842
21945 0.002846
21960 0.002846
21975 0.00286
21990 0.002864
22005 0.002864
22020 0.002864
22035 0.002882
22050 0.002918
22065 0.002918
22080 0.002918
22095 0.002956
22110 0.00296
22125 0.00296
22140 0.002966
22155 0.002994
22170 0.002996
22185 0.003028
22200 0.00303
22215 0.003032
22230 0.003034
22245 0.003058
22260 0.003058
22275 0.00306
22290 0.00306
22305 0.003068
22320 0.003074
22335 0.003084
22350 0.003084
22365 0.003108
22380 0.003158
22395 0.003176
22410 0.003196
22425 0.0032
22440 0.003212
22455 0.003212
22470 0.00322
22485 0.003228
22500 0.00323
22515 0.003232
22530 0.003234
22545 0.003248
22560 0.00325
22575 0.00325
22590 0.00325
22605 0.003258
22620 0.00326
22635 0.00326
22650 0.003356
22665 0.00337
22680 0.00337
22695 0.00337
22710 0.003382
22725 0.003436
22740 0.003522
22755 0.003522
22770 0.003532
22785 0.003534
22800 0.003594
22815 0.003594
22830 0.003596
22845 0.003684
22860 0.003698
22875 0.003704
22890 0.00371
22905 0.00371
22920 0.003736
22935 0.00374
22950 0.00374
22965 0.003746
22980 0.00377
22995 0.00377
23010 0.003772
23025 0.003802
23040 0.003806
23055 0.003814
23070 0.003814
23085 0.003878
23100 0.003942
23115 0.003958
23130 0.003962
23145 0.003972
23160 0.003972
23175 0.00398
23190 0.004124
23205 0.004138
23220 0.004256
23235 0.004262
23250 0.004322
23265 0.004434
23280 0.004436
23295 0.004676
23310 0.004704
23325 0.004716
23340 0.004716
23355 0.00473
23370 0.004812
23385 0.004814
23400 0.004816
23415 0.004892
23430 0.004892
23445 0.004894
23460 0.004922
23475 0.004932
23490 0.004932
23505 0.004936
23520 0.004936
23535 0.004948
23550 0.004952
23565 0.004956
23580 0.00501
23595 0.005144
23610 0.005222
23625 0.00523
23640 0.005264
23655 0.005266
23670 0.005416
23685 0.005444
23700 0.005452
23715 0.005462
23730 0.005542
23745 0.005582
23760 0.005582
23775 0.00559
23790 0.005592
23805 0.005604
23820 0.005754
23835 0.005884
23850 0.006014
23865 0.006018
23880 0.006046
23895 0.006228
23910 0.006228
23925 0.006228
23940 0.00624
23955 0.00642
23970 0.006458
23985 0.006464
24000 0.006688
24015 0.00669
24030 0.006698
24045 0.006702
24060 0.006702
24075 0.006702
24090 0.006714
24105 0.006754
24120 0.006776
24135 0.006792
24150 0.006792
24165 0.00685
24180 0.006856
24195 0.006914
24210 0.006914
24225 0.007516
24240 0.007538
24255 0.007546
24270 0.007744
24285 0.007772
24300 0.008004
24315 0.008114
24330 0.008184
24345 0.008218
24360 0.008226
24375 0.008272
24390 0.008298
24405 0.008308
24420 0.008334
24435 0.00847
24450 0.008634
24465 0.008638
24480 0.008644
24495 0.008792
24510 0.008834
24525 0.008916
24540 0.008924
24555 0.009052
24570 0.009168
24585 0.009172
24600 0.009278
24615 0.009278
24630 0.009318
24645 0.009432
24660 0.009478
24675 0.009532
24690 0.009534
24705 0.00831
24720 0.008434
24735 0.008586
24750 0.008608
24765 0.008626
24780 0.008644
24795 0.008648
24810 0.00866
24825 0.008588
24840 0.008618
24855 0.00867
24870 0.008674
24885 0.008952
24900 0.009732
24915 0.009764
24930 0.010088
24945 0.010328
24960 0.010328
24975 0.010336
24990 0.010446
25005 0.010508
25020 0.010512
25035 0.010582
25050 0.010648
25065 0.01071
25080 0.010728
25095 0.011012
25110 0.010682
25125 0.010786
25140 0.01086
25155 0.010774
25170 0.010806
25185 0.010996
25200 0.011038
25215 0.011222
25230 0.011224
25245 0.011272
25260 0.011352
25275 0.011376
25290 0.01141
25305 0.011416
25320 0.011438
25335 0.011344
25350 0.011412
25365 0.011428
25380 0.011498
25395 0.0119
25410 0.011036
25425 0.011244
25440 0.01139
25455 0.01146
25470 0.01146
25485 0.011572
25500 0.011644
25515 0.011776
25530 0.01179
25545 0.011724
25560 0.01183
25575 0.012778
25590 0.013126
25605 0.013164
25620 0.013172
25635 0.013232
25650 0.01225
25665 0.012294
25680 0.013128
25695 0.013188
25710 0.013216
25725 0.01326
25740 0.013262
25755 0.013324
25770 0.013402
25785 0.013686
25800 0.013628
25815 0.013644
25830 0.01342
25845 0.014034
25860 0.014042
25875 0.014056
25890 0.014056
25905 0.014058
25920 0.01448
25935 0.01526
25950 0.01474
25965 0.01474
25980 0.014778
25995 0.01478
26010 0.015456
26025 0.015594
26040 0.015636
26055 0.015648
26070 0.014412
26085 0.011568
26100 0.011646
26115 0.01169
26130 0.011708
26145 0.01171
26160 0.011972
26175 0.011434
26190 0.011484
26205 0.0115
26220 0.010586
26235 0.010586
26250 0.009598
26265 0.009602
26280 0.010238
26295 0.010382
26310 0.010486
26325 0.010486
26340 0.010308
26355 0.010358
26370 0.010436
26385 0.010672
26400 0.010694
26415 0.011494
26430 0.011568
26445 0.012448
26460 0.01271
26475 0.012714
26490 0.012716
26505 0.012886
26520 0.01264
26535 0.012824
26550 0.012164
26565 0.012216
26580 0.012282
26595 0.01231
26610 0.012468
26625 0.012666
26640 0.011896
26655 0.011912
26670 0.011968
26685 0.011628
26700 0.011662
26715 0.011626
26730 0.011634
26745 0.011634
26760 0.01171
26775 0.011826
26790 0.011932
26805 0.011932
26820 0.012006
26835 0.013382
26850 0.0134
26865 0.01042
26880 0.010496
26895 0.010802
26910 0.010822
26925 0.010822
26940 0.01086
26955 0.009024
26970 0.008926
26985 0.009114
27000 0.00778
27015 0.007846
27030 0.007852
27045 0.007876
27060 0.007878
27075 0.00803
27090 0.007712
27105 0.007722
27120 0.007722
27135 0.007768
27150 0.00786
27165 0.007868
27180 0.006968
27195 0.00695
27210 0.007158
27225 0.007182
27240 0.007262
27255 0.007258
27270 0.007448
27285 0.007462
27300 0.007472
27315 0.007472
27330 0.007658
27345 0.00766
27360 0.006514
27375 0.006502
27390 0.006506
27405 0.006558
27420 0.006562
27435 0.006036
27450 0.006036
27465 0.005644
27480 0.005716
27495 0.00592
27510 0.006044
27525 0.005976
27540 0.005954
27555 0.005954
27570 0.005828
27585 0.005828
27600 0.005754
27615 0.005756
27630 0.00536
27645 0.005376
27660 0.005388
27675 0.005348
27690 0.00535
27705 0.005154
27720 0.005156
27735 0.005228
27750 0.004866
27765 0.004902
27780 0.004942
27795 0.00496
27810 0.004964
27825 0.004964
27840 0.004844
27855 0.004848
27870 0.004862
27885 0.004862
27900 0.004862
27915 0.004866
27930 0.004912
27945 0.004914
27960 0.004924
27975 0.00493
27990 0.005128
28005 0.004698
28020 0.004708
28035 0.00471
28050 0.004176
28065 0.004184
28080 0.004046
28095 0.004036
28110 0.004038
28125 0.004218
28140 0.003054
28155 0.003054
28170 0.003054
28185 0.003054
28200 0.003054
28215 0.003054
28230 0.003056
28245 0.00306
28260 0.003086
28275 0.002996
28290 0.002918
28305 0.00292
28320 0.002928
28335 0.002938
28350 0.002934
28365 0.002934
28380 0.002934
28395 0.002822
28410 0.002854
28425 0.002866
28440 0.002868
28455 0.002868
28470 0.002868
28485 0.002874
28500 0.002874
28515 0.002938
28530 0.00294
28545 0.00294
28560 0.00294
28575 0.00294
28590 0.002958
28605 0.00296
28620 0.002966
28635 0.003006
28650 0.003006
28665 0.003006
28680 0.003006
28695 0.003006
28710 0.003054
28725 0.003054
28740 0.00312
28755 0.00312
28770 0.00312
28785 0.00312
28800 0.00314
28815 0.003142
28830 0.003028
28845 0.003028
28860 0.003028
28875 0.003028
28890 0.003032
28905 0.003038
28920 0.003264
28935 0.003266
28950 0.003266
28965 0.003268
28980 0.00327
28995 0.003288
29010 0.003064
29025 0.002894
29040 0.002896
29055 0.002906
29070 0.00278
29085 0.00278
29100 0.00278
29115 0.002658
29130 0.002658
29145 0.00267
29160 0.002674
29175 0.002674
29190 0.002674
29205 0.002678
29220 0.002678
29235 0.002678
29250 0.002638
29265 0.00247
29280 0.00247
29295 0.00247
29310 0.00247
29325 0.002474
29340 0.002358
29355 0.002364
29370 0.002388
29385 0.002388
29400 0.002388
29415 0.002388
29430 0.002388
29445 0.002172
29460 0.002182
29475 0.002168
29490 0.002298
29505 0.0022
29520 0.0022
29535 0.002238
29550 0.00224
29565 0.00224
29580 0.00224
29595 0.00224
29610 0.00224
29625 0.002242
29640 0.002242
29655 0.002052
29670 0.00206
29685 0.00206
29700 0.00206
29715 0.00206
29730 0.00206
29745 0.00206
29760 0.00206
29775 0.00206
29790 0.002096
29805 0.002098
29820 0.002098
29835 0.002098
29850 0.002086
29865 0.002086
29880 0.002086
29895 0.002102
29910 0.00204
29925 0.00204
29940 0.00204
29955 0.002046
29970 0.002044
29985 0.001884
30000 0.001884
30015 0.001884
30030 0.001888
30045 0.00189
30060 0.00189
30075 0.00189
30090 0.00189
30105 0.00189
30120 0.001962
30135 0.001962
30150 0.00197
30165 0.00197
30180 0.00197
30195 0.001986
30210 0.001986
30225 0.001998
30240 0.001998
30255 0.001998
30270 0.001998
30285 0.001998
30300 0.002024
30315 0.002024
30330 0.002024
30345 0.002024
30360 0.002042
30375 0.002042
30390 0.002056
30405 0.001972
30420 0.001972
30435 0.001976
30450 0.001976
30465 0.001976
30480 0.001968
30495 0.001968
30510 0.002008
30525 0.002014
30540 0.001842
30555 0.001748
30570 0.001748
30585 0.00175
30600 0.00175
30615 0.001754
30630 0.001774
30645 0.001794
30660 0.001794
30675 0.001794
30690 0.001794
30705 0.001794
30720 0.001796
30735 0.001652
30750 0.001652
30765 0.001652
30780 0.001652
30795 0.001602
30810 0.001556
30825 0.001556
30840 0.001546
30855 0.001546
30870 0.001544
30885 0.001544
30900 0.001548
30915 0.001552
30930 0.001552
30945 0.001558
30960 0.001564
30975 0.001564
30990 0.001566
31005 0.001566
31020 0.001566
31035 0.001566
31050 0.001582
31065 0.001582
31080 0.001584
31095 0.001584
31110 0.001586
31125 0.001586
31140 0.001588
31155 0.001588
31170 0.001588
31185 0.001602
31200 0.001608
31215 0.001516
31230 0.001516
31245 0.001516
31260 0.00153
31275 0.00153
31290 0.001532
31305 0.001542
31320 0.001722
31335 0.001722
31350 0.001698
31365 0.001716
31380 0.001716
31395 0.001718
31410 0.001718
31425 0.001718
31440 0.001674
31455 0.001404
31470 0.001404
31485 0.001404
31500 0.001408
31515 0.001408
31530 0.001408
31545 0.001408
31560 0.001408
31575 0.00141
31590 0.001412
31605 0.001412
31620 0.001458
31635 0.001458
31650 0.001458
31665 0.001458
31680 0.001458
31695 0.001458
31710 0.00146
31725 0.00146
31740 0.001472
31755 0.001472
31770 0.001398
31785 0.001398
31800 0.00141
31815 0.001456
31830 0.001458
31845 0.001412
31860 0.001374
31875 0.001374
31890 0.001374
31905 0.001374
31920 0.001374
31935 0.001374
31950 0.001366
31965 0.001366
31980 0.001366
31995 0.001348
32010 0.001348
32025 0.001316
32040 0.001316
32055 0.001316
32070 0.001316
32085 0.001316
32100 0.001316
32115 0.001316
32130 0.001316
32145 0.001316
32160 0.001318
32175 0.001318
32190 0.001332
32205 0.001334
32220 0.001334
32235 0.001334
32250 0.001334
32265 0.001334
32280 0.001334
32295 0.001208
32310 0.001208
32325 0.001208
32340 0.001208
32355 0.001208
32370 0.001208
32385 0.001208
32400 0.001208
32415 0.00121
32430 0.00121
32445 0.00121
32460 0.00121
32475 0.00121
32490 0.00121
32505 0.00121
32520 0.00121
32535 0.00121
32550 0.00119
32565 0.00119
32580 0.00119
32595 0.00119
32610 0.00119
32625 0.001192
32640 0.001192
32655 0.001148
32670 0.001156
32685 0.001156
32700 0.001156
32715 0.001156
32730 0.001164
32745 0.001164
32760 0.001168
32775 0.00117
32790 0.00117
32805 0.00117
32820 0.001142
32835 0.001144
32850 0.001144
32865 0.001144
32880 0.001146
32895 0.001146
32910 0.001128
32925 0.001128
32940 0.001128
32955 0.001128
32970 0.001128
32985 0.001138
33000 0.001094
33015 0.001102
33030 0.001068
33045 0.001068
33060 0.001084
33075 0.001108
33090 0.001108
33105 0.001108
33120 0.001108
33135 0.001114
33150 0.001114
33165 0.001114
33180 0.001114
33195 0.001114
33210 0.001114
33225 0.001114
33240 0.00112
33255 0.00112
33270 0.001122
33285 0.00106
33300 0.00106
33315 0.001062
33330 0.001062
33345 0.001062
33360 0.001062
33375 0.001062
33390 0.001062
33405 0.00107
33420 0.00104
33435 0.00104
33450 0.00104
33465 0.00104
33480 0.00104
33495 0.00104
33510 0.00104
33525 0.00104
33540 0.00104
33555 0.00104
33570 0.00104
33585 0.00104
33600 0.00104
33615 0.00104
33630 0.00104
33645 0.00104
33660 0.00104
33675 0.001038
33690 0.00104
33705 0.001042
33720 0.001042
33735 0.001048
33750 0.001008
33765 0.001008
33780 0.001008
33795 0.001008
33810 0.001008
33825 0.000944
33840 0.000948
33855 0.000948
33870 0.001004
33885 0.001
33900 0.001002
33915 0.001002
33930 0.001002
33945 0.001002
33960 0.001002
33975 0.001002
33990 0.001002
34005 0.001002
34020 0.001002
34035 0.001002
34050 0.001002
34065 0.000978
34080 0.000968
34095 0.000968
34110 0.000968
34125 0.000968
34140 0.000974
34155 0.00098
34170 0.000972
34185 0.000972
34200 0.000992
34215 0.00096
34230 0.00096
34245 0.00096
34260 0.00096
34275 0.00096
34290 0.00096
34305 0.00096
34320 0.00096
34335 0.00096
34350 0.00096
34365 0.00096
34380 0.00096
34395 0.00096
34410 0.00096
34425 0.000962
34440 0.000962
34455 0.000962
34470 0.000968
34485 0.000968
34500 0.000968
34515 0.000968
34530 0.000968
34545 0.000968
34560 0.000968
34575 0.000968
34590 0.000968
34605 0.000928
34620 0.000926
34635 0.000926
34650 0.000926
34665 0.000926
34680 0.000926
34695 0.000928
34710 0.000872
34725 0.000872
34740 0.000872
34755 0.000872
34770 0.000872
34785 0.000872
34800 0.000868
34815 0.000864
34830 0.000866
34845 0.000866
34860 0.000866
34875 0.000866
34890 0.000866
34905 0.00086
34920 0.00086
34935 0.00086
34950 0.00086
34965 0.00086
34980 0.000862
34995 0.000862
35010 0.000862
35025 0.000862
35040 0.000844
35055 0.000844
35070 0.000844
35085 0.000814
35100 0.000816
35115 0.000816
35130 0.000798
35145 0.000798
35160 0.000784
35175 0.000784
35190 0.000786
35205 0.000786
35220 0.000788
35235 0.000788
35250 0.000838
35265 0.000838
35280 0.000838
35295 0.000854
35310 0.000858
35325 0.000858
35340 0.000858
35355 0.000858
35370 0.000808
35385 0.000808
35400 0.000808
35415 0.000812
35430 0.000812
35445 0.000812
35460 0.000812
35475 0.000812
35490 0.000812
35505 0.000812
35520 0.000818
35535 0.000818
35550 0.00081
35565 0.00081
35580 0.00081
35595 0.00081
35610 0.00081
35625 0.00081
35640 0.00081
35655 0.00081
35670 0.00081
35685 0.000776
35700 0.000778
35715 0.000778
35730 0.000778
35745 0.000778
35760 0.000778
35775 0.000778
35790 0.000778
35805 0.000778
35820 0.000778
35835 0.000778
35850 0.000778
35865 0.00079
35880 0.00077
35895 0.00077
35910 0.00077
35925 0.00077
35940 0.00077
35955 0.00077
35970 0.00077
35985 0.00077
36000 0.000708
36015 0.000708
36030 0.000708
36045 0.000708
36060 0.00071
36075 0.00071
36090 0.000714
36105 0.000734
36120 0.000734
36135 0.000734
36150 0.000734
36165 0.000734
36180 0.000734
36195 0.000734
36210 0.000734
36225 0.000734
36240 0.000734
36255 0.000734
36270 0.000734
36285 0.000736
36300 0.000736
36315 0.000736
36330 0.000736
36345 0.000736
36360 0.00074
36375 0.000718
36390 0.000718
36405 0.000734
36420 0.000734
36435 0.000734
36450 0.000734
36465 0.000734
36480 0.000734
36495 0.000734
36510 0.000734
36525 0.000734
36540 0.000734
36555 0.000752
36570 0.000752
36585 0.000752
36600 0.000752
36615 0.000764
36630 0.00076
36645 0.00076
36660 0.00076
36675 0.00076
36690 0.000738
36705 0.00073
36720 0.00073
36735 0.00073
36750 0.000742
36765 0.000742
36780 0.000742
36795 0.000724
36810 0.000724
36825 0.000724
36840 0.000724
36855 0.000724
36870 0.000726
36885 0.000726
36900 0.000726
36915 0.000726
36930 0.000706
36945 0.000706
36960 0.000706
36975 0.000706
36990 0.000712
37005 0.000712
37020 0.000712
37035 0.000712
37050 0.000712
37065 0.000712
37080 0.000712
37095 0.000712
37110 0.000712
37125 0.000712
37140 0.000712
37155 0.000732
37170 0.000732
37185 0.000732
37200 0.000732
37215 0.000732
37230 0.000732
37245 0.000732
37260 0.000732
37275 0.000732
37290 0.000732
37305 0.000732
37320 0.000732
37335 0.000732
37350 0.000732
37365 0.000732
37380 0.000732
37395 0.000732
37410 0.000732
37425 0.000732
37440 0.000732
37455 0.000732
37470 0.000732
37485 0.000732
37500 0.000732
37515 0.000732
37530 0.000734
37545 0.000734
37560 0.000734
37575 0.000734
37590 0.000734
37605 0.000734
37620 0.000734
37635 0.000728
37650 0.000728
37665 0.000728
37680 0.000728
37695 0.000728
37710 0.000728
37725 0.000728
37740 0.000728
37755 0.000728
37770 0.000728
37785 0.000728
37800 0.000728
37815 0.000704
37830 0.000712
37845 0.000712
37860 0.000702
37875 0.000702
37890 0.000702
37905 0.000702
37920 0.000702
37935 0.000702
37950 0.000702
37965 0.000658
37980 0.000658
37995 0.000658
38010 0.000658
38025 0.000658
38040 0.000658
38055 0.000658
38070 0.000658
38085 0.000658
38100 0.000658
38115 0.000658
38130 0.000658
38145 0.000658
38160 0.000658
38175 0.000658
38190 0.000658
38205 0.000658
38220 0.000658
38235 0.000658
38250 0.000658
38265 0.00066
38280 0.00066
38295 0.00066
38310 0.00066
38325 0.00066
38340 0.00066
38355 0.00066
38370 0.00066
38385 0.00066
38400 0.000656
38415 0.000656
38430 0.00065
38445 0.00065
38460 0.00065
38475 0.00065
38490 0.00063
38505 0.000634
38520 0.000634
38535 0.000638
38550 0.000634
38565 0.000634
38580 0.000634
38595 0.000634
38610 0.000634
38625 0.000634
38640 0.000634
38655 0.000634
38670 0.000634
38685 0.000634
38700 0.000634
38715 0.000634
38730 0.000634
38745 0.000634
38760 0.000634
38775 0.000634
38790 0.000634
38805 0.000634
38820 0.000634
38835 0.0006
38850 0.0006
38865 0.0006
38880 0.0006
38895 0.0006
38910 0.0006
38925 0.0006
38940 0.0006
38955 0.000588
38970 0.000588
38985 0.000588
39000 0.000588
39015 0.000588
39030 0.000588
39045 0.000588
39060 0.000568
39075 0.000568
39090 0.00052
39105 0.00052
39120 0.000484
39135 0.000484
39150 0.000484
39165 0.000484
39180 0.000484
39195 0.000486
39210 0.000486
39225 0.000486
39240 0.00047
39255 0.00047
39270 0.00047
39285 0.00047
39300 0.00047
39315 0.00047
39330 0.000474
39345 0.000474
39360 0.000474
39375 0.000474
39390 0.000484
39405 0.000484
39420 0.000474
39435 0.000466
39450 0.000466
39465 0.000468
39480 0.000468
39495 0.000452
39510 0.000452
39525 0.000452
39540 0.000452
39555 0.000452
39570 0.000454
39585 0.000454
39600 0.000456
39615 0.000456
39630 0.000456
39645 0.00046
39660 0.00046
39675 0.00046
39690 0.00046
39705 0.00046
39720 0.00046
39735 0.00046
39750 0.00046
39765 0.00046
39780 0.00046
39795 0.00046
39810 0.00046
39825 0.00046
39840 0.00046
39855 0.00046
39870 0.00046
39885 0.00046
39900 0.00046
39915 0.00046
39930 0.00046
39945 0.00046
39960 0.00046
39975 0.00046
39990 0.00046
40005 0.00046
40020 0.00046
40035 0.00046
40050 0.00046
40065 0.00046
40080 0.00046
40095 0.00046
40110 0.00046
40125 0.000462
40140 0.000462
40155 0.000462
40170 0.000462
40185 0.000462
40200 0.000462
40215 0.000462
40230 0.000462
40245 0.000462
40260 0.000446
40275 0.000436
40290 0.000436
40305 0.000436
40320 0.00045
40335 0.00045
40350 0.00045
40365 0.000454
40380 0.000454
40395 0.000454
40410 0.000456
40425 0.000456
40440 0.000456
40455 0.000456
40470 0.000456
40485 0.000456
40500 0.000456
40515 0.000456
40530 0.000452
40545 0.000452
40560 0.000464
40575 0.000464
40590 0.000464
40605 0.000464
40620 0.000464
40635 0.000464
40650 0.000464
40665 0.000464
40680 0.000464
40695 0.000454
40710 0.000454
40725 0.000454
40740 0.000432
40755 0.000432
40770 0.000432
40785 0.000432
40800 0.000432
40815 0.000432
40830 0.000432
40845 0.000432
40860 0.000432
40875 0.000432
40890 0.000432
40905 0.000432
40920 0.000432
40935 0.000432
40950 0.000432
40965 0.000432
40980 0.000432
40995 0.000432
41010 0.000432
41025 0.000432
41040 0.000432
41055 0.000432
41070 0.000432
41085 0.000432
41100 0.000432
41115 0.000432
41130 0.000432
41145 0.000434
41160 0.000434
41175 0.000434
41190 0.000434
41205 0.000434
41220 0.000436
41235 0.000436
41250 0.000436
41265 0.000438
41280 0.000438
41295 0.000424
41310 0.000424
41325 0.000424
41340 0.000424
41355 0.000424
41370 0.000424
41385 0.000424
41400 0.000424
41415 0.00042
41430 0.000422
41445 0.000422
41460 0.000422
41475 0.000422
41490 0.000422
41505 0.000422
41520 0.000422
41535 0.000422
41550 0.000424
41565 0.000424
41580 0.000424
41595 0.000424
41610 0.000424
41625 0.000424
41640 0.000424
41655 0.000424
41670 0.000424
41685 0.000424
41700 0.000428
41715 0.000428
41730 0.000428
41745 0.000428
41760 0.000428
41775 0.00043
41790 0.000428
41805 0.000428
41820 0.000428
41835 0.000422
41850 0.000422
41865 0.000422
41880 0.000422
41895 0.000422
41910 0.000422
41925 0.000422
41940 0.000422
41955 0.000422
41970 0.00042
41985 0.00042
42000 0.00042
42015 0.00042
42030 0.00042
42045 0.00042
42060 0.00042
42075 0.00042
42090 0.00042
42105 0.00042
42120 0.00042
42135 0.00042
42150 0.00042
42165 0.00042
42180 0.000426
42195 0.000426
42210 0.000426
42225 0.000426
42240 0.000426
42255 0.000426
42270 0.000426
42285 0.000426
42300 0.000426
42315 0.000426
42330 0.000424
42345 0.000424
42360 0.000424
42375 0.000424
42390 0.000424
42405 0.000424
42420 0.000418
42435 0.000418
42450 0.000418
42465 0.000418
42480 0.000418
42495 0.000418
42510 0.000418
42525 0.000418
42540 0.000418
42555 0.000418
42570 0.000418
42585 0.000418
42600 0.000418
42615 0.000418
42630 0.000418
42645 0.000418
42660 0.000418
42675 0.000418
42690 0.000418
42705 0.000418
42720 0.000418
42735 0.000418
42750 0.000416
42765 0.000414
42780 0.000414
42795 0.000414
42810 0.000414
42825 0.000414
42840 0.000414
42855 0.000414
42870 0.000416
42885 0.000416
42900 0.000416
42915 0.000416
42930 0.000416
42945 0.000416
42960 0.000416
42975 0.000416
42990 0.000416
43005 0.000416
43020 0.000416
43035 0.000406
43050 0.000398
43065 0.000398
43080 0.000398
43095 0.000398
43110 0.000398
43125 0.000398
43140 0.000398
43155 0.000392
43170 0.000392
43185 0.000392
43200 0.000392
43215 0.000392
43230 0.000392
43245 0.000392
43260 0.000392
43275 0.000392
43290 0.000392
43305 0.000392
43320 0.000392
43335 0.000392
43350 0.000392
43365 0.000392
43380 0.000392
43395 0.000392
43410 0.000392
43425 0.000392
43440 0.000392
43455 0.000392
43470 0.000392
43485 0.000392
43500 0.000388
43515 0.000388
43530 0.000388
43545 0.000388
43560 0.000388
43575 0.000388
43590 0.000388
43605 0.000388
43620 0.000388
43635 0.000382
43650 0.000382
43665 0.000382
43680 0.000382
43695 0.000382
43710 0.000382
43725 0.000382
43740 0.000382
43755 0.000382
43770 0.000382
43785 0.000382
43800 0.000384
43815 0.000384
43830 0.000384
43845 0.000384
43860 0.000384
43875 0.000384
43890 0.000388
43905 0.000388
43920 0.000388
43935 0.000388
43950 0.000388
43965 0.000388
43980 0.000388
43995 0.000388
44010 0.000388
44025 0.00039
44040 0.000394
44055 0.000394
44070 0.000394
44085 0.000394
44100 0.000394
44115 0.000394
44130 0.000394
44145 0.000394
44160 0.000394
44175 0.000394
44190 0.000394
44205 0.000394
44220 0.000394
44235 0.000394
44250 0.000394
44265 0.000394
44280 0.000394
44295 0.000394
44310 0.000394
44325 0.000394
44340 0.000394
44355 0.000394
44370 0.000394
44385 0.000394
44400 0.000394
44415 0.000394
44430 0.000378
44445 0.00038
44460 0.000376
44475 0.000376
44490 0.000376
44505 0.000376
44520 0.000376
44535 0.000376
44550 0.000376
44565 0.000376
44580 0.000376
44595 0.000376
44610 0.000376
44625 0.000376
44640 0.000376
44655 0.000376
44670 0.000376
44685 0.000378
44700 0.000378
44715 0.000378
44730 0.000378
44745 0.000378
44760 0.000378
44775 0.000378
44790 0.000384
44805 0.000384
44820 0.000384
44835 0.000384
44850 0.000384
44865 0.000384
44880 0.000384
44895 0.000384
44910 0.000384
44925 0.000384
44940 0.000384
44955 0.00037
44970 0.00037
44985 0.00037
45000 0.00037
45015 0.00037
45030 0.000362
45045 0.000362
45060 0.000362
45075 0.000362
45090 0.000362
45105 0.000362
45120 0.000362
45135 0.000362
45150 0.000362
45165 0.000362
45180 0.000362
45195 0.000362
45210 0.000362
45225 0.000362
45240 0.000362
45255 0.000362
45270 0.000362
45285 0.000362
45300 0.000362
45315 0.000362
45330 0.000362
45345 0.000362
45360 0.000362
45375 0.000362
45390 0.000362
45405 0.000362
45420 0.000362
45435 0.000362
45450 0.000362
45465 0.000362
45480 0.000362
45495 0.000362
45510 0.000362
45525 0.000362
45540 0.000362
45555 0.000362
45570 0.000374
45585 0.000374
45600 0.000368
45615 0.000368
45630 0.000368
45645 0.000368
45660 0.000368
45675 0.000368
45690 0.000368
45705 0.000368
45720 0.000368
45735 0.000368
45750 0.00036
45765 0.00036
45780 0.00036
45795 0.000354
45810 0.000354
45825 0.000354
45840 0.000354
45855 0.000354
45870 0.000354
45885 0.000354
45900 0.000354
45915 0.000354
45930 0.000354
45945 0.000354
45960 0.000354
45975 0.000354
45990 0.000358
46005 0.000358
46020 0.000358
46035 0.000358
46050 0.000358
46065 0.000358
46080 0.000358
46095 0.000358
46110 0.00036
46125 0.00036
46140 0.00036
46155 0.00036
46170 0.00036
46185 0.00036
46200 0.00036
46215 0.00036
46230 0.00036
46245 0.00036
46260 0.00036
46275 0.00036
46290 0.00036
46305 0.00036
46320 0.00036
46335 0.00036
46350 0.000358
46365 0.000358
46380 0.000358
46395 0.000358
46410 0.000358
46425 0.000358
46440 0.000358
46455 0.000358
46470 0.000358
46485 0.000358
46500 0.000358
46515 0.000358
46530 0.000358
46545 0.000358
46560 0.000352
46575 0.000352
46590 0.000352
46605 0.000352
46620 0.000356
46635 0.000356
46650 0.000356
46665 0.000346
46680 0.000346
46695 0.000346
46710 0.000346
46725 0.000346
46740 0.000346
46755 0.000346
46770 0.000346
46785 0.000346
46800 0.000346
46815 0.000346
46830 0.000342
46845 0.000342
46860 0.000342
46875 0.000342
46890 0.000342
46905 0.000342
46920 0.000342
46935 0.000338
46950 0.000332
46965 0.000332
46980 0.000332
46995 0.000332
47010 0.000328
47025 0.000328
47040 0.000328
47055 0.000328
47070 0.000328
47085 0.000328
47100 0.000328
47115 0.000328
47130 0.000328
47145 0.000328
47160 0.000328
47175 0.000328
47190 0.000328
47205 0.000328
47220 0.000328
47235 0.000324
47250 0.000324
47265 0.000324
47280 0.000324
47295 0.000324
47310 0.000324
47325 0.000324
47340 0.000332
47355 0.000332
47370 0.000332
47385 0.000332
47400 0.000334
47415 0.000334
47430 0.000334
47445 0.000334
47460 0.000334
47475 0.000334
47490 0.000334
47505 0.000334
47520 0.000334
47535 0.000334
47550 0.000334
47565 0.000336
47580 0.000336
47595 0.000336
47610 0.000336
47625 0.000336
47640 0.000336
47655 0.000336
47670 0.000336
47685 0.000336
47700 0.000336
47715 0.000336
47730 0.000336
47745 0.000336
47760 0.000336
47775 0.000336
47790 0.000336
47805 0.000336
47820 0.000336
47835 0.000336
47850 0.000336
47865 0.000328
47880 0.000328
47895 0.000328
47910 0.000328
47925 0.000328
47940 0.000328
47955 0.000328
47970 0.000328
47985 0.000328
48000 0.000328
48015 0.000328
48030 0.000328
48045 0.000328
48060 0.000328
48075 0.000328
48090 0.000328
48105 0.000328
48120 0.000328
48135 0.000328
48150 0.000328
48165 0.000328
48180 0.000328
48195 0.000328
48210 0.000328
48225 0.000328
48240 0.000328
48255 0.000324
48270 0.000324
48285 0.000316
48300 0.000316
48315 0.000316
48330 0.000316
48345 0.000316
48360 0.000316
48375 0.000316
48390 0.000316
48405 0.000316
48420 0.000316
48435 0.000314
48450 0.000314
48465 0.000314
48480 0.000314
48495 0.000314
48510 0.000314
48525 0.000314
48540 0.000314
48555 0.000314
48570 0.000316
48585 0.000316
48600 0.000316
48615 0.000316
48630 0.000316
48645 0.000316
48660 0.000316
48675 0.00032
48690 0.00032
48705 0.000308
48720 0.000308
48735 0.000308
48750 0.000308
48765 0.000308
48780 0.000294
48795 0.000294
48810 0.000294
48825 0.000294
48840 0.000294
48855 0.000294
48870 0.000294
48885 0.000294
48900 0.000294
48915 0.000294
48930 0.000294
48945 0.000294
48960 0.000294
48975 0.000294
48990 0.000294
49005 0.000294
49020 0.000294
49035 0.000294
49050 0.000294
49065 0.000294
49080 0.000294
49095 0.000292
49110 0.000292
49125 0.000292
49140 0.000292
49155 0.000292
49170 0.000292
49185 0.000292
49200 0.000292
49215 0.000292
49230 0.000292
49245 0.000292
49260 0.000292
49275 0.000292
49290 0.000292
49305 0.000292
49320 0.000292
49335 0.000292
49350 0.000292
49365 0.000292
49380 0.000292
49395 0.000292
49410 0.000292
49425 0.000292
49440 0.000292
49455 0.000292
49470 0.000292
49485 0.000286
49500 0.000286
49515 0.000286
49530 0.000286
49545 0.000286
49560 0.000286
49575 0.000286
49590 0.000286
49605 0.000286
49620 0.000286
49635 0.000286
49650 0.000286
49665 0.000286
49680 0.000286
49695 0.000286
49710 0.000286
49725 0.000286
49740 0.000286
49755 0.000286
49770 0.000286
49785 0.000286
49800 0.000286
49815 0.000286
49830 0.000286
49845 0.000286
49860 0.000286
49875 0.000286
49890 0.000286
49905 0.000286
49920 0.000286
49935 0.000286
49950 0.000286
49965 0.000286
49980 0.000286
49995 0.000286
50010 0.000254
50025 0.000254
50040 0.000254
50055 0.000252
50070 0.000252
50085 0.000252
50100 0.000252
50115 0.00025
50130 0.00025
50145 0.00025
50160 0.00025
50175 0.00025
50190 0.00025
50205 0.00025
50220 0.00025
50235 0.00025
50250 0.00025
50265 0.00025
50280 0.00025
50295 0.00025
50310 0.00025
50325 0.00025
50340 0.00025
50355 0.00025
50370 0.00025
50385 0.00025
50400 0.00025
50415 0.00025
50430 0.00025
50445 0.00025
50460 0.00025
50475 0.00025
50490 0.00025
50505 0.00025
50520 0.00025
50535 0.00025
50550 0.00025
50565 0.00025
50580 0.00025
50595 0.00025
50610 0.00025
50625 0.00025
50640 0.00025
50655 0.00025
50670 0.00025
50685 0.000242
50700 0.000242
50715 0.000242
50730 0.000242
50745 0.000242
50760 0.000242
50775 0.000242
50790 0.000242
50805 0.000242
50820 0.000242
50835 0.000242
50850 0.000242
50865 0.000242
50880 0.000242
50895 0.000242
50910 0.000242
50925 0.000242
50940 0.000242
50955 0.000242
50970 0.000242
50985 0.000242
51000 0.000242
51015 0.000242
51030 0.000242
51045 0.000242
51060 0.000242
51075 0.000242
51090 0.000242
51105 0.000244
51120 0.000244
51135 0.000244
51150 0.000244
51165 0.000244
51180 0.000244
51195 0.000242
51210 0.000242
51225 0.000242
51240 0.000242
51255 0.000242
51270 0.000242
51285 0.000242
51300 0.000242
51315 0.000242
51330 0.000242
51345 0.000242
51360 0.000242
51375 0.000242
51390 0.000242
51405 0.000242
51420 0.000242
51435 0.000242
51450 0.000242
51465 0.000242
51480 0.000242
51495 0.000242
51510 0.000242
51525 0.000242
51540 0.000242
51555 0.000242
51570 0.000242
51585 0.000242
51600 0.000242
51615 0.000242
51630 0.000242
51645 0.000242
51660 0.000242
51675 0.000242
51690 0.000242
51705 0.000242
51720 0.000244
51735 0.000244
51750 0.000244
51765 0.000244
51780 0.000244
51795 0.000244
51810 0.000244
51825 0.000246
51840 0.000246
51855 0.000246
51870 0.000246
51885 0.000246
51900 0.000246
51915 0.000246
51930 0.000246
51945 0.000246
51960 0.000242
51975 0.000242
51990 0.000242
52005 0.000242
52020 0.000242
52035 0.000242
52050 0.000242
52065 0.000242
52080 0.000242
52095 0.000242
52110 0.000242
52125 0.000242
52140 0.000242
52155 0.000244
52170 0.000244
52185 0.000244
52200 0.000244
52215 0.000244
52230 0.000244
52245 0.000244
52260 0.000244
52275 0.000244
52290 0.000244
52305 0.000244
52320 0.000244
52335 0.000244
52350 0.000244
52365 0.000244
52380 0.000244
52395 0.000244
52410 0.000244
52425 0.000244
52440 0.000244
52455 0.000244
52470 0.000244
52485 0.000244
52500 0.000244
52515 0.000244
52530 0.000244
52545 0.000244
52560 0.000244
52575 0.000244
52590 0.000244
52605 0.000244
52620 0.000242
52635 0.000242
52650 0.000242
52665 0.000242
52680 0.000242
52695 0.000242
52710 0.000238
52725 0.000238
52740 0.000238
52755 0.000238
52770 0.000238
52785 0.000238
52800 0.000238
52815 0.000238
52830 0.000238
52845 0.000238
52860 0.000238
52875 0.000238
52890 0.000238
52905 0.000238
52920 0.000238
52935 0.000238
52950 0.000238
52965 0.000238
52980 0.000238
52995 0.000238
53010 0.000238
53025 0.000238
53040 0.000238
53055 0.000238
53070 0.000238
53085 0.000238
53100 0.000238
53115 0.000238
53130 0.000238
53145 0.000238
53160 0.000238
53175 0.000238
53190 0.000238
53205 0.000238
53220 0.000234
53235 0.000242
53250 0.000242
53265 0.000242
53280 0.000242
53295 0.000242
53310 0.000242
53325 0.000242
53340 0.000242
53355 0.000242
53370 0.000242
53385 0.000242
53400 0.000242
53415 0.000242
53430 0.000242
53445 0.000242
53460 0.000242
53475 0.000234
53490 0.000234
53505 0.000234
53520 0.000234
53535 0.000234
53550 0.000234
53565 0.000236
53580 0.000236
53595 0.000236
53610 0.000236
53625 0.000236
53640 0.000236
53655 0.000236
53670 0.000236
53685 0.000236
53700 0.000236
53715 0.000236
53730 0.000236
53745 0.000236
53760 0.000236
53775 0.000236
53790 0.000236
53805 0.000236
53820 0.000236
53835 0.000236
53850 0.000236
53865 0.000236
53880 0.000236
53895 0.000236
53910 0.000236
53925 0.000236
53940 0.000236
53955 0.000236
53970 0.000228
53985 0.000228
54000 0.000228
54015 0.000228
54030 0.000228
54045 0.000228
54060 0.000228
54075 0.000228
54090 0.000228
54105 0.000228
54120 0.000228
54135 0.000228
54150 0.000228
54165 0.000228
54180 0.000228
54195 0.000228
54210 0.000228
54225 0.000224
54240 0.000224
54255 0.000224
54270 0.000224
54285 0.000224
54300 0.000224
54315 0.000224
54330 0.000224
54345 0.000224
54360 0.000222
54375 0.00022
54390 0.00022
54405 0.00022
54420 0.00022
54435 0.00022
54450 0.00022
54465 0.00022
54480 0.00022
54495 0.00022
54510 0.00022
54525 0.00022
54540 0.00022
54555 0.00022
54570 0.00022
54585 0.00022
54600 0.00022
54615 0.00022
54630 0.00022
54645 0.00022
54660 0.00022
54675 0.00022
54690 0.00022
54705 0.00022
54720 0.00022
54735 0.00022
54750 0.00022
54765 0.00022
54780 0.00022
54795 0.00022
54810 0.00022
54825 0.00022
54840 0.00022
54855 0.00022
54870 0.00022
54885 0.00022
54900 0.00022
54915 0.00022
54930 0.00022
54945 0.00022
54960 0.00022
54975 0.00022
54990 0.00022
55005 0.00022
55020 0.00022
55035 0.00022
55050 0.00022
55065 0.00022
55080 0.00022
55095 0.00022
55110 0.00022
55125 0.00022
55140 0.00022
55155 0.00022
55170 0.00022
55185 0.00022
55200 0.00022
55215 0.00022
55230 0.000216
55245 0.000216
55260 0.000216
55275 0.000216
55290 0.000216
55305 0.000216
55320 0.000216
55335 0.000216
55350 0.000216
55365 0.000216
55380 0.000216
55395 0.000216
55410 0.000216
55425 0.000216
55440 0.000216
55455 0.000216
55470 0.000216
55485 0.000216
55500 0.000208
55515 0.000208
55530 0.000208
55545 0.000208
55560 0.000208
55575 0.000208
55590 0.000208
55605 0.000208
55620 0.000208
55635 0.00021
55650 0.00021
55665 0.00021
55680 0.00021
55695 0.00021
55710 0.00021
55725 0.00021
55740 0.00021
55755 0.00021
55770 0.00021
55785 0.00021
55800 0.00021
55815 0.00021
55830 0.00021
55845 0.00021
55860 0.00021
55875 0.00021
55890 0.00021
55905 0.00021
55920 0.00021
55935 0.00021
55950 0.00021
55965 0.00021
55980 0.00021
55995 0.00021
56010 0.00021
56025 0.00021
56040 0.00021
56055 0.00021
56070 0.00021
56085 0.00021
56100 0.00021
56115 0.00021
56130 0.00021
56145 0.00021
56160 0.00021
56175 0.00021
56190 0.00021
56205 0.000208
56220 0.000208
56235 0.000208
56250 0.000208
56265 0.000208
56280 0.000208
56295 0.000208
56310 0.000208
56325 0.000208
56340 0.000208
56355 0.0002
56370 0.0002
56385 0.0002
56400 0.0002
56415 0.0002
56430 0.0002
56445 0.0002
56460 0.0002
56475 0.000198
56490 0.000198
56505 0.000198
56520 0.000198
56535 0.000198
56550 0.000198
56565 0.000198
56580 0.000198
56595 0.000194
56610 0.000194
56625 0.000194
56640 0.000194
56655 0.000192
56670 0.000192
56685 0.000192
56700 0.000192
56715 0.000192
56730 0.000192
56745 0.000192
56760 0.000192
56775 0.000192
56790 0.000192
56805 0.000192
56820 0.000192
56835 0.000192
56850 0.000192
56865 0.000192
56880 0.000192
56895 0.000192
56910 0.000192
56925 0.000192
56940 0.000192
56955 0.000192
56970 0.000192
56985 0.000192
57000 0.000192
57015 0.000192
57030 0.000192
57045 0.000192
57060 0.000192
57075 0.000192
57090 0.000192
57105 0.000192
57120 0.000192
57135 0.000192
57150 0.000192
57165 0.000192
57180 0.000192
57195 0.000192
57210 0.000192
57225 0.000192
57240 0.000192
57255 0.000192
57270 0.000192
57285 0.000192
57300 0.000192
57315 0.000192
57330 0.000192
57345 0.000192
57360 0.000192
57375 0.000192
57390 0.000192
57405 0.000192
57420 0.000192
57435 0.000192
57450 0.000192
57465 0.000192
57480 0.000192
57495 0.000192
57510 0.000192
57525 0.000192
57540 0.000192
57555 0.000192
57570 0.00019
57585 0.00019
57600 0.00019
57615 0.00019
57630 0.00019
57645 0.00019
57660 0.000186
57675 0.000186
57690 0.000186
57705 0.000186
57720 0.000186
57735 0.000186
57750 0.000186
57765 0.000186
57780 0.000186
57795 0.00019
57810 0.00019
57825 0.00019
57840 0.00019
57855 0.00019
57870 0.00019
57885 0.00019
57900 0.00019
57915 0.00019
57930 0.00019
57945 0.00019
57960 0.00019
57975 0.00019
57990 0.00019
58005 0.000188
58020 0.000188
58035 0.000188
58050 0.000188
58065 0.000188
58080 0.000188
58095 0.000188
58110 0.000188
58125 0.000188
58140 0.000188
58155 0.000188
58170 0.000188
58185 0.000184
58200 0.000184
58215 0.000184
58230 0.000184
58245 0.000184
58260 0.000184
58275 0.000184
58290 0.000172
58305 0.000172
58320 0.000172
58335 0.000172
58350 0.000172
58365 0.000172
58380 0.000172
58395 0.000172
58410 0.000172
58425 0.000172
58440 0.000172
58455 0.000172
58470 0.000172
58485 0.000172
58500 0.000172
58515 0.000172
58530 0.000172
58545 0.000172
58560 0.000172
58575 0.000172
58590 0.000172
58605 0.000172
58620 0.000172
58635 0.00017
58650 0.00017
58665 0.00017
58680 0.00017
58695 0.00017
58710 0.00017
58725 0.000172
58740 0.000172
58755 0.000172
58770 0.000172
58785 0.000172
58800 0.000172
58815 0.000172
58830 0.000172
58845 0.000172
58860 0.000172
58875 0.000172
58890 0.000174
58905 0.000174
58920 0.000174
58935 0.000174
58950 0.000174
58965 0.00017
58980 0.00017
58995 0.00017
59010 0.00017
59025 0.00017
59040 0.000176
59055 0.000176
59070 0.000176
59085 0.000176
59100 0.000176
59115 0.000176
59130 0.000174
59145 0.000174
59160 0.000174
59175 0.000174
59190 0.000174
59205 0.000174
59220 0.000174
59235 0.000174
59250 0.00017
59265 0.00017
59280 0.00017
59295 0.00017
59310 0.00017
59325 0.000164
59340 0.000164
59355 0.000164
59370 0.000164
59385 0.000162
59400 0.000162
59415 0.000162
59430 0.000162
59445 0.000162
59460 0.000162
59475 0.00016
59490 0.00016
59505 0.00016
59520 0.00016
59535 0.00016
59550 0.00016
59565 0.00016
59580 0.00016
59595 0.00016
59610 0.00016
59625 0.00016
59640 0.00016
59655 0.00016
59670 0.00016
59685 0.00016
59700 0.00016
59715 0.00016
59730 0.00016
59745 0.00016
59760 0.00016
59775 0.00016
59790 0.00016
59805 0.000158
59820 0.000158
59835 0.000158
59850 0.000158
59865 0.000158
59880 0.000158
59895 0.000158
59910 0.000158
59925 0.000158
59940 0.000158
59955 0.000158
59970 0.000158
59985 0.000158
60000 0.000158
60015 0.000158
60030 0.000158
60045 0.000158
60060 0.000158
60075 0.000158
60090 0.000158
60105 0.000158
60120 0.000158
60135 0.000158
60150 0.000158
60165 0.000158
60180 0.000158
60195 0.000158
60210 0.000158
60225 0.000158
60240 0.000158
60255 0.000158
60270 0.000158
60285 0.000158
60300 0.000158
60315 0.000158
60330 0.000158
60345 0.00016
60360 0.00016
60375 0.00016
60390 0.00016
60405 0.00016
60420 0.00016
60435 0.00016
60450 0.00016
60465 0.00016
60480 0.00016
60495 0.00016
60510 0.00016
60525 0.00016
60540 0.00016
60555 0.00016
60570 0.00016
60585 0.00016
60600 0.00016
60615 0.00016
60630 0.00016
60645 0.00016
60660 0.00016
60675 0.00016
60690 0.00016
60705 0.00016
60720 0.00016
60735 0.00016
60750 0.00016
60765 0.00016
60780 0.00016
60795 0.00016
60810 0.00016
60825 0.00016
60840 0.00016
60855 0.00016
60870 0.00016
60885 0.00016
60900 0.00016
60915 0.00016
60930 0.00016
60945 0.00016
60960 0.00016
60975 0.00016
60990 0.00016
61005 0.00016
61020 0.00016
61035 0.00016
61050 0.00016
61065 0.00016
61080 0.00016
61095 0.00016
61110 0.00016
61125 0.00016
61140 0.00016
61155 0.00016
61170 0.00016
61185 0.00016
61200 0.00016
61215 0.00016
61230 0.00016
61245 0.00016
61260 0.00016
61275 0.00016
61290 0.00016
61305 0.00016
61320 0.00016
61335 0.00016
61350 0.00016
61365 0.00016
61380 0.00016
61395 0.00016
61410 0.00016
61425 0.00016
61440 0.00016
61455 0.00016
61470 0.000162
61485 0.000162
61500 0.000162
61515 0.000162
61530 0.000162
61545 0.000162
61560 0.000162
61575 0.000162
61590 0.000162
61605 0.000162
61620 0.000162
61635 0.000162
61650 0.000162
61665 0.000162
61680 0.000162
61695 0.000162
61710 0.000158
61725 0.000158
61740 0.000158
61755 0.000158
61770 0.000158
61785 0.000158
61800 0.000158
61815 0.000158
61830 0.000158
61845 0.000158
61860 0.000158
61875 0.000158
61890 0.000158
61905 0.000158
61920 0.000158
61935 0.000158
61950 0.000158
61965 0.000158
61980 0.000158
61995 0.000158
62010 0.000158
62025 0.000158
62040 0.000158
62055 0.000158
62070 0.000162
62085 0.000162
62100 0.000162
62115 0.000162
62130 0.000162
62145 0.000162
62160 0.000162
62175 0.000162
62190 0.000162
62205 0.000162
62220 0.000162
62235 0.000162
62250 0.000162
62265 0.000162
62280 0.000162
62295 0.000162
62310 0.000162
62325 0.000162
62340 0.000162
62355 0.000162
62370 0.000162
62385 0.000162
62400 0.000162
62415 0.000162
62430 0.000162
62445 0.000162
62460 0.000162
62475 0.000162
62490 0.000162
62505 0.000162
62520 0.000162
62535 0.000162
62550 0.000164
62565 0.000164
62580 0.000164
62595 0.000164
62610 0.000164
62625 0.000164
62640 0.000164
62655 0.000164
62670 0.000164
62685 0.000164
62700 0.000164
62715 0.000164
62730 0.000164
62745 0.000164
62760 0.000164
62775 0.000164
62790 0.000164
62805 0.000164
62820 0.000164
62835 0.000162
62850 0.000162
62865 0.000162
62880 0.000162
62895 0.000162
62910 0.000162
62925 0.000162
62940 0.000162
62955 0.000162
62970 0.000162
62985 0.000162
63000 0.000162
63015 0.000162
63030 0.000162
63045 0.00016
63060 0.00016
63075 0.00016
63090 0.00016
63105 0.00016
63120 0.00016
63135 0.00016
63150 0.00016
63165 0.00016
63180 0.00016
63195 0.00016
63210 0.00016
63225 0.00016
63240 0.00016
63255 0.00016
63270 0.00016
63285 0.00016
63300 0.000158
63315 0.000158
63330 0.000158
63345 0.000158
63360 0.000158
63375 0.000158
63390 0.000158
63405 0.000158
63420 0.000158
63435 0.000158
63450 0.000158
63465 0.000158
63480 0.000158
63495 0.000158
63510 0.000158
63525 0.000158
63540 0.000158
63555 0.000158
63570 0.000158
63585 0.000158
63600 0.000158
63615 0.000158
63630 0.000158
63645 0.000158
63660 0.000158
63675 0.000158
63690 0.000158
63705 0.000158
63720 0.000158
63735 0.000158
63750 0.000158
63765 0.000158
63780 0.000158
63795 0.000158
63810 0.000158
63825 0.000158
63840 0.000158
63855 0.000158
63870 0.000158
63885 0.000158
63900 0.000158
63915 0.000158
63930 0.000158
63945 0.000158
63960 0.000158
63975 0.000158
63990 0.000158
64005 0.000158
64020 0.000158
64035 0.000158
64050 0.000158
64065 0.000158
64080 0.000158
64095 0.000158
64110 0.000158
64125 0.000158
64140 0.000158
64155 0.000158
64170 0.000158
64185 0.000158
64200 0.000156
64215 0.000156
64230 0.000156
64245 0.000156
64260 0.000156
64275 0.000156
64290 0.000156
64305 0.000156
64320 0.000156
64335 0.000156
64350 0.000156
64365 0.000156
64380 0.000156
64395 0.000156
64410 0.000156
64425 0.000156
64440 0.000156
64455 0.000156
64470 0.000156
64485 0.000156
64500 0.000156
64515 0.000156
64530 0.000156
64545 0.000156
64560 0.000156
64575 0.000156
64590 0.000156
64605 0.000156
64620 0.000156
64635 0.000156
64650 0.000158
64665 0.000158
64680 0.000158
64695 0.000158
64710 0.000158
64725 0.000158
64740 0.000156
64755 0.000156
64770 0.000156
64785 0.000156
64800 0.000156
64815 0.000156
64830 0.000156
64845 0.000156
64860 0.000156
64875 0.000156
64890 0.000156
64905 0.000156
64920 0.000156
64935 0.000156
64950 0.000156
64965 0.000156
64980 0.000156
64995 0.000156
65010 0.000156
65025 0.000154
65040 0.000154
65055 0.000154
65070 0.000154
65085 0.000154
65100 0.000154
65115 0.000154
65130 0.000154
65145 0.000154
65160 0.000154
65175 0.000154
65190 0.000154
65205 0.000154
65220 0.000154
65235 0.000154
65250 0.000154
65265 0.000154
65280 0.000154
65295 0.000154
65310 0.000154
65325 0.000154
65340 0.000154
65355 0.000154
65370 0.000154
65385 0.000154
65400 0.000154
65415 0.000154
65430 0.000154
65445 0.000154
65460 0.000154
65475 0.000154
65490 0.000154
65505 0.000154
65520 0.000154
65535 0.000154
65550 0.000154
65565 0.000154
65580 0.000154
65595 0.000154
65610 0.000154
65625 0.000154
65640 0.000154
65655 0.000154
65670 0.000154
65685 0.000154
65700 0.000154
65715 0.000154
65730 0.000154
65745 0.000154
65760 0.000154
65775 0.000154
65790 0.000154
65805 0.00015
65820 0.00015
65835 0.000144
65850 0.000144
65865 0.000144
65880 0.000144
65895 0.000144
65910 0.000144
65925 0.000144
65940 0.000144
65955 0.000142
65970 0.000142
65985 0.000142
66000 0.000142
66015 0.000142
66030 0.000142
66045 0.000142
66060 0.000142
66075 0.000142
66090 0.000142
66105 0.000142
66120 0.000142
66135 0.000142
66150 0.000142
66165 0.000142
66180 0.000142
66195 0.000138
66210 0.000138
66225 0.000138
66240 0.000136
66255 0.000136
66270 0.000136
66285 0.000134
66300 0.000134
66315 0.000134
66330 0.000134
66345 0.000134
66360 0.000134
66375 0.000134
66390 0.000134
66405 0.000134
66420 0.000134
66435 0.000134
66450 0.000134
66465 0.000134
66480 0.000134
66495 0.000134
66510 0.000134
66525 0.000134
66540 0.000134
66555 0.000134
66570 0.000134
66585 0.000134
66600 0.000134
66615 0.000134
66630 0.000134
66645 0.000134
66660 0.000134
66675 0.000134
66690 0.000134
66705 0.000134
66720 0.000134
66735 0.000134
66750 0.000134
66765 0.000132
66780 0.000132
66795 0.000132
66810 0.000132
66825 0.000132
66840 0.000132
66855 0.000132
66870 0.000132
66885 0.000132
66900 0.000132
66915 0.000132
66930 0.000132
66945 0.000132
66960 0.000132
66975 0.000132
66990 0.000132
67005 0.000132
67020 0.000132
67035 0.000132
67050 0.000132
67065 0.000132
67080 0.000132
67095 0.000132
67110 0.000132
67125 0.000132
67140 0.000132
67155 0.000132
67170 0.000132
67185 0.000132
67200 0.000132
67215 0.000132
67230 0.000132
67245 0.000132
67260 0.000132
67275 0.000132
67290 0.000132
67305 0.000132
67320 0.000132
67335 0.000132
67350 0.000132
67365 0.000132
67380 0.000132
67395 0.000132
67410 0.000132
67425 0.000132
67440 0.000132
67455 0.000132
67470 0.000132
67485 0.000132
67500 0.000132
67515 0.000132
67530 0.000132
67545 0.000132
67560 0.000132
67575 0.000136
67590 0.000136
67605 0.000136
67620 0.000136
67635 0.000136
67650 0.000136
67665 0.000136
67680 0.000136
67695 0.000136
67710 0.000136
67725 0.000136
67740 0.000136
67755 0.000136
67770 0.000136
67785 0.000136
67800 0.000136
67815 0.000136
67830 0.000136
67845 0.000132
67860 0.000132
67875 0.000132
67890 0.000132
67905 0.000132
67920 0.000132
67935 0.000132
67950 0.000132
67965 0.000132
67980 0.000132
67995 0.000132
68010 0.000132
68025 0.000132
68040 0.000132
68055 0.000132
68070 0.000132
68085 0.000132
68100 0.000132
68115 0.000132
68130 0.000132
68145 0.000132
68160 0.000132
68175 0.000132
68190 0.000132
68205 0.000132
68220 0.000132
68235 0.000132
68250 0.000132
68265 0.000132
68280 0.000132
68295 0.000132
68310 0.000132
68325 0.000132
68340 0.000132
68355 0.000132
68370 0.000132
68385 0.000132
68400 0.000132
68415 0.000132
68430 0.000132
68445 0.000132
68460 0.000132
68475 0.000132
68490 0.000132
68505 0.000132
68520 0.000132
68535 0.000132
68550 0.000132
68565 0.000132
68580 0.000132
68595 0.000132
68610 0.000132
68625 0.000132
68640 0.000132
68655 0.000132
68670 0.000132
68685 0.000132
68700 0.000132
68715 0.000132
68730 0.000132
68745 0.000132
68760 0.000132
68775 0.000132
68790 0.000132
68805 0.000132
68820 0.000132
68835 0.000132
68850 0.000132
68865 0.00013
68880 0.00013
68895 0.00013
68910 0.00013
68925 0.00013
68940 0.00013
68955 0.00013
68970 0.00013
68985 0.00013
69000 0.00013
69015 0.000128
69030 0.000128
69045 0.000128
69060 0.000128
69075 0.000128
69090 0.000128
69105 0.000128
69120 0.000128
69135 0.000128
69150 0.000128
69165 0.000128
69180 0.000128
69195 0.000128
69210 0.000128
69225 0.000128
69240 0.000128
69255 0.000128
69270 0.000128
69285 0.000128
69300 0.000128
69315 0.000128
69330 0.000128
69345 0.000128
69360 0.000128
69375 0.000128
69390 0.000128
69405 0.000128
69420 0.000128
69435 0.000128
69450 0.000128
69465 0.000128
69480 0.000128
69495 0.000128
69510 0.000128
69525 0.000128
69540 0.000128
69555 0.000128
69570 0.000128
69585 0.000128
69600 0.000128
69615 0.000128
69630 0.000128
69645 0.000128
69660 0.000128
69675 0.000128
69690 0.000128
69705 0.000128
69720 0.000128
69735 0.000128
69750 0.000128
69765 0.000128
69780 0.000128
69795 0.000128
69810 0.000128
69825 0.000128
69840 0.000128
69855 0.000128
69870 0.000128
69885 0.000128
69900 0.000128
69915 0.000128
69930 0.000128
69945 0.000128
69960 0.000128
69975 0.000128
69990 0.000128
70005 0.000128
70020 0.000116
70035 0.000114
70050 0.000114
70065 0.000114
70080 0.000114
70095 0.000114
70110 0.000114
70125 0.000114
70140 0.000114
70155 0.000114
70170 0.000114
70185 0.000114
70200 0.000114
70215 0.000114
70230 0.000114
70245 0.000114
70260 0.000114
70275 0.000114
70290 0.000114
70305 0.000114
70320 0.000114
70335 0.000114
70350 0.000114
70365 0.000114
70380 0.000114
70395 0.000114
70410 0.000114
70425 0.000114
70440 0.000114
70455 0.000116
70470 0.000116
70485 0.000116
70500 0.000116
70515 0.000116
70530 0.000116
70545 0.000116
70560 0.000116
70575 0.000116
70590 0.000116
70605 0.000116
70620 0.000116
70635 0.000116
70650 0.000116
70665 0.000116
70680 0.000116
70695 0.000116
70710 0.000116
70725 0.000116
70740 0.000116
70755 0.000116
70770 0.000116
70785 0.000116
70800 0.000116
70815 0.000116
70830 0.000116
70845 0.000116
70860 0.000116
70875 0.000116
70890 0.000116
70905 0.000116
70920 0.000116
70935 0.000116
70950 0.000116
70965 0.000116
70980 0.000116
70995 0.000116
71010 0.000116
71025 0.000116
71040 0.000116
71055 0.000116
71070 0.000116
71085 0.000116
71100 0.000116
71115 0.000114
71130 0.000114
71145 0.000114
71160 0.000114
71175 0.000114
71190 0.000114
71205 0.000114
71220 0.000114
71235 0.000112
71250 0.000112
71265 0.000112
71280 0.000112
71295 0.000112
71310 0.000112
71325 0.000112
71340 0.000112
71355 0.000112
71370 0.000112
71385 0.000112
71400 0.000112
71415 0.000112
71430 0.000112
71445 0.000112
71460 0.000112
71475 0.000112
71490 0.000112
71505 0.000112
71520 0.000112
71535 0.000112
71550 0.000112
71565 0.000112
71580 0.000112
71595 0.000112
71610 0.000112
71625 0.000112
71640 0.000112
71655 0.000112
71670 0.000112
71685 0.000112
71700 0.000112
71715 0.000112
71730 0.000112
71745 0.000112
71760 0.00011
71775 0.00011
71790 0.00011
71805 0.00011
71820 0.00011
71835 0.00011
71850 0.00011
71865 0.00011
71880 0.00011
71895 0.00011
71910 0.00011
71925 0.00011
71940 0.00011
71955 0.00011
71970 0.00011
71985 0.00011
72000 0.00011
72015 0.00011
72030 0.00011
72045 0.00011
72060 0.00011
72075 0.00011
72090 0.00011
72105 0.00011
72120 0.00011
72135 0.00011
72150 0.00011
72165 0.00011
72180 0.00011
72195 0.00011
72210 0.00011
72225 0.00011
72240 0.00011
72255 0.00011
72270 0.00011
72285 0.00011
72300 0.00011
72315 0.00011
72330 0.00011
72345 0.00011
72360 0.00011
72375 0.00011
72390 0.00011
72405 0.00011
72420 0.00011
72435 0.00011
72450 0.00011
72465 0.00011
72480 0.00011
72495 0.000108
72510 0.000108
72525 0.000108
72540 0.000108
72555 0.000108
72570 0.000108
72585 0.000108
72600 0.000108
72615 0.000108
72630 0.000108
72645 0.000108
72660 0.000108
72675 0.000108
72690 0.000108
72705 0.00011
72720 0.00011
72735 0.00011
72750 0.00011
72765 0.00011
72780 0.00011
72795 0.00011
72810 0.00011
72825 0.00011
72840 0.00011
72855 0.00011
72870 0.00011
72885 0.00011
72900 0.00011
72915 0.00011
72930 0.00011
72945 0.00011
72960 0.00011
72975 0.00011
72990 0.00011
73005 0.00011
73020 0.00011
73035 0.00011
73050 0.00011
73065 0.00011
73080 0.00011
73095 0.00011
73110 0.00011
73125 0.00011
73140 0.00011
73155 0.00011
73170 0.00011
73185 0.00011
73200 0.00011
73215 0.00011
73230 0.00011
73245 0.00011
73260 0.00011
73275 0.00011
73290 0.00011
73305 0.00011
73320 0.00011
73335 0.00011
73350 0.00011
73365 0.00011
73380 0.00011
73395 0.00011
73410 0.00011
73425 0.00011
73440 0.00011
73455 0.00011
73470 0.00011
73485 0.00011
73500 0.00011
73515 0.00011
73530 0.00011
73545 0.00011
73560 0.00011
73575 0.00011
73590 0.00011
73605 0.00011
73620 0.00011
73635 0.00011
73650 0.00011
73665 0.00011
73680 0.00011
73695 0.00011
73710 0.00011
73725 0.00011
73740 0.00011
73755 0.00011
73770 0.00011
73785 0.00011
73800 0.00011
73815 0.00011
73830 0.00011
73845 0.00011
73860 0.00011
73875 0.00011
73890 0.00011
73905 0.00011
73920 0.00011
73935 0.00011
73950 0.00011
73965 0.00011
73980 0.00011
73995 0.00011
74010 0.00011
74025 0.00011
74040 0.00011
74055 0.00011
74070 0.00011
74085 0.00011
74100 0.00011
74115 0.00011
74130 0.00011
74145 0.00011
74160 0.00011
74175 0.00011
74190 0.00011
74205 0.00011
74220 0.00011
74235 0.00011
74250 0.00011
74265 0.00011
74280 0.00011
74295 0.00011
74310 0.00011
74325 0.00011
74340 0.00011
74355 0.00011
74370 0.00011
74385 0.00011
74400 0.00011
74415 0.00011
74430 0.00011
74445 0.00011
74460 0.00011
74475 0.00011
74490 0.00011
74505 0.00011
74520 0.000106
74535 0.000106
74550 0.000106
74565 0.000106
74580 0.000106
74595 0.000106
74610 0.000106
74625 0.000106
74640 0.000106
74655 0.000106
74670 0.000104
74685 0.000104
74700 0.000104
74715 0.000104
74730 0.000104
74745 0.000104
74760 0.000104
74775 0.000104
74790 0.000104
74805 0.000104
74820 0.000104
74835 0.000104
74850 0.000104
74865 0.000104
74880 0.000104
74895 0.000104
74910 0.000104
74925 0.000104
74940 0.000104
74955 0.000104
74970 0.000104
74985 0.000104
