0 0.0002
15 0.0002
30 0.0002
45 0.0002
60 0.0002
75 0.0002
90 0.0002
105 0.0002
120 0.0002
135 0.0002
150 0.0002
165 0.0002
180 0.0002
195 0.0002
210 0.0002
225 0.0002
240 0.0002
255 0.0002
270 0.0002
285 0.00022
300 0.00022
315 0.00022
330 0.00022
345 0.00022
360 0.00022
375 0.00024
390 0.00024
405 0.00024
420 0.00024
435 0.00028
450 0.00028
465 0.0003
480 0.0003
495 0.0003
510 0.0003
525 0.0003
540 0.0003
555 0.0003
570 0.0003
585 0.0003
600 0.0003
615 0.0003
630 0.0003
645 0.0003
660 0.0003
675 0.0003
690 0.0003
705 0.0003
720 0.0003
735 0.0003
750 0.0003
765 0.0003
780 0.0003
795 0.0003
810 0.0003
825 0.0003
840 0.0003
855 0.0003
870 0.0003
885 0.0003
900 0.0003
915 0.0003
930 0.0003
945 0.0003
960 0.0003
975 0.0003
990 0.0003
1005 0.0003
1020 0.0003
1035 0.0003
1050 0.0003
1065 0.0003
1080 0.0003
1095 0.0003
1110 0.0003
1125 0.0003
1140 0.00032
1155 0.00032
1170 0.00032
1185 0.00032
1200 0.00032
1215 0.00036
1230 0.00036
1245 0.00036
1260 0.00036
1275 0.00036
1290 0.00036
1305 0.00036
1320 0.00036
1335 0.0004
1350 0.0004
1365 0.0004
1380 0.0004
1395 0.0004
1410 0.0004
1425 0.0004
1440 0.0004
1455 0.0004
1470 0.0004
1485 0.0004
1500 0.0004
1515 0.0004
1530 0.0004
1545 0.0004
1560 0.0004
1575 0.0004
1590 0.0004
1605 0.0004
1620 0.0004
1635 0.0004
1650 0.0004
1665 0.0004
1680 0.0004
1695 0.0004
1710 0.0004
1725 0.0004
1740 0.0004
1755 0.0004
1770 0.0004
1785 0.0004
1800 0.0004
1815 0.0004
1830 0.0004
1845 0.0004
1860 0.0004
1875 0.0004
1890 0.0004
1905 0.0004
1920 0.0004
1935 0.0004
1950 0.0004
1965 0.0004
1980 0.0004
1995 0.0004
2010 0.0004
2025 0.0004
2040 0.0004
2055 0.0004
2070 0.00042
2085 0.00042
2100 0.00042
2115 0.00044
2130 0.00044
2145 0.00044
2160 0.00044
2175 0.00046
2190 0.00048
2205 0.00048
2220 0.00048
2235 0.0005
2250 0.0005
2265 0.0005
2280 0.0005
2295 0.0005
2310 0.0005
2325 0.0005
2340 0.0005
2355 0.0005
2370 0.0005
2385 0.0005
2400 0.0005
2415 0.0005
2430 0.0005
2445 0.0005
2460 0.0005
2475 0.0005
2490 0.0005
2505 0.0005
2520 0.0005
2535 0.0005
2550 0.0005
2565 0.0005
2580 0.0005
2595 0.0005
2610 0.0005
2625 0.0005
2640 0.0005
2655 0.00052
2670 0.00052
2685 0.00052
2700 0.00052
2715 0.00052
2730 0.00052
2745 0.00052
2760 0.00052
2775 0.00052
2790 0.00052
2805 0.00052
2820 0.00052
2835 0.00054
2850 0.00054
2865 0.00054
2880 0.00054
2895 0.00054
2910 0.00056
2925 0.00056
2940 0.00056
2955 0.00056
2970 0.00056
2985 0.00056
3000 0.00056
3015 0.00056
3030 0.00056
3045 0.00056
3060 0.00056
3075 0.00056
3090 0.00056
3105 0.00056
3120 0.00056
3135 0.00056
3150 0.00056
3165 0.00056
3180 0.00058
3195 0.00058
3210 0.00058
3225 0.00058
3240 0.0006
3255 0.0006
3270 0.00062
3285 0.00062
3300 0.00062
3315 0.00062
3330 0.00062
3345 0.00062
3360 0.00062
3375 0.00062
3390 0.00062
3405 0.00062
3420 0.00062
3435 0.00062
3450 0.00062
3465 0.00062
3480 0.00062
3495 0.00062
3510 0.00062
3525 0.00062
3540 0.00062
3555 0.00062
3570 0.00066
3585 0.00066
3600 0.00066
3615 0.00066
3630 0.00066
3645 0.00066
3660 0.00066
3675 0.00066
3690 0.00066
3705 0.00068
3720 0.00068
3735 0.00068
3750 0.00068
3765 0.0007
3780 0.0007
3795 0.0007
3810 0.0007
3825 0.0007
3840 0.0007
3855 0.0007
3870 0.0007
3885 0.0007
3900 0.0007
3915 0.0007
3930 0.00072
3945 0.00072
3960 0.00072
3975 0.00072
3990 0.00072
4005 0.00072
4020 0.00072
4035 0.00072
4050 0.00072
4065 0.00072
4080 0.00074
4095 0.00074
4110 0.00076
4125 0.00076
4140 0.00076
4155 0.00076
4170 0.0008
4185 0.0008
4200 0.0008
4215 0.0008
4230 0.0008
4245 0.0008
4260 0.0008
4275 0.0008
4290 0.00082
4305 0.00082
4320 0.00082
4335 0.00082
4350 0.00082
4365 0.00082
4380 0.00082
4395 0.00082
4410 0.00082
4425 0.00082
4440 0.00084
4455 0.00084
4470 0.00084
4485 0.00084
4500 0.00084
4515 0.00084
4530 0.00086
4545 0.00086
4560 0.00086
4575 0.00086
4590 0.00086
4605 0.00086
4620 0.00086
4635 0.00088
4650 0.00088
4665 0.00088
4680 0.00088
4695 0.0009
4710 0.0009
4725 0.0009
4740 0.00092
4755 0.00092
4770 0.00092
4785 0.00092
4800 0.00094
4815 0.00094
4830 0.00094
4845 0.00094
4860 0.00094
4875 0.00094
4890 0.00094
4905 0.00096
4920 0.00096
4935 0.00096
4950 0.00096
4965 0.00098
4980 0.00098
4995 0.00098
5010 0.00098
5025 0.00098
5040 0.00098
5055 0.001
5070 0.001
5085 0.001
5100 0.001
5115 0.001
5130 0.001
5145 0.001
5160 0.00102
5175 0.00104
5190 0.00104
5205 0.00104
5220 0.00104
5235 0.00104
5250 0.00104
5265 0.00104
5280 0.00104
5295 0.00104
5310 0.00104
5325 0.00106
5340 0.00106
5355 0.00108
5370 0.00108
5385 0.00112
5400 0.00112
5415 0.00112
5430 0.00114
5445 0.0012
5460 0.00122
5475 0.00122
5490 0.00122
5505 0.00124
5520 0.00124
5535 0.00124
5550 0.00126
5565 0.00128
5580 0.00128
5595 0.00128
5610 0.00128
5625 0.00128
5640 0.00128
5655 0.0013
5670 0.00132
5685 0.00132
5700 0.00134
5715 0.00134
5730 0.00134
5745 0.00134
5760 0.00134
5775 0.00134
5790 0.00134
5805 0.00134
5820 0.00136
5835 0.00138
5850 0.0014
5865 0.0014
5880 0.00142
5895 0.00142
5910 0.00146
5925 0.00148
5940 0.00148
5955 0.00148
5970 0.00154
5985 0.00154
6000 0.00156
6015 0.00156
6030 0.00156
6045 0.00156
6060 0.00156
6075 0.00156
6090 0.00156
6105 0.00156
6120 0.00156
6135 0.00156
6150 0.00156
6165 0.00156
6180 0.00156
6195 0.00158
6210 0.0016
6225 0.0016
6240 0.0016
6255 0.0016
6270 0.00166
6285 0.00166
6300 0.00168
6315 0.00168
6330 0.00168
6345 0.00168
6360 0.00168
6375 0.00172
6390 0.00174
6405 0.00174
6420 0.00176
6435 0.0018
6450 0.0018
6465 0.0018
6480 0.00184
6495 0.00184
6510 0.00184
6525 0.00186
6540 0.00186
6555 0.00186
6570 0.00186
6585 0.00188
6600 0.0019
6615 0.0019
6630 0.00192
6645 0.00192
6660 0.00194
6675 0.00196
6690 0.002
6705 0.00204
6720 0.00208
6735 0.00208
6750 0.00208
6765 0.0021
6780 0.0021
6795 0.0022
6810 0.00222
6825 0.00226
6840 0.00226
6855 0.0023
6870 0.00238
6885 0.00238
6900 0.00238
6915 0.0024
6930 0.00242
6945 0.00242
6960 0.00244
6975 0.00244
6990 0.00246
7005 0.00246
7020 0.0025
7035 0.00254
7050 0.0026
7065 0.0026
7080 0.0026
7095 0.00278
7110 0.00278
7125 0.00278
7140 0.0028
7155 0.0028
7170 0.0028
7185 0.0028
7200 0.0029
7215 0.0029
7230 0.00292
7245 0.00302
7260 0.00304
7275 0.00304
7290 0.00308
7305 0.0031
7320 0.0031
7335 0.00316
7350 0.00322
7365 0.00326
7380 0.00326
7395 0.00344
7410 0.0035
7425 0.0035
7440 0.0035
7455 0.00352
7470 0.00358
7485 0.00362
7500 0.00362
7515 0.00364
7530 0.00374
7545 0.0039
7560 0.00392
7575 0.00396
7590 0.00418
7605 0.00418
7620 0.00418
7635 0.00424
7650 0.00436
7665 0.00444
7680 0.00444
7695 0.00446
7710 0.00446
7725 0.00464
7740 0.00468
7755 0.0047
7770 0.00476
7785 0.0049
7800 0.00502
7815 0.00516
7830 0.00526
7845 0.00534
7860 0.00548
7875 0.00554
7890 0.00562
7905 0.0057
7920 0.00588
7935 0.0059
7950 0.006
7965 0.00622
7980 0.00624
7995 0.00626
8010 0.00652
8025 0.00682
8040 0.00698
8055 0.00698
8070 0.0071
8085 0.00716
8100 0.00728
8115 0.00734
8130 0.00742
8145 0.00756
8160 0.00758
8175 0.00758
8190 0.0076
8205 0.00774
8220 0.00818
8235 0.00828
8250 0.00852
8265 0.00854
8280 0.00886
8295 0.0094
8310 0.00988
8325 0.0105
8340 0.01054
8355 0.01118
8370 0.0114
8385 0.0114
8400 0.01336
8415 0.01372
8430 0.01404
8445 0.01496
8460 0.015
8475 0.01522
8490 0.01578
8505 0.01646
8520 0.01686
8535 0.01692
8550 0.01696
8565 0.0188
8580 0.02024
8595 0.02098
8610 0.02242
8625 0.02322
8640 0.02554
8655 0.02864
8670 0.0305
8685 0.03512
8700 0.03608
8715 0.0395
8730 0.04062
8745 0.05184
8760 0.05808
8775 0.06364
8790 0.07104
8805 0.05622
8820 0.04346
8835 0.03722
8850 0.04456
8865 0.03666
8880 0.0406
8895 0.03016
8910 0.02652
8925 0.0125
8940 0.00802
8955 0.00682
8970 0.00612
8985 0.00488
9000 0.00472
9015 0.00456
9030 0.00456
9045 0.0036
9060 0.00376
9075 0.00284
9090 0.00284
9105 0.00284
9120 0.00304
9135 0.00284
9150 0.00238
9165 0.00238
9180 0.00238
9195 0.00226
9210 0.00222
9225 0.0021
9240 0.00202
9255 0.00198
9270 0.00198
9285 0.0019
9300 0.00196
9315 0.002
9330 0.002
9345 0.002
9360 0.00196
9375 0.00196
9390 0.00166
9405 0.00166
9420 0.0016
9435 0.0016
9450 0.0016
9465 0.00152
9480 0.00152
9495 0.00152
9510 0.00152
9525 0.00128
9540 0.00122
9555 0.00118
9570 0.00114
9585 0.00114
9600 0.00114
9615 0.00112
9630 0.00112
9645 0.00112
9660 0.00116
9675 0.00116
9690 0.00116
9705 0.00116
9720 0.00114
9735 0.00114
9750 0.00114
9765 0.00114
9780 0.00114
9795 0.00114
9810 0.0011
9825 0.00104
9840 0.00104
9855 0.00104
9870 0.00098
9885 0.00098
9900 0.0009
9915 0.00088
9930 0.00092
9945 0.00092
9960 0.0009
9975 0.0009
9990 0.00088
10005 0.00088
10020 0.00088
10035 0.00088
10050 0.00088
10065 0.00088
10080 0.00088
10095 0.00086
10110 0.00084
10125 0.00084
10140 0.00084
10155 0.00084
10170 0.00084
10185 0.00082
10200 0.0008
10215 0.0008
10230 0.0008
10245 0.0008
10260 0.00078
10275 0.00064
10290 0.00064
10305 0.00064
10320 0.00064
10335 0.00064
10350 0.00064
10365 0.00064
10380 0.00062
10395 0.00062
10410 0.00062
10425 0.00062
10440 0.00062
10455 0.0006
10470 0.0006
10485 0.0006
10500 0.0006
10515 0.0006
10530 0.0006
10545 0.0006
10560 0.0006
10575 0.0006
10590 0.0006
10605 0.0006
10620 0.0006
10635 0.0006
10650 0.00058
10665 0.00058
10680 0.00054
10695 0.00054
10710 0.00054
10725 0.00054
10740 0.00052
10755 0.00052
10770 0.00052
10785 0.00052
10800 0.00052
10815 0.00052
10830 0.00052
10845 0.00052
10860 0.00048
10875 0.00048
10890 0.00048
10905 0.00048
10920 0.00048
10935 0.00048
10950 0.00048
10965 0.00048
10980 0.00048
10995 0.00048
11010 0.00048
11025 0.00048
11040 0.00048
11055 0.00048
11070 0.00048
11085 0.00048
11100 0.00048
11115 0.00048
11130 0.00048
11145 0.00046
11160 0.00046
11175 0.00046
11190 0.00046
11205 0.00044
11220 0.00044
11235 0.00044
11250 0.00044
11265 0.00044
11280 0.00044
11295 0.00044
11310 0.00044
11325 0.00044
11340 0.00044
11355 0.00042
11370 0.00042
11385 0.00042
11400 0.00042
11415 0.00042
11430 0.00042
11445 0.0004
11460 0.0004
11475 0.0004
11490 0.0004
11505 0.0004
11520 0.00038
11535 0.00038
11550 0.00038
11565 0.00038
11580 0.00038
11595 0.00038
11610 0.00038
11625 0.00038
11640 0.00038
11655 0.00038
11670 0.00038
11685 0.00038
11700 0.00036
11715 0.00036
11730 0.00036
11745 0.00036
11760 0.00034
11775 0.00034
11790 0.00032
11805 0.00032
11820 0.00032
11835 0.00032
11850 0.00032
11865 0.00032
11880 0.00032
11895 0.0003
11910 0.0003
11925 0.0003
11940 0.0003
11955 0.00028
11970 0.00028
11985 0.00028
12000 0.00028
12015 0.00028
12030 0.00028
12045 0.00028
12060 0.00028
12075 0.00028
12090 0.00028
12105 0.00028
12120 0.00028
12135 0.00028
12150 0.00028
12165 0.00028
12180 0.00028
12195 0.00028
12210 0.00028
12225 0.00028
12240 0.00028
12255 0.00028
12270 0.00028
12285 0.00028
12300 0.00028
12315 0.0003
12330 0.0003
12345 0.0003
12360 0.0003
12375 0.0003
12390 0.0003
12405 0.0003
12420 0.00028
12435 0.00028
12450 0.00028
12465 0.00028
12480 0.00028
12495 0.00026
12510 0.00026
12525 0.00024
12540 0.00022
12555 0.00022
12570 0.00022
12585 0.00022
12600 0.00022
12615 0.00022
12630 0.00022
12645 0.00022
12660 0.00022
12675 0.00022
12690 0.00022
12705 0.00022
12720 0.00022
12735 0.00022
12750 0.00022
12765 0.00022
12780 0.00022
12795 0.00022
12810 0.00022
12825 0.00022
12840 0.00022
12855 0.00022
12870 0.00022
12885 0.00022
12900 0.00022
12915 0.00022
12930 0.00022
12945 0.00022
12960 0.00022
12975 0.00022
12990 0.00022
13005 0.00022
13020 0.00022
13035 0.00022
13050 0.00022
13065 0.00022
13080 0.00022
13095 0.00022
13110 0.00022
13125 0.00022
13140 0.00022
13155 0.00022
13170 0.00022
13185 0.00022
13200 0.00022
13215 0.00022
13230 0.00022
13245 0.00022
13260 0.00022
13275 0.00022
13290 0.00022
13305 0.00022
13320 0.00022
13335 0.00022
13350 0.00022
13365 0.00022
13380 0.00022
13395 0.00022
13410 0.00022
13425 0.00022
13440 0.00022
13455 0.00022
13470 0.00022
13485 0.00022
13500 0.00022
13515 0.00022
13530 0.00022
13545 0.00022
13560 0.00022
13575 0.00022
13590 0.00022
13605 0.00022
13620 0.00022
13635 0.00022
13650 0.00022
13665 0.00022
13680 0.00022
13695 0.00022
13710 0.00022
13725 0.00018
13740 0.00018
13755 0.00018
13770 0.00018
13785 0.00018
13800 0.00018
13815 0.00018
13830 0.00018
13845 0.00018
13860 0.00018
13875 0.00018
13890 0.00018
13905 0.00018
13920 0.00018
13935 0.00018
13950 0.00018
13965 0.00018
13980 0.00018
13995 0.00018
14010 0.00018
14025 0.00018
14040 0.00018
14055 0.00018
14070 0.00018
14085 0.00018
14100 0.00018
14115 0.00018
14130 0.00018
14145 0.00018
14160 0.00018
14175 0.00018
14190 0.00018
14205 0.00016
14220 0.00016
14235 0.00016
14250 0.00016
14265 0.00016
14280 0.00016
14295 0.00016
14310 0.00016
14325 0.00016
14340 0.00016
14355 0.00016
14370 0.00016
14385 0.00016
14400 0.00016
14415 0.00016
14430 0.00016
14445 0.00016
14460 0.00016
14475 0.00016
14490 0.00016
14505 0.00016
14520 0.00016
14535 0.00016
14550 0.00016
14565 0.00016
14580 0.00016
14595 0.00016
14610 0.00016
14625 0.00016
14640 0.00016
14655 0.00016
14670 0.00016
14685 0.00016
14700 0.00016
14715 0.00016
14730 0.00016
14745 0.00016
14760 0.00016
14775 0.00016
14790 0.00016
14805 0.00016
14820 0.00016
14835 0.00016
14850 0.00016
14865 0.00016
14880 0.00016
14895 0.00016
14910 0.00016
14925 0.00016
14940 0.00016
14955 0.00016
14970 0.00016
14985 0.00016
