0 4e-05
15 4e-05
30 4e-05
45 4e-05
60 4e-05
75 4e-05
90 4e-05
105 4e-05
120 4e-05
135 4e-05
150 4e-05
165 4e-05
180 4e-05
195 4e-05
210 4e-05
225 4e-05
240 4e-05
255 4e-05
270 4e-05
285 4e-05
300 4e-05
315 4e-05
330 4e-05
345 4e-05
360 4e-05
375 4e-05
390 4e-05
405 4e-05
420 4e-05
435 4e-05
450 4e-05
465 4e-05
480 4e-05
495 4e-05
510 4e-05
525 4e-05
540 4e-05
555 4e-05
570 4e-05
585 4e-05
600 4e-05
615 4e-05
630 4e-05
645 4e-05
660 4e-05
675 4.2e-05
690 4.2e-05
705 4.2e-05
720 4.4e-05
735 4.6e-05
750 4.8e-05
765 4.8e-05
780 5e-05
795 5e-05
810 5e-05
825 5e-05
840 5e-05
855 5e-05
870 5e-05
885 5e-05
900 5.4e-05
915 5.4e-05
930 5.6e-05
945 5.6e-05
960 5.6e-05
975 5.6e-05
990 5.6e-05
1005 5.6e-05
1020 5.6e-05
1035 5.6e-05
1050 5.8e-05
1065 5.8e-05
1080 5.8e-05
1095 5.8e-05
1110 5.8e-05
1125 5.8e-05
1140 5.8e-05
1155 5.8e-05
1170 5.8e-05
1185 6e-05
1200 6e-05
1215 6e-05
1230 6e-05
1245 6e-05
1260 6e-05
1275 6e-05
1290 6e-05
1305 6e-05
1320 6e-05
1335 6e-05
1350 6e-05
1365 6e-05
1380 6e-05
1395 6e-05
1410 6e-05
1425 6e-05
1440 6e-05
1455 6e-05
1470 6e-05
1485 6e-05
1500 6e-05
1515 6e-05
1530 6e-05
1545 6e-05
1560 6e-05
1575 6e-05
1590 6e-05
1605 6e-05
1620 6e-05
1635 6e-05
1650 6e-05
1665 6e-05
1680 6e-05
1695 6e-05
1710 6e-05
1725 6e-05
1740 6e-05
1755 6e-05
1770 6e-05
1785 6e-05
1800 6e-05
1815 6e-05
1830 6e-05
1845 6e-05
1860 6e-05
1875 6e-05
1890 6e-05
1905 6e-05
1920 6e-05
1935 6e-05
1950 6e-05
1965 6e-05
1980 6e-05
1995 6e-05
2010 6e-05
2025 6e-05
2040 6e-05
2055 6e-05
2070 6e-05
2085 6e-05
2100 6e-05
2115 6e-05
2130 6e-05
2145 6e-05
2160 6e-05
2175 6e-05
2190 6e-05
2205 6e-05
2220 6e-05
2235 6e-05
2250 6e-05
2265 6e-05
2280 6e-05
2295 6e-05
2310 6e-05
2325 6e-05
2340 6e-05
2355 6e-05
2370 6e-05
2385 6e-05
2400 6e-05
2415 6e-05
2430 6e-05
2445 6e-05
2460 6e-05
2475 6e-05
2490 6e-05
2505 6e-05
2520 6e-05
2535 6e-05
2550 6e-05
2565 6e-05
2580 6e-05
2595 6e-05
2610 6e-05
2625 6e-05
2640 6e-05
2655 6e-05
2670 6e-05
2685 6e-05
2700 6e-05
2715 6e-05
2730 6e-05
2745 6e-05
2760 6e-05
2775 6e-05
2790 6e-05
2805 6e-05
2820 6e-05
2835 6e-05
2850 6e-05
2865 6e-05
2880 6e-05
2895 6e-05
2910 6e-05
2925 6e-05
2940 6e-05
2955 6e-05
2970 6e-05
2985 6e-05
3000 6e-05
3015 6e-05
3030 6e-05
3045 6e-05
3060 6e-05
3075 6e-05
3090 6e-05
3105 6e-05
3120 6e-05
3135 6e-05
3150 6e-05
3165 6e-05
3180 6e-05
3195 6e-05
3210 6e-05
3225 6e-05
3240 6e-05
3255 6e-05
3270 6e-05
3285 6e-05
3300 6e-05
3315 6e-05
3330 6e-05
3345 6e-05
3360 6e-05
3375 6e-05
3390 6e-05
3405 6.2e-05
3420 6.2e-05
3435 6.2e-05
3450 6.2e-05
3465 6.2e-05
3480 6.2e-05
3495 6.4e-05
3510 6.4e-05
3525 6.4e-05
3540 6.4e-05
3555 6.4e-05
3570 6.4e-05
3585 6.4e-05
3600 6.4e-05
3615 6.4e-05
3630 6.4e-05
3645 6.4e-05
3660 6.4e-05
3675 6.4e-05
3690 6.4e-05
3705 6.4e-05
3720 6.4e-05
3735 6.4e-05
3750 6.4e-05
3765 6.4e-05
3780 6.4e-05
3795 6.4e-05
3810 6.4e-05
3825 6.4e-05
3840 6.4e-05
3855 6.4e-05
3870 6.4e-05
3885 6.4e-05
3900 6.6e-05
3915 6.6e-05
3930 6.6e-05
3945 6.6e-05
3960 6.6e-05
3975 6.6e-05
3990 6.6e-05
4005 6.6e-05
4020 6.6e-05
4035 6.6e-05
4050 6.6e-05
4065 6.6e-05
4080 6.6e-05
4095 6.6e-05
4110 6.6e-05
4125 6.6e-05
4140 6.6e-05
4155 6.6e-05
4170 6.6e-05
4185 6.6e-05
4200 6.6e-05
4215 6.8e-05
4230 6.8e-05
4245 6.8e-05
4260 6.8e-05
4275 6.8e-05
4290 7e-05
4305 7e-05
4320 7e-05
4335 7e-05
4350 7.2e-05
4365 7.2e-05
4380 7.2e-05
4395 7.2e-05
4410 7.2e-05
4425 7.2e-05
4440 7.2e-05
4455 7.2e-05
4470 7.2e-05
4485 7.2e-05
4500 7.2e-05
4515 7.2e-05
4530 7.2e-05
4545 7.2e-05
4560 7.2e-05
4575 7.4e-05
4590 7.4e-05
4605 7.4e-05
4620 7.4e-05
4635 7.6e-05
4650 7.6e-05
4665 7.6e-05
4680 7.6e-05
4695 7.8e-05
4710 7.8e-05
4725 7.8e-05
4740 7.8e-05
4755 7.8e-05
4770 7.8e-05
4785 7.8e-05
4800 7.8e-05
4815 7.8e-05
4830 7.8e-05
4845 7.8e-05
4860 7.8e-05
4875 7.8e-05
4890 7.8e-05
4905 7.8e-05
4920 7.8e-05
4935 7.8e-05
4950 7.8e-05
4965 7.8e-05
4980 7.8e-05
4995 7.8e-05
5010 7.8e-05
5025 7.8e-05
5040 7.8e-05
5055 7.8e-05
5070 7.8e-05
5085 7.8e-05
5100 7.8e-05
5115 7.8e-05
5130 7.8e-05
5145 8e-05
5160 8e-05
5175 8e-05
5190 8e-05
5205 8e-05
5220 8e-05
5235 8e-05
5250 8e-05
5265 8e-05
5280 8e-05
5295 8e-05
5310 8e-05
5325 8e-05
5340 8e-05
5355 8e-05
5370 8e-05
5385 8e-05
5400 8e-05
5415 8e-05
5430 8e-05
5445 8e-05
5460 8e-05
5475 8e-05
5490 8e-05
5505 8e-05
5520 8e-05
5535 8e-05
5550 8e-05
5565 8e-05
5580 8e-05
5595 8e-05
5610 8e-05
5625 8e-05
5640 8e-05
5655 8e-05
5670 8e-05
5685 8e-05
5700 8e-05
5715 8e-05
5730 8e-05
5745 8e-05
5760 8e-05
5775 8e-05
5790 8e-05
5805 8e-05
5820 8e-05
5835 8e-05
5850 8e-05
5865 8e-05
5880 8e-05
5895 8e-05
5910 8e-05
5925 8e-05
5940 8e-05
5955 8e-05
5970 8e-05
5985 8e-05
6000 8e-05
6015 8e-05
6030 8e-05
6045 8e-05
6060 8e-05
6075 8e-05
6090 8e-05
6105 8e-05
6120 8e-05
6135 8e-05
6150 8e-05
6165 8e-05
6180 8e-05
6195 8e-05
6210 8e-05
6225 8e-05
6240 8e-05
6255 8e-05
6270 8e-05
6285 8e-05
6300 8e-05
6315 8e-05
6330 8e-05
6345 8e-05
6360 8e-05
6375 8e-05
6390 8e-05
6405 8e-05
6420 8e-05
6435 8e-05
6450 8e-05
6465 8e-05
6480 8e-05
6495 8e-05
6510 8e-05
6525 8e-05
6540 8e-05
6555 8e-05
6570 8e-05
6585 8e-05
6600 8e-05
6615 8e-05
6630 8e-05
6645 8e-05
6660 8e-05
6675 8e-05
6690 8e-05
6705 8e-05
6720 8e-05
6735 8e-05
6750 8e-05
6765 8e-05
6780 8e-05
6795 8e-05
6810 8e-05
6825 8e-05
6840 8e-05
6855 8e-05
6870 8e-05
6885 8e-05
6900 8e-05
6915 8e-05
6930 8e-05
6945 8e-05
6960 8e-05
6975 8e-05
6990 8e-05
7005 8e-05
7020 8e-05
7035 8e-05
7050 8e-05
7065 8e-05
7080 8e-05
7095 8e-05
7110 8e-05
7125 8e-05
7140 8.2e-05
7155 8.2e-05
7170 8.2e-05
7185 8.2e-05
7200 8.2e-05
7215 8.2e-05
7230 8.2e-05
7245 8.2e-05
7260 8.2e-05
7275 8.2e-05
7290 8.2e-05
7305 8.2e-05
7320 8.2e-05
7335 8.2e-05
7350 8.2e-05
7365 8.2e-05
7380 8.2e-05
7395 8.2e-05
7410 8.2e-05
7425 8.2e-05
7440 8.2e-05
7455 8.2e-05
7470 8.2e-05
7485 8.2e-05
7500 8.2e-05
7515 8.2e-05
7530 8.2e-05
7545 8.2e-05
7560 8.2e-05
7575 8.2e-05
7590 8.2e-05
7605 8.2e-05
7620 8.2e-05
7635 8.2e-05
7650 8.2e-05
7665 8.2e-05
7680 8.2e-05
7695 8.2e-05
7710 8.2e-05
7725 8.2e-05
7740 8.2e-05
7755 8.2e-05
7770 8.2e-05
7785 8.2e-05
7800 8.2e-05
7815 8.2e-05
7830 8.2e-05
7845 8.2e-05
7860 8.2e-05
7875 8.2e-05
7890 8.2e-05
7905 8.2e-05
7920 8.2e-05
7935 8.2e-05
7950 8.2e-05
7965 8.4e-05
7980 8.4e-05
7995 8.4e-05
8010 8.4e-05
8025 8.4e-05
8040 8.4e-05
8055 8.4e-05
8070 8.4e-05
8085 8.4e-05
8100 8.4e-05
8115 8.4e-05
8130 8.4e-05
8145 8.6e-05
8160 8.6e-05
8175 8.6e-05
8190 8.6e-05
8205 8.6e-05
8220 8.6e-05
8235 8.6e-05
8250 8.6e-05
8265 8.6e-05
8280 8.6e-05
8295 8.6e-05
8310 8.6e-05
8325 8.6e-05
8340 8.6e-05
8355 8.6e-05
8370 8.6e-05
8385 8.6e-05
8400 8.6e-05
8415 8.6e-05
8430 8.6e-05
8445 8.6e-05
8460 8.6e-05
8475 8.6e-05
8490 8.6e-05
8505 8.6e-05
8520 8.6e-05
8535 8.6e-05
8550 8.6e-05
8565 8.6e-05
8580 8.6e-05
8595 8.6e-05
8610 8.8e-05
8625 8.8e-05
8640 8.8e-05
8655 8.8e-05
8670 8.8e-05
8685 8.8e-05
8700 8.8e-05
8715 8.8e-05
8730 8.8e-05
8745 8.8e-05
8760 8.8e-05
8775 8.8e-05
8790 8.8e-05
8805 8.8e-05
8820 8.8e-05
8835 8.8e-05
8850 8.8e-05
8865 8.8e-05
8880 8.8e-05
8895 8.8e-05
8910 8.8e-05
8925 9e-05
8940 9e-05
8955 9e-05
8970 9e-05
8985 9e-05
9000 9.2e-05
9015 9.2e-05
9030 9.2e-05
9045 9.2e-05
9060 9.2e-05
9075 9.2e-05
9090 9.2e-05
9105 9.2e-05
9120 9.2e-05
9135 9.2e-05
9150 9.2e-05
9165 9.2e-05
9180 9.2e-05
9195 9.2e-05
9210 9.2e-05
9225 9.2e-05
9240 9.2e-05
9255 9.2e-05
9270 9.4e-05
9285 9.4e-05
9300 9.4e-05
9315 9.4e-05
9330 9.4e-05
9345 9.4e-05
9360 9.4e-05
9375 9.4e-05
9390 9.4e-05
9405 9.4e-05
9420 9.4e-05
9435 9.4e-05
9450 9.4e-05
9465 9.4e-05
9480 9.4e-05
9495 9.4e-05
9510 9.6e-05
9525 9.6e-05
9540 9.6e-05
9555 9.6e-05
9570 9.6e-05
9585 9.8e-05
9600 9.8e-05
9615 9.8e-05
9630 9.8e-05
9645 9.8e-05
9660 9.8e-05
9675 9.8e-05
9690 9.8e-05
9705 9.8e-05
9720 9.8e-05
9735 9.8e-05
9750 9.8e-05
9765 9.8e-05
9780 9.8e-05
9795 9.8e-05
9810 9.8e-05
9825 9.8e-05
9840 0.0001
9855 0.0001
9870 0.0001
9885 0.0001
9900 0.0001
9915 0.0001
9930 0.0001
9945 0.0001
9960 0.0001
9975 0.0001
9990 0.0001
10005 0.0001
10020 0.0001
10035 0.0001
10050 0.0001
10065 0.0001
10080 0.0001
10095 0.0001
10110 0.0001
10125 0.0001
10140 0.0001
10155 0.0001
10170 0.0001
10185 0.000102
10200 0.000102
10215 0.000102
10230 0.000102
10245 0.000102
10260 0.000102
10275 0.000102
10290 0.000102
10305 0.000102
10320 0.000102
10335 0.000102
10350 0.000102
10365 0.000102
10380 0.000102
10395 0.000102
10410 0.000102
10425 0.000102
10440 0.000102
10455 0.000102
10470 0.000102
10485 0.000102
10500 0.000102
10515 0.000102
10530 0.000102
10545 0.000102
10560 0.000102
10575 0.000102
10590 0.000102
10605 0.000102
10620 0.000102
10635 0.000102
10650 0.000102
10665 0.000102
10680 0.000102
10695 0.000102
10710 0.000102
10725 0.000102
10740 0.000102
10755 0.000104
10770 0.000104
10785 0.000104
10800 0.000104
10815 0.000104
10830 0.000104
10845 0.000104
10860 0.000104
10875 0.000104
10890 0.000104
10905 0.000104
10920 0.000104
10935 0.000104
10950 0.000104
10965 0.000104
10980 0.000104
10995 0.000104
11010 0.000104
11025 0.000104
11040 0.000104
11055 0.000104
11070 0.000104
11085 0.000104
11100 0.000104
11115 0.000106
11130 0.000106
11145 0.000106
11160 0.000106
11175 0.000106
11190 0.000106
11205 0.000106
11220 0.000106
11235 0.000106
11250 0.000106
11265 0.000106
11280 0.000106
11295 0.000106
11310 0.000106
11325 0.000106
11340 0.000106
11355 0.000106
11370 0.000106
11385 0.000106
11400 0.000106
11415 0.000106
11430 0.000106
11445 0.000106
11460 0.000106
11475 0.000106
11490 0.000106
11505 0.000106
11520 0.000106
11535 0.000106
11550 0.000106
11565 0.000106
11580 0.000106
11595 0.000106
11610 0.000106
11625 0.000106
11640 0.000106
11655 0.000106
11670 0.000106
11685 0.000106
11700 0.000106
11715 0.000106
11730 0.000106
11745 0.000106
11760 0.000106
11775 0.000106
11790 0.000106
11805 0.000106
11820 0.000106
11835 0.000106
11850 0.000106
11865 0.000106
11880 0.000108
11895 0.000108
11910 0.000108
11925 0.000108
11940 0.000108
11955 0.000108
11970 0.000108
11985 0.000108
12000 0.000108
12015 0.000108
12030 0.000108
12045 0.00011
12060 0.00011
12075 0.00011
12090 0.00011
12105 0.00011
12120 0.00011
12135 0.00011
12150 0.00011
12165 0.00011
12180 0.00011
12195 0.00011
12210 0.00011
12225 0.00011
12240 0.00011
12255 0.000112
12270 0.000112
12285 0.000112
12300 0.000112
12315 0.000112
12330 0.000112
12345 0.000112
12360 0.000114
12375 0.000114
12390 0.000114
12405 0.000114
12420 0.000114
12435 0.000114
12450 0.000114
12465 0.000114
12480 0.000114
12495 0.000114
12510 0.000114
12525 0.000114
12540 0.000114
12555 0.000116
12570 0.000116
12585 0.000116
12600 0.000116
12615 0.000116
12630 0.000116
12645 0.000116
12660 0.000116
12675 0.000116
12690 0.000116
12705 0.000116
12720 0.000116
12735 0.000116
12750 0.000116
12765 0.000116
12780 0.000116
12795 0.000116
12810 0.000116
12825 0.000116
12840 0.000116
12855 0.000116
12870 0.000116
12885 0.000116
12900 0.000116
12915 0.000116
12930 0.000116
12945 0.000116
12960 0.000116
12975 0.000116
12990 0.000116
13005 0.000116
13020 0.000116
13035 0.000116
13050 0.000116
13065 0.000116
13080 0.000116
13095 0.000116
13110 0.000116
13125 0.000116
13140 0.000116
13155 0.000116
13170 0.000116
13185 0.000116
13200 0.000116
13215 0.000116
13230 0.000116
13245 0.000116
13260 0.000118
13275 0.000118
13290 0.000118
13305 0.000118
13320 0.000118
13335 0.000118
13350 0.000118
13365 0.000118
13380 0.000118
13395 0.00012
13410 0.00012
13425 0.00012
13440 0.00012
13455 0.00012
13470 0.00012
13485 0.00012
13500 0.00012
13515 0.00012
13530 0.00012
13545 0.00012
13560 0.00012
13575 0.00012
13590 0.00012
13605 0.00012
13620 0.00012
13635 0.00012
13650 0.00012
13665 0.00012
13680 0.00012
13695 0.00012
13710 0.00012
13725 0.00012
13740 0.00012
13755 0.00012
13770 0.00012
13785 0.00012
13800 0.00012
13815 0.00012
13830 0.00012
13845 0.00012
13860 0.00012
13875 0.00012
13890 0.00012
13905 0.00012
13920 0.00012
13935 0.00012
13950 0.00012
13965 0.00012
13980 0.00012
13995 0.00012
14010 0.00012
14025 0.00012
14040 0.00012
14055 0.00012
14070 0.00012
14085 0.00012
14100 0.00012
14115 0.00012
14130 0.00012
14145 0.00012
14160 0.00012
14175 0.000122
14190 0.000122
14205 0.000122
14220 0.000122
14235 0.000122
14250 0.000122
14265 0.000122
14280 0.000122
14295 0.000122
14310 0.000122
14325 0.000122
14340 0.000122
14355 0.000122
14370 0.000122
14385 0.000122
14400 0.000122
14415 0.000122
14430 0.000122
14445 0.000122
14460 0.000122
14475 0.000122
14490 0.000122
14505 0.000122
14520 0.000122
14535 0.000122
14550 0.000122
14565 0.000122
14580 0.000122
14595 0.000122
14610 0.000122
14625 0.000122
14640 0.000122
14655 0.000122
14670 0.000122
14685 0.000122
14700 0.000122
14715 0.000122
14730 0.000122
14745 0.000122
14760 0.000122
14775 0.000122
14790 0.000122
14805 0.000122
14820 0.000122
14835 0.000122
14850 0.000122
14865 0.000122
14880 0.000122
14895 0.000122
14910 0.000124
14925 0.000124
14940 0.000124
14955 0.000124
14970 0.000124
14985 0.000124
15000 0.000124
15015 0.000124
15030 0.000124
15045 0.000124
15060 0.000124
15075 0.000124
15090 0.000124
15105 0.000124
15120 0.000124
15135 0.000124
15150 0.000124
15165 0.000124
15180 0.000124
15195 0.000124
15210 0.000124
15225 0.000124
15240 0.000124
15255 0.000126
15270 0.000126
15285 0.000126
15300 0.000126
15315 0.000126
15330 0.000126
15345 0.000126
15360 0.000126
15375 0.000126
15390 0.000126
15405 0.000126
15420 0.000128
15435 0.000128
15450 0.000128
15465 0.000128
15480 0.000128
15495 0.000128
15510 0.000128
15525 0.000128
15540 0.000128
15555 0.000128
15570 0.000128
15585 0.00013
15600 0.00013
15615 0.000132
15630 0.000134
15645 0.000134
15660 0.000134
15675 0.000134
15690 0.000134
15705 0.000134
15720 0.000134
15735 0.000134
15750 0.000134
15765 0.000134
15780 0.000134
15795 0.000134
15810 0.000134
15825 0.000136
15840 0.000138
15855 0.000138
15870 0.000138
15885 0.000138
15900 0.000138
15915 0.000138
15930 0.000138
15945 0.000138
15960 0.00014
15975 0.00014
15990 0.00014
16005 0.00014
16020 0.00014
16035 0.00014
16050 0.00014
16065 0.00014
16080 0.00014
16095 0.00014
16110 0.00014
16125 0.00014
16140 0.00014
16155 0.00014
16170 0.00014
16185 0.00014
16200 0.00014
16215 0.00014
16230 0.00014
16245 0.00014
16260 0.00014
16275 0.00014
16290 0.00014
16305 0.00014
16320 0.00014
16335 0.00014
16350 0.00014
16365 0.00014
16380 0.00014
16395 0.00014
16410 0.00014
16425 0.00014
16440 0.00014
16455 0.00014
16470 0.00014
16485 0.00014
16500 0.00014
16515 0.00014
16530 0.00014
16545 0.00014
16560 0.00014
16575 0.00014
16590 0.00014
16605 0.00014
16620 0.00014
16635 0.00014
16650 0.00014
16665 0.00014
16680 0.00014
16695 0.00014
16710 0.00014
16725 0.00014
16740 0.000142
16755 0.000142
16770 0.000142
16785 0.000142
16800 0.000142
16815 0.000142
16830 0.000142
16845 0.000142
16860 0.000142
16875 0.000142
16890 0.000142
16905 0.000142
16920 0.000142
16935 0.000142
16950 0.000142
16965 0.000142
16980 0.000142
16995 0.000142
17010 0.000142
17025 0.000142
17040 0.000142
17055 0.000142
17070 0.000142
17085 0.000142
17100 0.000142
17115 0.000144
17130 0.000144
17145 0.000144
17160 0.000144
17175 0.000144
17190 0.000144
17205 0.000144
17220 0.000144
17235 0.000144
17250 0.000146
17265 0.000146
17280 0.000146
17295 0.000146
17310 0.000146
17325 0.000146
17340 0.000146
17355 0.000146
17370 0.000146
17385 0.000146
17400 0.000146
17415 0.000146
17430 0.000146
17445 0.000146
17460 0.000146
17475 0.000146
17490 0.000146
17505 0.000146
17520 0.000146
17535 0.000146
17550 0.000146
17565 0.000146
17580 0.000146
17595 0.000146
17610 0.000146
17625 0.000146
17640 0.000148
17655 0.000148
17670 0.000148
17685 0.000148
17700 0.000148
17715 0.000148
17730 0.000148
17745 0.000148
17760 0.000148
17775 0.000148
17790 0.000148
17805 0.000148
17820 0.000148
17835 0.000148
17850 0.000148
17865 0.000148
17880 0.00015
17895 0.00015
17910 0.00015
17925 0.00015
17940 0.00015
17955 0.00015
17970 0.00015
17985 0.00015
18000 0.00015
18015 0.00015
18030 0.00015
18045 0.00015
18060 0.00015
18075 0.00015
18090 0.00015
18105 0.00015
18120 0.00015
18135 0.00015
18150 0.00015
18165 0.00015
18180 0.00015
18195 0.00015
18210 0.00015
18225 0.00015
18240 0.00015
18255 0.00015
18270 0.00015
18285 0.000152
18300 0.000154
18315 0.000154
18330 0.000154
18345 0.000154
18360 0.000154
18375 0.000154
18390 0.000154
18405 0.000154
18420 0.000154
18435 0.000156
18450 0.000156
18465 0.000156
18480 0.000156
18495 0.000156
18510 0.000156
18525 0.000156
18540 0.000156
18555 0.000156
18570 0.000156
18585 0.000156
18600 0.000156
18615 0.000156
18630 0.000156
18645 0.000156
18660 0.000156
18675 0.000156
18690 0.000158
18705 0.000158
18720 0.00016
18735 0.00016
18750 0.00016
18765 0.00016
18780 0.00016
18795 0.00016
18810 0.00016
18825 0.00016
18840 0.00016
18855 0.00016
18870 0.00016
18885 0.00016
18900 0.00016
18915 0.00016
18930 0.00016
18945 0.00016
18960 0.00016
18975 0.00016
18990 0.00016
19005 0.00016
19020 0.00016
19035 0.00016
19050 0.00016
19065 0.00016
19080 0.00016
19095 0.00016
19110 0.00016
19125 0.00016
19140 0.00016
19155 0.00016
19170 0.00016
19185 0.00016
19200 0.00016
19215 0.00016
19230 0.00016
19245 0.00016
19260 0.00016
19275 0.00016
19290 0.00016
19305 0.00016
19320 0.00016
19335 0.00016
19350 0.00016
19365 0.00016
19380 0.00016
19395 0.00016
19410 0.00016
19425 0.00016
19440 0.00016
19455 0.00016
19470 0.00016
19485 0.00016
19500 0.00016
19515 0.00016
19530 0.00016
19545 0.00016
19560 0.00016
19575 0.00016
19590 0.00016
19605 0.00016
19620 0.00016
19635 0.00016
19650 0.00016
19665 0.00016
19680 0.00016
19695 0.00016
19710 0.00016
19725 0.00016
19740 0.00016
19755 0.00016
19770 0.000162
19785 0.000162
19800 0.000162
19815 0.000162
19830 0.000164
19845 0.000164
19860 0.000164
19875 0.000164
19890 0.000164
19905 0.000166
19920 0.000166
19935 0.000166
19950 0.000166
19965 0.000166
19980 0.000166
19995 0.000168
20010 0.000168
20025 0.000168
20040 0.000168
20055 0.000168
20070 0.000168
20085 0.000168
20100 0.000168
20115 0.000168
20130 0.000168
20145 0.000168
20160 0.000168
20175 0.000168
20190 0.000168
20205 0.000168
20220 0.000168
20235 0.000168
20250 0.000168
20265 0.000168
20280 0.000168
20295 0.000168
20310 0.000168
20325 0.000168
20340 0.000168
20355 0.000172
20370 0.000172
20385 0.000172
20400 0.000172
20415 0.000172
20430 0.000172
20445 0.000174
20460 0.000174
20475 0.000174
20490 0.000174
20505 0.000174
20520 0.000174
20535 0.000174
20550 0.000174
20565 0.000176
20580 0.000176
20595 0.000176
20610 0.000176
20625 0.000176
20640 0.000176
20655 0.000176
20670 0.000176
20685 0.000176
20700 0.000176
20715 0.000176
20730 0.000176
20745 0.000176
20760 0.000176
20775 0.000176
20790 0.000176
20805 0.000176
20820 0.000178
20835 0.000178
20850 0.00018
20865 0.00018
20880 0.00018
20895 0.00018
20910 0.00018
20925 0.00018
20940 0.00018
20955 0.00018
20970 0.00018
20985 0.00018
21000 0.00018
21015 0.00018
21030 0.00018
21045 0.00018
21060 0.00018
21075 0.00018
21090 0.00018
21105 0.00018
21120 0.00018
21135 0.00018
21150 0.00018
21165 0.00018
21180 0.00018
21195 0.00018
21210 0.00018
21225 0.00018
21240 0.00018
21255 0.00018
21270 0.000182
21285 0.000182
21300 0.000182
21315 0.000182
21330 0.000182
21345 0.000182
21360 0.000182
21375 0.000182
21390 0.000182
21405 0.000184
21420 0.000184
21435 0.000184
21450 0.000184
21465 0.000184
21480 0.000184
21495 0.000184
21510 0.000184
21525 0.000184
21540 0.000184
21555 0.000184
21570 0.000184
21585 0.000184
21600 0.000184
21615 0.000184
21630 0.000184
21645 0.000186
21660 0.000186
21675 0.000188
21690 0.000188
21705 0.000188
21720 0.00019
21735 0.00019
21750 0.00019
21765 0.00019
21780 0.00019
21795 0.00019
21810 0.00019
21825 0.00019
21840 0.00019
21855 0.00019
21870 0.00019
21885 0.00019
21900 0.00019
21915 0.00019
21930 0.00019
21945 0.000192
21960 0.000192
21975 0.000192
21990 0.000192
22005 0.000194
22020 0.000194
22035 0.000194
22050 0.000194
22065 0.000194
22080 0.000194
22095 0.000194
22110 0.000194
22125 0.000194
22140 0.000194
22155 0.000194
22170 0.000194
22185 0.000194
22200 0.000194
22215 0.000194
22230 0.000194
22245 0.000194
22260 0.000194
22275 0.000194
22290 0.000194
22305 0.000196
22320 0.000196
22335 0.000196
22350 0.000196
22365 0.000196
22380 0.000196
22395 0.000198
22410 0.000198
22425 0.000198
22440 0.000198
22455 0.000202
22470 0.000202
22485 0.000204
22500 0.000204
22515 0.000204
22530 0.000208
22545 0.000208
22560 0.000208
22575 0.000208
22590 0.000208
22605 0.000208
22620 0.000208
22635 0.000208
22650 0.000208
22665 0.000208
22680 0.000208
22695 0.000208
22710 0.000208
22725 0.000208
22740 0.000208
22755 0.000208
22770 0.000208
22785 0.000208
22800 0.000208
22815 0.000208
22830 0.000208
22845 0.000208
22860 0.000208
22875 0.000208
22890 0.000208
22905 0.000208
22920 0.000208
22935 0.000208
22950 0.000208
22965 0.000208
22980 0.000208
22995 0.000208
23010 0.000208
23025 0.000208
23040 0.000208
23055 0.000208
23070 0.000208
23085 0.000208
23100 0.000208
23115 0.000208
23130 0.000208
23145 0.00021
23160 0.000212
23175 0.000214
23190 0.000214
23205 0.000214
23220 0.000214
23235 0.000214
23250 0.000214
23265 0.000214
23280 0.000214
23295 0.000214
23310 0.000214
23325 0.000214
23340 0.000214
23355 0.000214
23370 0.000214
23385 0.000214
23400 0.000214
23415 0.000214
23430 0.000214
23445 0.000214
23460 0.000216
23475 0.000216
23490 0.000216
23505 0.000216
23520 0.000216
23535 0.000216
23550 0.000216
23565 0.000216
23580 0.000216
23595 0.000216
23610 0.000216
23625 0.000216
23640 0.000216
23655 0.000216
23670 0.000216
23685 0.000216
23700 0.000216
23715 0.000216
23730 0.000216
23745 0.000218
23760 0.000218
23775 0.000218
23790 0.000222
23805 0.000222
23820 0.000222
23835 0.000222
23850 0.000222
23865 0.000222
23880 0.000222
23895 0.000222
23910 0.000222
23925 0.000222
23940 0.000222
23955 0.000222
23970 0.000222
23985 0.000222
24000 0.000222
24015 0.000222
24030 0.000222
24045 0.000222
24060 0.000224
24075 0.000224
24090 0.000224
24105 0.000224
24120 0.000224
24135 0.000224
24150 0.000224
24165 0.000224
24180 0.000224
24195 0.000224
24210 0.000224
24225 0.000224
24240 0.000224
24255 0.000224
24270 0.000224
24285 0.000224
24300 0.000226
24315 0.000226
24330 0.000226
24345 0.000226
24360 0.000226
24375 0.000228
24390 0.000228
24405 0.000228
24420 0.00023
24435 0.00023
24450 0.00023
24465 0.00023
24480 0.00023
24495 0.00023
24510 0.00023
24525 0.00023
24540 0.00023
24555 0.00023
24570 0.00023
24585 0.00023
24600 0.00023
24615 0.00023
24630 0.00023
24645 0.00023
24660 0.00023
24675 0.00023
24690 0.00023
24705 0.00023
24720 0.00023
24735 0.00023
24750 0.00023
24765 0.00023
24780 0.00023
24795 0.000232
24810 0.000236
24825 0.000236
24840 0.000236
24855 0.000236
24870 0.000236
24885 0.000236
24900 0.000236
24915 0.000236
24930 0.000236
24945 0.000236
24960 0.000236
24975 0.000236
24990 0.000236
25005 0.000236
25020 0.000236
25035 0.000236
25050 0.000236
25065 0.000236
25080 0.000236
25095 0.000236
25110 0.000236
25125 0.000236
25140 0.000236
25155 0.000236
25170 0.000236
25185 0.000236
25200 0.000236
25215 0.000236
25230 0.000236
25245 0.000236
25260 0.000236
25275 0.000236
25290 0.000236
25305 0.000236
25320 0.000236
25335 0.000238
25350 0.000238
25365 0.000238
25380 0.000238
25395 0.000238
25410 0.000238
25425 0.000238
25440 0.00024
25455 0.00024
25470 0.00024
25485 0.00024
25500 0.00024
25515 0.00024
25530 0.00024
25545 0.00024
25560 0.00024
25575 0.00024
25590 0.00024
25605 0.00024
25620 0.00024
25635 0.00024
25650 0.00024
25665 0.000242
25680 0.000242
25695 0.000242
25710 0.000242
25725 0.000242
25740 0.000242
25755 0.000242
25770 0.000242
25785 0.000242
25800 0.000242
25815 0.000242
25830 0.000242
25845 0.000242
25860 0.000242
25875 0.000242
25890 0.000242
25905 0.000242
25920 0.000242
25935 0.000242
25950 0.000242
25965 0.000242
25980 0.000244
25995 0.000244
26010 0.000244
26025 0.000244
26040 0.000244
26055 0.000244
26070 0.000244
26085 0.000244
26100 0.000244
26115 0.000244
26130 0.000244
26145 0.000244
26160 0.000244
26175 0.000248
26190 0.000248
26205 0.000248
26220 0.000248
26235 0.000248
26250 0.000248
26265 0.000248
26280 0.000248
26295 0.000248
26310 0.000248
26325 0.000248
26340 0.000248
26355 0.000248
26370 0.000248
26385 0.000248
26400 0.00025
26415 0.00025
26430 0.00025
26445 0.00025
26460 0.00025
26475 0.00025
26490 0.00025
26505 0.00025
26520 0.00025
26535 0.00025
26550 0.000252
26565 0.000252
26580 0.000252
26595 0.000252
26610 0.000252
26625 0.000252
26640 0.000252
26655 0.000252
26670 0.000252
26685 0.000254
26700 0.000254
26715 0.000254
26730 0.000254
26745 0.000254
26760 0.000254
26775 0.000256
26790 0.000256
26805 0.000258
26820 0.000258
26835 0.000258
26850 0.000258
26865 0.000258
26880 0.00026
26895 0.000264
26910 0.000264
26925 0.000264
26940 0.000264
26955 0.000264
26970 0.000264
26985 0.000264
27000 0.000264
27015 0.000264
27030 0.000264
27045 0.000264
27060 0.000266
27075 0.00027
27090 0.00027
27105 0.00027
27120 0.00027
27135 0.000272
27150 0.000272
27165 0.000272
27180 0.000272
27195 0.000272
27210 0.000274
27225 0.000274
27240 0.000274
27255 0.000274
27270 0.000274
27285 0.000274
27300 0.000274
27315 0.000274
27330 0.000274
27345 0.000276
27360 0.00028
27375 0.000282
27390 0.000282
27405 0.000282
27420 0.000282
27435 0.000282
27450 0.000284
27465 0.000284
27480 0.000284
27495 0.000284
27510 0.000286
27525 0.000286
27540 0.000286
27555 0.000286
27570 0.000286
27585 0.000286
27600 0.000286
27615 0.000286
27630 0.000286
27645 0.000286
27660 0.000286
27675 0.000286
27690 0.000288
27705 0.000288
27720 0.000288
27735 0.000288
27750 0.000288
27765 0.000288
27780 0.000288
27795 0.000288
27810 0.000288
27825 0.000288
27840 0.000288
27855 0.000288
27870 0.000288
27885 0.000288
27900 0.000288
27915 0.000288
27930 0.00029
27945 0.00029
27960 0.00029
27975 0.000292
27990 0.000292
28005 0.000292
28020 0.000292
28035 0.000292
28050 0.000292
28065 0.000292
28080 0.000292
28095 0.000292
28110 0.000296
28125 0.000296
28140 0.000298
28155 0.000298
28170 0.000298
28185 0.000298
28200 0.0003
28215 0.0003
28230 0.0003
28245 0.0003
28260 0.0003
28275 0.0003
28290 0.0003
28305 0.0003
28320 0.0003
28335 0.0003
28350 0.0003
28365 0.0003
28380 0.0003
28395 0.0003
28410 0.0003
28425 0.000302
28440 0.000304
28455 0.000304
28470 0.000304
28485 0.000304
28500 0.000304
28515 0.000304
28530 0.000304
28545 0.000304
28560 0.000304
28575 0.000304
28590 0.000304
28605 0.000304
28620 0.000306
28635 0.000306
28650 0.000306
28665 0.000306
28680 0.000306
28695 0.000306
28710 0.000306
28725 0.000306
28740 0.000306
28755 0.000306
28770 0.000306
28785 0.000306
28800 0.000306
28815 0.000308
28830 0.000308
28845 0.000308
28860 0.000308
28875 0.000312
28890 0.000312
28905 0.000312
28920 0.000312
28935 0.000314
28950 0.000314
28965 0.000318
28980 0.000318
28995 0.00032
29010 0.00032
29025 0.00032
29040 0.00032
29055 0.00032
29070 0.00032
29085 0.00032
29100 0.00032
29115 0.00032
29130 0.00032
29145 0.00032
29160 0.00032
29175 0.00032
29190 0.00032
29205 0.00032
29220 0.00032
29235 0.00032
29250 0.00032
29265 0.000324
29280 0.000324
29295 0.000324
29310 0.000324
29325 0.000324
29340 0.000324
29355 0.000324
29370 0.000324
29385 0.000324
29400 0.000324
29415 0.00033
29430 0.00033
29445 0.00033
29460 0.00033
29475 0.000332
29490 0.000332
29505 0.000334
29520 0.000336
29535 0.000336
29550 0.000336
29565 0.000336
29580 0.000336
29595 0.000336
29610 0.000336
29625 0.000336
29640 0.000336
29655 0.000336
29670 0.000336
29685 0.000336
29700 0.000336
29715 0.000336
29730 0.000336
29745 0.000336
29760 0.000336
29775 0.000336
29790 0.000336
29805 0.000336
29820 0.000336
29835 0.000336
29850 0.000336
29865 0.000336
29880 0.000336
29895 0.00034
29910 0.00034
29925 0.00034
29940 0.00034
29955 0.00034
29970 0.000344
29985 0.000344
30000 0.000344
30015 0.000344
30030 0.000344
30045 0.000344
30060 0.000344
30075 0.000344
30090 0.000344
30105 0.000344
30120 0.000344
30135 0.000344
30150 0.000344
30165 0.000348
30180 0.000348
30195 0.000348
30210 0.000348
30225 0.000348
30240 0.000348
30255 0.000348
30270 0.000348
30285 0.000348
30300 0.000348
30315 0.000348
30330 0.000348
30345 0.000348
30360 0.00035
30375 0.000354
30390 0.000354
30405 0.000354
30420 0.000358
30435 0.000358
30450 0.000358
30465 0.000358
30480 0.00036
30495 0.00036
30510 0.00036
30525 0.00036
30540 0.00036
30555 0.00036
30570 0.00036
30585 0.00036
30600 0.000362
30615 0.000362
30630 0.000362
30645 0.000362
30660 0.000362
30675 0.000362
30690 0.000362
30705 0.000362
30720 0.000362
30735 0.000362
30750 0.000362
30765 0.000362
30780 0.000362
30795 0.000364
30810 0.000364
30825 0.000366
30840 0.000366
30855 0.000366
30870 0.000366
30885 0.000366
30900 0.000366
30915 0.000366
30930 0.000366
30945 0.000368
30960 0.00037
30975 0.00037
30990 0.000372
31005 0.000372
31020 0.000374
31035 0.000374
31050 0.000374
31065 0.000374
31080 0.000376
31095 0.000376
31110 0.000378
31125 0.000382
31140 0.000384
31155 0.000384
31170 0.000386
31185 0.000386
31200 0.000386
31215 0.000388
31230 0.000388
31245 0.000388
31260 0.000392
31275 0.000392
31290 0.000392
31305 0.000392
31320 0.000394
31335 0.000394
31350 0.000394
31365 0.000396
31380 0.000396
31395 0.000396
31410 0.000396
31425 0.000396
31440 0.000396
31455 0.000398
31470 0.000398
31485 0.0004
31500 0.0004
31515 0.0004
31530 0.0004
31545 0.0004
31560 0.0004
31575 0.000402
31590 0.000404
31605 0.000404
31620 0.000404
31635 0.000404
31650 0.000404
31665 0.000404
31680 0.000404
31695 0.000404
31710 0.000404
31725 0.000404
31740 0.000404
31755 0.000406
31770 0.000406
31785 0.000406
31800 0.000406
31815 0.000406
31830 0.000406
31845 0.000406
31860 0.000406
31875 0.000406
31890 0.00041
31905 0.000412
31920 0.00042
31935 0.00042
31950 0.000424
31965 0.000424
31980 0.000424
31995 0.000424
32010 0.000424
32025 0.000424
32040 0.000424
32055 0.000424
32070 0.000424
32085 0.000424
32100 0.000424
32115 0.000424
32130 0.000424
32145 0.000424
32160 0.000424
32175 0.000424
32190 0.000426
32205 0.00043
32220 0.00043
32235 0.00043
32250 0.00043
32265 0.00043
32280 0.00043
32295 0.000434
32310 0.000434
32325 0.000434
32340 0.000434
32355 0.000434
32370 0.000436
32385 0.000438
32400 0.000438
32415 0.000438
32430 0.000438
32445 0.000438
32460 0.00044
32475 0.00044
32490 0.00044
32505 0.00044
32520 0.00044
32535 0.00044
32550 0.000442
32565 0.000446
32580 0.000446
32595 0.000448
32610 0.000448
32625 0.000448
32640 0.00045
32655 0.000452
32670 0.000452
32685 0.000452
32700 0.000452
32715 0.000452
32730 0.000454
32745 0.000454
32760 0.000454
32775 0.000456
32790 0.000456
32805 0.000456
32820 0.000456
32835 0.000456
32850 0.000456
32865 0.000456
32880 0.000456
32895 0.000456
32910 0.000456
32925 0.000464
32940 0.000464
32955 0.000464
32970 0.000466
32985 0.000466
33000 0.000466
33015 0.000466
33030 0.000466
33045 0.000468
33060 0.000468
33075 0.00047
33090 0.000472
33105 0.000472
33120 0.000472
33135 0.000474
33150 0.000476
33165 0.000476
33180 0.000476
33195 0.000476
33210 0.000476
33225 0.000478
33240 0.00048
33255 0.000482
33270 0.000482
33285 0.000482
33300 0.000482
33315 0.000482
33330 0.000482
33345 0.000482
33360 0.000486
33375 0.000486
33390 0.000488
33405 0.000488
33420 0.000488
33435 0.000488
33450 0.000488
33465 0.000488
33480 0.000488
33495 0.000488
33510 0.000488
33525 0.000488
33540 0.000488
33555 0.00049
33570 0.00049
33585 0.00049
33600 0.00049
33615 0.00049
33630 0.00049
33645 0.000492
33660 0.000498
33675 0.000498
33690 0.000498
33705 0.0005
33720 0.000502
33735 0.000508
33750 0.00051
33765 0.00051
33780 0.00051
33795 0.00051
33810 0.00051
33825 0.00051
33840 0.00051
33855 0.000512
33870 0.000512
33885 0.000512
33900 0.000512
33915 0.000516
33930 0.000516
33945 0.000516
33960 0.000518
33975 0.000518
33990 0.000518
34005 0.00052
34020 0.00052
34035 0.00052
34050 0.00052
34065 0.000526
34080 0.000526
34095 0.000526
34110 0.000526
34125 0.000526
34140 0.000528
34155 0.000528
34170 0.00053
34185 0.000532
34200 0.000532
34215 0.000534
34230 0.000534
34245 0.000536
34260 0.000544
34275 0.000544
34290 0.000544
34305 0.000544
34320 0.000544
34335 0.000544
34350 0.000546
34365 0.000548
34380 0.000552
34395 0.000552
34410 0.000552
34425 0.000552
34440 0.000552
34455 0.000552
34470 0.000552
34485 0.000556
34500 0.000558
34515 0.000558
34530 0.000558
34545 0.00056
34560 0.000564
34575 0.000568
34590 0.000568
34605 0.000568
34620 0.000568
34635 0.000568
34650 0.000568
34665 0.000568
34680 0.00057
34695 0.000574
34710 0.000574
34725 0.000574
34740 0.000578
34755 0.000578
34770 0.000578
34785 0.000578
34800 0.000584
34815 0.000584
34830 0.000586
34845 0.000586
34860 0.000586
34875 0.000586
34890 0.000588
34905 0.000594
34920 0.000594
34935 0.000602
34950 0.000602
34965 0.000602
34980 0.000608
34995 0.000608
35010 0.000612
35025 0.000612
35040 0.000612
35055 0.000614
35070 0.000618
35085 0.000618
35100 0.000626
35115 0.000626
35130 0.000626
35145 0.00064
35160 0.00064
35175 0.000642
35190 0.000642
35205 0.000644
35220 0.000644
35235 0.000644
35250 0.000644
35265 0.000644
35280 0.000644
35295 0.000646
35310 0.000646
35325 0.00065
35340 0.00065
35355 0.00065
35370 0.00065
35385 0.000654
35400 0.000656
35415 0.00066
35430 0.00066
35445 0.00066
35460 0.00066
35475 0.00066
35490 0.000662
35505 0.000662
35520 0.000662
35535 0.000662
35550 0.000662
35565 0.000668
35580 0.00067
35595 0.00067
35610 0.00067
35625 0.00067
35640 0.000674
35655 0.000676
35670 0.000676
35685 0.000676
35700 0.000676
35715 0.000676
35730 0.000676
35745 0.000676
35760 0.00068
35775 0.00068
35790 0.00068
35805 0.00068
35820 0.000692
35835 0.000692
35850 0.000692
35865 0.000702
35880 0.000704
35895 0.000706
35910 0.000712
35925 0.000712
35940 0.000714
35955 0.00072
35970 0.00072
35985 0.00072
36000 0.00072
36015 0.000724
36030 0.000724
36045 0.000726
36060 0.00073
36075 0.000732
36090 0.000736
36105 0.000736
36120 0.000736
36135 0.000742
36150 0.000742
36165 0.000742
36180 0.000742
36195 0.000742
36210 0.000742
36225 0.000742
36240 0.000742
36255 0.00076
36270 0.00076
36285 0.00076
36300 0.000764
36315 0.000764
36330 0.000764
36345 0.000766
36360 0.00077
36375 0.00077
36390 0.000772
36405 0.000774
36420 0.000796
36435 0.000796
36450 0.000796
36465 0.0008
36480 0.000818
36495 0.000824
36510 0.000824
36525 0.000824
36540 0.000824
36555 0.000824
36570 0.000824
36585 0.000826
36600 0.00083
36615 0.00083
36630 0.000834
36645 0.000834
36660 0.000834
36675 0.000836
36690 0.000836
36705 0.000836
36720 0.000836
36735 0.000836
36750 0.000836
36765 0.000838
36780 0.000846
36795 0.000846
36810 0.000852
36825 0.000852
36840 0.000852
36855 0.000852
36870 0.000852
36885 0.000852
36900 0.000852
36915 0.000856
36930 0.000856
36945 0.000856
36960 0.000856
36975 0.00086
36990 0.000886
37005 0.000886
37020 0.00089
37035 0.00089
37050 0.000898
37065 0.000898
37080 0.000898
37095 0.000898
37110 0.000898
37125 0.000898
37140 0.000898
37155 0.000906
37170 0.000906
37185 0.000906
37200 0.000906
37215 0.000906
37230 0.000906
37245 0.000906
37260 0.000906
37275 0.000908
37290 0.000908
37305 0.000908
37320 0.000908
37335 0.000908
37350 0.000908
37365 0.000908
37380 0.000908
37395 0.000912
37410 0.000914
37425 0.000936
37440 0.000938
37455 0.000944
37470 0.000944
37485 0.000944
37500 0.000944
37515 0.000944
37530 0.000952
37545 0.000958
37560 0.000972
37575 0.000972
37590 0.000972
37605 0.000974
37620 0.000974
37635 0.000976
37650 0.000976
37665 0.000976
37680 0.000976
37695 0.000986
37710 0.000986
37725 0.000988
37740 0.000988
37755 0.000994
37770 0.000998
37785 0.001
37800 0.001
37815 0.001
37830 0.001
37845 0.001006
37860 0.001014
37875 0.001026
37890 0.001034
37905 0.001046
37920 0.001046
37935 0.001046
37950 0.00105
37965 0.001064
37980 0.001064
37995 0.001066
38010 0.001076
38025 0.001076
38040 0.001076
38055 0.001076
38070 0.001082
38085 0.001082
38100 0.001084
38115 0.001084
38130 0.00109
38145 0.001094
38160 0.001096
38175 0.001096
38190 0.001096
38205 0.001096
38220 0.001098
38235 0.001104
38250 0.001116
38265 0.001124
38280 0.001124
38295 0.001124
38310 0.001124
38325 0.001124
38340 0.001126
38355 0.001126
38370 0.001138
38385 0.00114
38400 0.00114
38415 0.00114
38430 0.001142
38445 0.001142
38460 0.001154
38475 0.001176
38490 0.00118
38505 0.001186
38520 0.00119
38535 0.00119
38550 0.00119
38565 0.001192
38580 0.001204
38595 0.001204
38610 0.00121
38625 0.00121
38640 0.00121
38655 0.001222
38670 0.001224
38685 0.001226
38700 0.001226
38715 0.001226
38730 0.001236
38745 0.00124
38760 0.001246
38775 0.001246
38790 0.001246
38805 0.001254
38820 0.001254
38835 0.001254
38850 0.00128
38865 0.00128
38880 0.00128
38895 0.001286
38910 0.001294
38925 0.001294
38940 0.001302
38955 0.001302
38970 0.001302
38985 0.00132
39000 0.001322
39015 0.001326
39030 0.001326
39045 0.001346
39060 0.001346
39075 0.00135
39090 0.001364
39105 0.00137
39120 0.001372
39135 0.001384
39150 0.001384
39165 0.001384
39180 0.001384
39195 0.001386
39210 0.001404
39225 0.001428
39240 0.00143
39255 0.001432
39270 0.001432
39285 0.001432
39300 0.001432
39315 0.001432
39330 0.001444
39345 0.001444
39360 0.00145
39375 0.00145
39390 0.001458
39405 0.001492
39420 0.001492
39435 0.001492
39450 0.001502
39465 0.001504
39480 0.00151
39495 0.001516
39510 0.001516
39525 0.001528
39540 0.001538
39555 0.00155
39570 0.001594
39585 0.001594
39600 0.001594
39615 0.001606
39630 0.001608
39645 0.00161
39660 0.001626
39675 0.001626
39690 0.001626
39705 0.001638
39720 0.001664
39735 0.001666
39750 0.001666
39765 0.001666
39780 0.001686
39795 0.001688
39810 0.001736
39825 0.001784
39840 0.0018
39855 0.0018
39870 0.001824
39885 0.001824
39900 0.001836
39915 0.001856
39930 0.001868
39945 0.001868
39960 0.001868
39975 0.001868
39990 0.001898
40005 0.001898
40020 0.00191
40035 0.00191
40050 0.001932
40065 0.00197
40080 0.001976
40095 0.001976
40110 0.001976
40125 0.001976
40140 0.001978
40155 0.00198
40170 0.001988
40185 0.002
40200 0.002014
40215 0.002038
40230 0.002038
40245 0.002052
40260 0.002058
40275 0.002068
40290 0.002086
40305 0.0021
40320 0.002108
40335 0.002108
40350 0.002116
40365 0.002124
40380 0.002134
40395 0.002134
40410 0.002148
40425 0.002148
40440 0.002148
40455 0.002148
40470 0.002162
40485 0.002168
40500 0.002174
40515 0.002188
40530 0.002198
40545 0.002238
40560 0.002292
40575 0.002292
40590 0.002324
40605 0.002342
40620 0.002342
40635 0.002344
40650 0.002344
40665 0.00235
40680 0.002368
40695 0.002438
40710 0.002438
40725 0.002486
40740 0.00249
40755 0.002508
40770 0.002514
40785 0.002516
40800 0.002562
40815 0.002562
40830 0.002606
40845 0.002688
40860 0.002688
40875 0.002758
40890 0.00282
40905 0.002866
40920 0.0029
40935 0.0029
40950 0.0029
40965 0.002952
40980 0.002952
40995 0.002966
41010 0.002976
41025 0.002976
41040 0.002976
41055 0.003028
41070 0.003028
41085 0.003028
41100 0.003046
41115 0.003048
41130 0.003094
41145 0.003094
41160 0.003128
41175 0.00313
41190 0.003138
41205 0.003174
41220 0.003192
41235 0.003258
41250 0.003296
41265 0.003332
41280 0.00334
41295 0.003354
41310 0.00338
41325 0.00339
41340 0.003412
41355 0.003424
41370 0.003522
41385 0.003596
41400 0.003596
41415 0.003596
41430 0.003602
41445 0.003678
41460 0.003742
41475 0.003788
41490 0.003854
41505 0.003934
41520 0.003956
41535 0.003976
41550 0.004042
41565 0.004062
41580 0.004062
41595 0.004116
41610 0.004124
41625 0.004164
41640 0.004226
41655 0.004246
41670 0.004258
41685 0.00427
41700 0.004326
41715 0.004326
41730 0.004326
41745 0.004386
41760 0.004538
41775 0.004634
41790 0.004728
41805 0.004736
41820 0.004902
41835 0.00498
41850 0.00503
41865 0.00511
41880 0.005134
41895 0.005196
41910 0.005326
41925 0.005604
41940 0.005624
41955 0.005824
41970 0.005824
41985 0.005892
42000 0.00595
42015 0.006
42030 0.006194
42045 0.006402
42060 0.006572
42075 0.006638
42090 0.006712
42105 0.007216
42120 0.007298
42135 0.00738
42150 0.007504
42165 0.00762
42180 0.007716
42195 0.007816
42210 0.007854
42225 0.008058
42240 0.008272
42255 0.008486
42270 0.008702
42285 0.008756
42300 0.00891
42315 0.00916
42330 0.009448
42345 0.009636
42360 0.00964
42375 0.009666
42390 0.01002
42405 0.010084
42420 0.010582
42435 0.011246
42450 0.011534
42465 0.01236
42480 0.012898
42495 0.013028
42510 0.013194
42525 0.013238
42540 0.015052
42555 0.015358
42570 0.015602
42585 0.015602
42600 0.016326
42615 0.017298
42630 0.017398
42645 0.01832
42660 0.01871
42675 0.02542
42690 0.030966
42705 0.036946
42720 0.018658
42735 0.015438
42750 0.015854
42765 0.015914
42780 0.017098
42795 0.018206
42810 0.019156
42825 0.019934
42840 0.021342
42855 0.02265
42870 0.024168
42885 0.028372
42900 0.034524
42915 0.0371
42930 0.038466
42945 0.047788
42960 0.054094
42975 0.061554
42990 0.033596
43005 0.035988
43020 0.038516
43035 0.039634
43050 0.050896
43065 0.046998
43080 0.049388
43095 0.053312
43110 0.042708
43125 0.03937
43140 0.047314
43155 0.052596
43170 0.06916
43185 0.047762
43200 0.035162
43215 0.0238
43230 0.023278
43245 0.020956
43260 0.020494
43275 0.022432
43290 0.015744
43305 0.0179
43320 0.018114
43335 0.017012
43350 0.016828
43365 0.006686
43380 0.006228
43395 0.006
43410 0.006
43425 0.00613
43440 0.005554
43455 0.005394
43470 0.00541
43485 0.004896
43500 0.004234
43515 0.003928
43530 0.003914
43545 0.003914
43560 0.003732
43575 0.003734
43590 0.003836
43605 0.003736
43620 0.003192
43635 0.0032
43650 0.0032
43665 0.0032
43680 0.0032
43695 0.003234
43710 0.003254
43725 0.003256
43740 0.003158
43755 0.003158
43770 0.003094
43785 0.002848
43800 0.002792
43815 0.002792
43830 0.002788
43845 0.002486
43860 0.00243
43875 0.00243
43890 0.00243
43905 0.001964
43920 0.00197
43935 0.00197
43950 0.001922
43965 0.001858
43980 0.001858
43995 0.001858
44010 0.001858
44025 0.001784
44040 0.001784
44055 0.001818
44070 0.00182
44085 0.00182
44100 0.001822
44115 0.001708
44130 0.001708
44145 0.001666
44160 0.001684
44175 0.001444
44190 0.001444
44205 0.001492
44220 0.001524
44235 0.001524
44250 0.00155
44265 0.001518
44280 0.00152
44295 0.00152
44310 0.00152
44325 0.001524
44340 0.001524
44355 0.00153
44370 0.00153
44385 0.00155
44400 0.001512
44415 0.001514
44430 0.001468
44445 0.001468
44460 0.001468
44475 0.00145
44490 0.00145
44505 0.00145
44520 0.00145
44535 0.00145
44550 0.001428
44565 0.001324
44580 0.001324
44595 0.001324
44610 0.001324
44625 0.001324
44640 0.001306
44655 0.001284
44670 0.001218
44685 0.001218
44700 0.001218
44715 0.001218
44730 0.001218
44745 0.001218
44760 0.001218
44775 0.001196
44790 0.0012
44805 0.0012
44820 0.001198
44835 0.001198
44850 0.001128
44865 0.001128
44880 0.001128
44895 0.001106
44910 0.001106
44925 0.001106
44940 0.001096
44955 0.001096
44970 0.001092
44985 0.001092
45000 0.001092
45015 0.001092
45030 0.001092
45045 0.001064
45060 0.001064
45075 0.001064
45090 0.001064
45105 0.001058
45120 0.001022
45135 0.001022
45150 0.000902
45165 0.000902
45180 0.000796
45195 0.000796
45210 0.000796
45225 0.000796
45240 0.000802
45255 0.000778
45270 0.000778
45285 0.000784
45300 0.000784
45315 0.000784
45330 0.000776
45345 0.000776
45360 0.000776
45375 0.000776
45390 0.000776
45405 0.000776
45420 0.000776
45435 0.000776
45450 0.000776
45465 0.000776
45480 0.000776
45495 0.000776
45510 0.000776
45525 0.000776
45540 0.000776
45555 0.000748
45570 0.00075
45585 0.000714
45600 0.000716
45615 0.00071
45630 0.00071
45645 0.000722
45660 0.000712
45675 0.000718
45690 0.000718
45705 0.000718
45720 0.000718
45735 0.000708
45750 0.000708
45765 0.000708
45780 0.000708
45795 0.000708
45810 0.000706
45825 0.000706
45840 0.000706
45855 0.000706
45870 0.000706
45885 0.000706
45900 0.000706
45915 0.000706
45930 0.000706
45945 0.000706
45960 0.000706
45975 0.000706
45990 0.000702
46005 0.000702
46020 0.000702
46035 0.000696
46050 0.000696
46065 0.000696
46080 0.000696
46095 0.000696
46110 0.000696
46125 0.000708
46140 0.000708
46155 0.000708
46170 0.000702
46185 0.000702
46200 0.000702
46215 0.000702
46230 0.000702
46245 0.000706
46260 0.000706
46275 0.000706
46290 0.000706
46305 0.000706
46320 0.000706
46335 0.000706
46350 0.00069
46365 0.000686
46380 0.000686
46395 0.000686
46410 0.000686
46425 0.000686
46440 0.000686
46455 0.000686
46470 0.00065
46485 0.000644
46500 0.000644
46515 0.000644
46530 0.000644
46545 0.000644
46560 0.00063
46575 0.00063
46590 0.000588
46605 0.000588
46620 0.000588
46635 0.000588
46650 0.000588
46665 0.000588
46680 0.000588
46695 0.000588
46710 0.000588
46725 0.000588
46740 0.000588
46755 0.000588
46770 0.000588
46785 0.000588
46800 0.000588
46815 0.000588
46830 0.000588
46845 0.000588
46860 0.00058
46875 0.00058
46890 0.000544
46905 0.000544
46920 0.000544
46935 0.000548
46950 0.000548
46965 0.000526
46980 0.000526
46995 0.000526
47010 0.000526
47025 0.000526
47040 0.000526
47055 0.000526
47070 0.000526
47085 0.000526
47100 0.000526
47115 0.000508
47130 0.000508
47145 0.000504
47160 0.000504
47175 0.000504
47190 0.000504
47205 0.000504
47220 0.000504
47235 0.000504
47250 0.000478
47265 0.000478
47280 0.00048
47295 0.00048
47310 0.00048
47325 0.00048
47340 0.00048
47355 0.00048
47370 0.00048
47385 0.000482
47400 0.000482
47415 0.000482
47430 0.000482
47445 0.000478
47460 0.000478
47475 0.000478
47490 0.000478
47505 0.000468
47520 0.000468
47535 0.000468
47550 0.000468
47565 0.000468
47580 0.000468
47595 0.000468
47610 0.000472
47625 0.000468
47640 0.000468
47655 0.000468
47670 0.000468
47685 0.000468
47700 0.000442
47715 0.000442
47730 0.000442
47745 0.000442
47760 0.000438
47775 0.000438
47790 0.000438
47805 0.000438
47820 0.000438
47835 0.000438
47850 0.000426
47865 0.00043
47880 0.00043
47895 0.00043
47910 0.00043
47925 0.00043
47940 0.00043
47955 0.00043
47970 0.00043
47985 0.000426
48000 0.000426
48015 0.000426
48030 0.000426
48045 0.000424
48060 0.000424
48075 0.000424
48090 0.00042
48105 0.00042
48120 0.00042
48135 0.00042
48150 0.00042
48165 0.00042
48180 0.00042
48195 0.00042
48210 0.00042
48225 0.00042
48240 0.00042
48255 0.000392
48270 0.000392
48285 0.000392
48300 0.000392
48315 0.000392
48330 0.00039
48345 0.00039
48360 0.00039
48375 0.00039
48390 0.00039
48405 0.00039
48420 0.00039
48435 0.000372
48450 0.000372
48465 0.000372
48480 0.000372
48495 0.000372
48510 0.000372
48525 0.000372
48540 0.000372
48555 0.000372
48570 0.000372
48585 0.000364
48600 0.000364
48615 0.000364
48630 0.000364
48645 0.000364
48660 0.000364
48675 0.000364
48690 0.000364
48705 0.000358
48720 0.000358
48735 0.000358
48750 0.000358
48765 0.000358
48780 0.000358
48795 0.000358
48810 0.000358
48825 0.000358
48840 0.000358
48855 0.000358
48870 0.000354
48885 0.000354
48900 0.000354
48915 0.000354
48930 0.000344
48945 0.000344
48960 0.000344
48975 0.000344
48990 0.000344
49005 0.000344
49020 0.000344
49035 0.000344
49050 0.000344
49065 0.000344
49080 0.000344
49095 0.000344
49110 0.000344
49125 0.000344
49140 0.000344
49155 0.000344
49170 0.00034
49185 0.00034
49200 0.00034
49215 0.00034
49230 0.00034
49245 0.00034
49260 0.00034
49275 0.00034
49290 0.00034
49305 0.00034
49320 0.000334
49335 0.000334
49350 0.000334
49365 0.00033
49380 0.00033
49395 0.00033
49410 0.00033
49425 0.000338
49440 0.000334
49455 0.000334
49470 0.000334
49485 0.000334
49500 0.000334
49515 0.000334
49530 0.000334
49545 0.000326
49560 0.000326
49575 0.000308
49590 0.000302
49605 0.000302
49620 0.000302
49635 0.000302
49650 0.000302
49665 0.000302
49680 0.000302
49695 0.000292
49710 0.000292
49725 0.000292
49740 0.000292
49755 0.000292
49770 0.000292
49785 0.000292
49800 0.000292
49815 0.000292
49830 0.000292
49845 0.000292
49860 0.000292
49875 0.000292
49890 0.000292
49905 0.000292
49920 0.000292
49935 0.000292
49950 0.000292
49965 0.000292
49980 0.000292
49995 0.000292
50010 0.000292
50025 0.000292
50040 0.000292
50055 0.000292
50070 0.000292
50085 0.000292
50100 0.000292
50115 0.000256
50130 0.000256
50145 0.00026
50160 0.00026
50175 0.000252
50190 0.000252
50205 0.000252
50220 0.000252
50235 0.000252
50250 0.000252
50265 0.000252
50280 0.000252
50295 0.000252
50310 0.000252
50325 0.000252
50340 0.000248
50355 0.000248
50370 0.000248
50385 0.000248
50400 0.000248
50415 0.000248
50430 0.000248
50445 0.000248
50460 0.000248
50475 0.000248
50490 0.000248
50505 0.000248
50520 0.000248
50535 0.000248
50550 0.00025
50565 0.00025
50580 0.00025
50595 0.00025
50610 0.00025
50625 0.00025
50640 0.00025
50655 0.00025
50670 0.000248
50685 0.000246
50700 0.000246
50715 0.000246
50730 0.000246
50745 0.000246
50760 0.000246
50775 0.000246
50790 0.000246
50805 0.000246
50820 0.000246
50835 0.000246
50850 0.000246
50865 0.000246
50880 0.000242
50895 0.000242
50910 0.000242
50925 0.000242
50940 0.000242
50955 0.000242
50970 0.000242
50985 0.000242
51000 0.000242
51015 0.000242
51030 0.000242
51045 0.00024
51060 0.00024
51075 0.00024
51090 0.00024
51105 0.00024
51120 0.000226
51135 0.000226
51150 0.000226
51165 0.000226
51180 0.000226
51195 0.000226
51210 0.000222
51225 0.000222
51240 0.000222
51255 0.000222
51270 0.000222
51285 0.000222
51300 0.000222
51315 0.000222
51330 0.000222
51345 0.000222
51360 0.000222
51375 0.000222
51390 0.000222
51405 0.000222
51420 0.000222
51435 0.000222
51450 0.000222
51465 0.000222
51480 0.000222
51495 0.000222
51510 0.000222
51525 0.000222
51540 0.000222
51555 0.000222
51570 0.000222
51585 0.000222
51600 0.000222
51615 0.000214
51630 0.000214
51645 0.000214
51660 0.000214
51675 0.000214
51690 0.000214
51705 0.000214
51720 0.000214
51735 0.000216
51750 0.000216
51765 0.000216
51780 0.000216
51795 0.000216
51810 0.000216
51825 0.000216
51840 0.000216
51855 0.000216
51870 0.000216
51885 0.000216
51900 0.000216
51915 0.000212
51930 0.000212
51945 0.0002
51960 0.0002
51975 0.0002
51990 0.0002
52005 0.0002
52020 0.0002
52035 0.0002
52050 0.0002
52065 0.0002
52080 0.0002
52095 0.0002
52110 0.0002
52125 0.0002
52140 0.0002
52155 0.0002
52170 0.0002
52185 0.0002
52200 0.0002
52215 0.0002
52230 0.0002
52245 0.0002
52260 0.0002
52275 0.0002
52290 0.0002
52305 0.0002
52320 0.000178
52335 0.000178
52350 0.000178
52365 0.000178
52380 0.000178
52395 0.000178
52410 0.000178
52425 0.000178
52440 0.000178
52455 0.000178
52470 0.000178
52485 0.000178
52500 0.000178
52515 0.000178
52530 0.000178
52545 0.000178
52560 0.000178
52575 0.000178
52590 0.000178
52605 0.000178
52620 0.000178
52635 0.000178
52650 0.000178
52665 0.000178
52680 0.000178
52695 0.000178
52710 0.000178
52725 0.000178
52740 0.000178
52755 0.000178
52770 0.000178
52785 0.000178
52800 0.000178
52815 0.000178
52830 0.000178
52845 0.000178
52860 0.00017
52875 0.00017
52890 0.00017
52905 0.00017
52920 0.00017
52935 0.00017
52950 0.00017
52965 0.00017
52980 0.00017
52995 0.000166
53010 0.000166
53025 0.000166
53040 0.000166
53055 0.000166
53070 0.000166
53085 0.000166
53100 0.000166
53115 0.000166
53130 0.000166
53145 0.000166
53160 0.000166
53175 0.00017
53190 0.00017
53205 0.00017
53220 0.00017
53235 0.000164
53250 0.000164
53265 0.000164
53280 0.000164
53295 0.000164
53310 0.000164
53325 0.000164
53340 0.000164
53355 0.000164
53370 0.000164
53385 0.000164
53400 0.000164
53415 0.000164
53430 0.000164
53445 0.000164
53460 0.000164
53475 0.000164
53490 0.000164
53505 0.00016
53520 0.00016
53535 0.00016
53550 0.00016
53565 0.00016
53580 0.00016
53595 0.00016
53610 0.00016
53625 0.00016
53640 0.00016
53655 0.00016
53670 0.00016
53685 0.00016
53700 0.00016
53715 0.00016
53730 0.00016
53745 0.00016
53760 0.00016
53775 0.00016
53790 0.00016
53805 0.00016
53820 0.00016
53835 0.00016
53850 0.000154
53865 0.000154
53880 0.000154
53895 0.000154
53910 0.000154
53925 0.000154
53940 0.000152
53955 0.000152
53970 0.000152
53985 0.000152
54000 0.000152
54015 0.000152
54030 0.000152
54045 0.000152
54060 0.000152
54075 0.000152
54090 0.000152
54105 0.000152
54120 0.000152
54135 0.000152
54150 0.000152
54165 0.000152
54180 0.000152
54195 0.000152
54210 0.000154
54225 0.000158
54240 0.000158
54255 0.000158
54270 0.000158
54285 0.000158
54300 0.000158
54315 0.000158
54330 0.000158
54345 0.000158
54360 0.000158
54375 0.000158
54390 0.000158
54405 0.000158
54420 0.000158
54435 0.000158
54450 0.000158
54465 0.000158
54480 0.000158
54495 0.000158
54510 0.000158
54525 0.000158
54540 0.000158
54555 0.000158
54570 0.000158
54585 0.000158
54600 0.000158
54615 0.000158
54630 0.000158
54645 0.000158
54660 0.000158
54675 0.000158
54690 0.000158
54705 0.000158
54720 0.000158
54735 0.000158
54750 0.000158
54765 0.000158
54780 0.000158
54795 0.000158
54810 0.000158
54825 0.000158
54840 0.000158
54855 0.000158
54870 0.000158
54885 0.000158
54900 0.000158
54915 0.000158
54930 0.000158
54945 0.000158
54960 0.000158
54975 0.000158
54990 0.000158
55005 0.000158
55020 0.000158
55035 0.000158
55050 0.000158
55065 0.000158
55080 0.000158
55095 0.000156
55110 0.000156
55125 0.000156
55140 0.000156
55155 0.000156
55170 0.000156
55185 0.000156
55200 0.000156
55215 0.000156
55230 0.000156
55245 0.000156
55260 0.000156
55275 0.000156
55290 0.000156
55305 0.000156
55320 0.000156
55335 0.000156
55350 0.000156
55365 0.000156
55380 0.000156
55395 0.000156
55410 0.000156
55425 0.000156
55440 0.000156
55455 0.000156
55470 0.000156
55485 0.000156
55500 0.00015
55515 0.00015
55530 0.00015
55545 0.00015
55560 0.00015
55575 0.00015
55590 0.00015
55605 0.00015
55620 0.00015
55635 0.00015
55650 0.00015
55665 0.00015
55680 0.000144
55695 0.000144
55710 0.000144
55725 0.000144
55740 0.000144
55755 0.000144
55770 0.000144
55785 0.000144
55800 0.000144
55815 0.00014
55830 0.00014
55845 0.00014
55860 0.00014
55875 0.00014
55890 0.00014
55905 0.00014
55920 0.00014
55935 0.00014
55950 0.00014
55965 0.00014
55980 0.00014
55995 0.00014
56010 0.00014
56025 0.00014
56040 0.00014
56055 0.00014
56070 0.00014
56085 0.00014
56100 0.00014
56115 0.00014
56130 0.00014
56145 0.00014
56160 0.00013
56175 0.00013
56190 0.00013
56205 0.00013
56220 0.00013
56235 0.00013
56250 0.00013
56265 0.00013
56280 0.00013
56295 0.00013
56310 0.00013
56325 0.00013
56340 0.00013
56355 0.00013
56370 0.00013
56385 0.00013
56400 0.00013
56415 0.000128
56430 0.000128
56445 0.000128
56460 0.000128
56475 0.000128
56490 0.000128
56505 0.000128
56520 0.000128
56535 0.000128
56550 0.000128
56565 0.000128
56580 0.000128
56595 0.000124
56610 0.000124
56625 0.000124
56640 0.000124
56655 0.000124
56670 0.000124
56685 0.000124
56700 0.000124
56715 0.000124
56730 0.000124
56745 0.000124
56760 0.000128
56775 0.000128
56790 0.000128
56805 0.000128
56820 0.000128
56835 0.000128
56850 0.000128
56865 0.000128
56880 0.000128
56895 0.000128
56910 0.000128
56925 0.000128
56940 0.000128
56955 0.000128
56970 0.000128
56985 0.000128
57000 0.000128
57015 0.000128
57030 0.000128
57045 0.000124
57060 0.000124
57075 0.000124
57090 0.000124
57105 0.000124
57120 0.000124
57135 0.000124
57150 0.000124
57165 0.000124
57180 0.000124
57195 0.000124
57210 0.000124
57225 0.000124
57240 0.000124
57255 0.000124
57270 0.000124
57285 0.000124
57300 0.000124
57315 0.000124
57330 0.000124
57345 0.000124
57360 0.000124
57375 0.000124
57390 0.000124
57405 0.000124
57420 0.000124
57435 0.000124
57450 0.000124
57465 0.000124
57480 0.000124
57495 0.000124
57510 0.000124
57525 0.000124
57540 0.000124
57555 0.000124
57570 0.000124
57585 0.000124
57600 0.000124
57615 0.000124
57630 0.000124
57645 0.000124
57660 0.000124
57675 0.000124
57690 0.000124
57705 0.000124
57720 0.000124
57735 0.000124
57750 0.000124
57765 0.000124
57780 0.000124
57795 0.000124
57810 0.000124
57825 0.000124
57840 0.000124
57855 0.000124
57870 0.000124
57885 0.000124
57900 0.000124
57915 0.000124
57930 0.000124
57945 0.000122
57960 0.000122
57975 0.000122
57990 0.000122
58005 0.000122
58020 0.000122
58035 0.000122
58050 0.000122
58065 0.000122
58080 0.000122
58095 0.000122
58110 0.000122
58125 0.000122
58140 0.000122
58155 0.000122
58170 0.000122
58185 0.000122
58200 0.000122
58215 0.000122
58230 0.000122
58245 0.000122
58260 0.000122
58275 0.000122
58290 0.000122
58305 0.000122
58320 0.000122
58335 0.000122
58350 0.000122
58365 0.000122
58380 0.000122
58395 0.000122
58410 0.000122
58425 0.000122
58440 0.00012
58455 0.00012
58470 0.00012
58485 0.00012
58500 0.00012
58515 0.00012
58530 0.00012
58545 0.00012
58560 0.00012
58575 0.00012
58590 0.00012
58605 0.00012
58620 0.00012
58635 0.00012
58650 0.00012
58665 0.00012
58680 0.00012
58695 0.00012
58710 0.00012
58725 0.00012
58740 0.00012
58755 0.00012
58770 0.00012
58785 0.00012
58800 0.00012
58815 0.00012
58830 0.00012
58845 0.00012
58860 0.00012
58875 0.00012
58890 0.00012
58905 0.00012
58920 0.00012
58935 0.00012
58950 0.00012
58965 0.00012
58980 0.00012
58995 0.00012
59010 0.00012
59025 0.000116
59040 0.000116
59055 0.000116
59070 0.000116
59085 0.000116
59100 0.000116
59115 0.000116
59130 0.000116
59145 0.000116
59160 0.000116
59175 0.000116
59190 0.000116
59205 0.000116
59220 0.000116
59235 0.000116
59250 0.000116
59265 0.000116
59280 0.000116
59295 0.000116
59310 0.000114
59325 0.000114
59340 0.000114
59355 0.000114
59370 0.000114
59385 0.000114
59400 0.000114
59415 0.000114
59430 0.000114
59445 0.000114
59460 0.000114
59475 0.000114
59490 0.000114
59505 0.000112
59520 0.000112
59535 0.000112
59550 0.000112
59565 0.000112
59580 0.000112
59595 0.000112
59610 0.000112
59625 0.000112
59640 0.000112
59655 0.000112
59670 0.000112
59685 0.000112
59700 0.000112
59715 0.000112
59730 0.000112
59745 0.000112
59760 0.000112
59775 0.000112
59790 0.000112
59805 0.000112
59820 0.000112
59835 0.000112
59850 0.000112
59865 0.000112
59880 0.000112
59895 0.000112
59910 0.000112
59925 0.000112
59940 0.000112
59955 0.000112
59970 0.000112
59985 0.000112
60000 0.000112
60015 0.000112
60030 0.000112
60045 0.000112
60060 0.000112
60075 0.000112
60090 0.000112
60105 0.000112
60120 0.000112
60135 0.000112
60150 0.000112
60165 0.000112
60180 0.000112
60195 0.000112
60210 0.000112
60225 0.000112
60240 0.000112
60255 0.000112
60270 0.000112
60285 0.000108
60300 0.000108
60315 0.000108
60330 0.000108
60345 0.000108
60360 0.000108
60375 0.000108
60390 0.000108
60405 0.000108
60420 0.000108
60435 0.000108
60450 0.000108
60465 0.000108
60480 0.000108
60495 0.000108
60510 0.000108
60525 0.000108
60540 0.000108
60555 0.000108
60570 0.000108
60585 0.000108
60600 0.000108
60615 0.000108
60630 0.000108
60645 0.000108
60660 0.000108
60675 0.000108
60690 0.000108
60705 0.000108
60720 0.000108
60735 0.000108
60750 0.000106
60765 0.000104
60780 0.000104
60795 0.000104
60810 0.000104
60825 0.000104
60840 0.000104
60855 0.000104
60870 0.000104
60885 0.000104
60900 0.000104
60915 0.000104
60930 0.000104
60945 0.000104
60960 0.000104
60975 0.000104
60990 0.000104
61005 0.000102
61020 0.000102
61035 0.000102
61050 0.000102
61065 0.000102
61080 0.000102
61095 0.000102
61110 0.000102
61125 0.000102
61140 0.000102
61155 0.000102
61170 0.000102
61185 0.000102
61200 0.000102
61215 0.000102
61230 0.000102
61245 0.000102
61260 0.000102
61275 0.000102
61290 0.000102
61305 0.000102
61320 0.000102
61335 0.000102
61350 0.000102
61365 0.000102
61380 0.000102
61395 0.000102
61410 0.000102
61425 0.000102
61440 0.000102
61455 0.000102
61470 0.000102
61485 0.000102
61500 0.000102
61515 0.000102
61530 0.000102
61545 0.000102
61560 0.0001
61575 0.0001
61590 0.0001
61605 0.0001
61620 0.0001
61635 0.0001
61650 0.0001
61665 0.0001
61680 0.0001
61695 0.0001
61710 0.0001
61725 0.0001
61740 0.0001
61755 0.0001
61770 0.0001
61785 0.0001
61800 0.0001
61815 0.0001
61830 0.0001
61845 0.0001
61860 0.0001
61875 0.0001
61890 0.0001
61905 0.0001
61920 0.0001
61935 0.0001
61950 0.0001
61965 0.0001
61980 9.8e-05
61995 9.8e-05
62010 9.8e-05
62025 9.8e-05
62040 9.8e-05
62055 9.6e-05
62070 9.6e-05
62085 9.6e-05
62100 9.6e-05
62115 9.6e-05
62130 9.6e-05
62145 9.6e-05
62160 9.6e-05
62175 9.6e-05
62190 9.6e-05
62205 9.6e-05
62220 9.6e-05
62235 9.6e-05
62250 9.6e-05
62265 9.6e-05
62280 9.6e-05
62295 9.4e-05
62310 9.4e-05
62325 9.4e-05
62340 9.4e-05
62355 9.4e-05
62370 9.4e-05
62385 9.4e-05
62400 9.4e-05
62415 9.4e-05
62430 9.4e-05
62445 9.4e-05
62460 9.4e-05
62475 9.4e-05
62490 9.2e-05
62505 9.2e-05
62520 9.2e-05
62535 9.2e-05
62550 9.2e-05
62565 9.2e-05
62580 9.2e-05
62595 9.2e-05
62610 9.2e-05
62625 9.2e-05
62640 9.2e-05
62655 9.2e-05
62670 9.2e-05
62685 9.2e-05
62700 9.2e-05
62715 9.2e-05
62730 9.2e-05
62745 9.2e-05
62760 9.2e-05
62775 9.2e-05
62790 9.2e-05
62805 9.2e-05
62820 9.2e-05
62835 9.2e-05
62850 9.2e-05
62865 9e-05
62880 9e-05
62895 9e-05
62910 9e-05
62925 9e-05
62940 9e-05
62955 9e-05
62970 9e-05
62985 9e-05
63000 9e-05
63015 9e-05
63030 9e-05
63045 9e-05
63060 9e-05
63075 9e-05
63090 9e-05
63105 9e-05
63120 9e-05
63135 9e-05
63150 9e-05
63165 9e-05
63180 9e-05
63195 9e-05
63210 9e-05
63225 9e-05
63240 9e-05
63255 9e-05
63270 9e-05
63285 9e-05
63300 9e-05
63315 9e-05
63330 9e-05
63345 9e-05
63360 9e-05
63375 9e-05
63390 9e-05
63405 8.8e-05
63420 8.8e-05
63435 8.8e-05
63450 8.8e-05
63465 8.8e-05
63480 8.8e-05
63495 8.8e-05
63510 8.8e-05
63525 8.8e-05
63540 8.8e-05
63555 8.8e-05
63570 8.8e-05
63585 8.8e-05
63600 8.8e-05
63615 8.8e-05
63630 8.8e-05
63645 8.8e-05
63660 8.8e-05
63675 8.8e-05
63690 8.8e-05
63705 8.8e-05
63720 8.8e-05
63735 8.8e-05
63750 8.8e-05
63765 8.8e-05
63780 8.8e-05
63795 8.8e-05
63810 8.8e-05
63825 8.8e-05
63840 8.8e-05
63855 8.8e-05
63870 8.8e-05
63885 8.8e-05
63900 8.8e-05
63915 8.8e-05
63930 8.8e-05
63945 8.8e-05
63960 8.8e-05
63975 8.8e-05
63990 8.8e-05
64005 8.8e-05
64020 8.8e-05
64035 8.8e-05
64050 8.8e-05
64065 8.8e-05
64080 8.8e-05
64095 8.8e-05
64110 8.8e-05
64125 8.8e-05
64140 8.8e-05
64155 8.8e-05
64170 8.8e-05
64185 8.8e-05
64200 8.8e-05
64215 8.8e-05
64230 8.8e-05
64245 8.8e-05
64260 8.8e-05
64275 8.8e-05
64290 8.8e-05
64305 8.8e-05
64320 8.8e-05
64335 8.8e-05
64350 8.8e-05
64365 8.8e-05
64380 8.8e-05
64395 8.8e-05
64410 8.8e-05
64425 8.6e-05
64440 8.6e-05
64455 8.6e-05
64470 8.6e-05
64485 8.6e-05
64500 8.6e-05
64515 8.6e-05
64530 8.6e-05
64545 8.6e-05
64560 8.6e-05
64575 8.6e-05
64590 8.6e-05
64605 8.6e-05
64620 8.6e-05
64635 8.6e-05
64650 8.6e-05
64665 8.6e-05
64680 8.6e-05
64695 8.6e-05
64710 8.6e-05
64725 8.6e-05
64740 8.6e-05
64755 8.6e-05
64770 8.6e-05
64785 8.6e-05
64800 8.6e-05
64815 8.6e-05
64830 8.6e-05
64845 8.6e-05
64860 8.6e-05
64875 8.6e-05
64890 8.6e-05
64905 8.6e-05
64920 8.6e-05
64935 8.6e-05
64950 8.6e-05
64965 8.6e-05
64980 8.4e-05
64995 8.4e-05
65010 8.4e-05
65025 8.4e-05
65040 8.4e-05
65055 8.4e-05
65070 8.4e-05
65085 8.4e-05
65100 8.4e-05
65115 8.4e-05
65130 8.4e-05
65145 8.4e-05
65160 8.4e-05
65175 8.4e-05
65190 8.4e-05
65205 8.4e-05
65220 8.4e-05
65235 8.4e-05
65250 8.4e-05
65265 8.4e-05
65280 8.4e-05
65295 8.4e-05
65310 8.4e-05
65325 8.4e-05
65340 8.4e-05
65355 8.4e-05
65370 8.4e-05
65385 8.4e-05
65400 8.4e-05
65415 8.4e-05
65430 8.4e-05
65445 8.4e-05
65460 8.4e-05
65475 8.4e-05
65490 8.4e-05
65505 8.4e-05
65520 8.4e-05
65535 8.4e-05
65550 8.4e-05
65565 8.4e-05
65580 8.4e-05
65595 8.4e-05
65610 8.4e-05
65625 8.4e-05
65640 8.4e-05
65655 8.4e-05
65670 8.4e-05
65685 8.4e-05
65700 8.4e-05
65715 8.4e-05
65730 8.4e-05
65745 8.4e-05
65760 8.4e-05
65775 8.4e-05
65790 8.4e-05
65805 8.4e-05
65820 8.4e-05
65835 8.4e-05
65850 8.4e-05
65865 8.2e-05
65880 8.2e-05
65895 8.2e-05
65910 8.2e-05
65925 8.2e-05
65940 8.2e-05
65955 8.2e-05
65970 8.2e-05
65985 8.2e-05
66000 8.2e-05
66015 8.2e-05
66030 8.2e-05
66045 8.2e-05
66060 8.2e-05
66075 8.2e-05
66090 8.2e-05
66105 8.2e-05
66120 8.2e-05
66135 8.2e-05
66150 8.2e-05
66165 8.2e-05
66180 8.2e-05
66195 8.2e-05
66210 8.2e-05
66225 8.2e-05
66240 8.2e-05
66255 8.2e-05
66270 8.2e-05
66285 8.2e-05
66300 8.2e-05
66315 8.2e-05
66330 8.2e-05
66345 8.2e-05
66360 8.2e-05
66375 8.2e-05
66390 8.2e-05
66405 8e-05
66420 8e-05
66435 8e-05
66450 8e-05
66465 8e-05
66480 8e-05
66495 8e-05
66510 8e-05
66525 8e-05
66540 8e-05
66555 8e-05
66570 8e-05
66585 8e-05
66600 8e-05
66615 8e-05
66630 8e-05
66645 8e-05
66660 8e-05
66675 8e-05
66690 8e-05
66705 8e-05
66720 8e-05
66735 8e-05
66750 8e-05
66765 8e-05
66780 8e-05
66795 8e-05
66810 8e-05
66825 8e-05
66840 8e-05
66855 8e-05
66870 8e-05
66885 8e-05
66900 8e-05
66915 8e-05
66930 8e-05
66945 8e-05
66960 8e-05
66975 8e-05
66990 8e-05
67005 8e-05
67020 8e-05
67035 8e-05
67050 8e-05
67065 8e-05
67080 8e-05
67095 8e-05
67110 8e-05
67125 8e-05
67140 8e-05
67155 8e-05
67170 8e-05
67185 8e-05
67200 8e-05
67215 8e-05
67230 8e-05
67245 8e-05
67260 8e-05
67275 8e-05
67290 8e-05
67305 8e-05
67320 8e-05
67335 8e-05
67350 8e-05
67365 8e-05
67380 8e-05
67395 8e-05
67410 8e-05
67425 8e-05
67440 8e-05
67455 8e-05
67470 8e-05
67485 8e-05
67500 8e-05
67515 8e-05
67530 8e-05
67545 8e-05
67560 8e-05
67575 8e-05
67590 8e-05
67605 8e-05
67620 8e-05
67635 8e-05
67650 8e-05
67665 8e-05
67680 8e-05
67695 8e-05
67710 8e-05
67725 8e-05
67740 8e-05
67755 8e-05
67770 8e-05
67785 8e-05
67800 8e-05
67815 8e-05
67830 7.6e-05
67845 7.6e-05
67860 7.6e-05
67875 7.6e-05
67890 7.6e-05
67905 7.6e-05
67920 7.6e-05
67935 7.6e-05
67950 7.6e-05
67965 7.4e-05
67980 7.4e-05
67995 7.4e-05
68010 7.4e-05
68025 7.4e-05
68040 7.4e-05
68055 7.4e-05
68070 7.4e-05
68085 7.4e-05
68100 7.4e-05
68115 7.4e-05
68130 7.4e-05
68145 7.4e-05
68160 7.4e-05
68175 7.4e-05
68190 7.4e-05
68205 7.4e-05
68220 7.4e-05
68235 7.4e-05
68250 7.4e-05
68265 7.4e-05
68280 7.4e-05
68295 7.4e-05
68310 7.4e-05
68325 7.4e-05
68340 7.4e-05
68355 7.4e-05
68370 7.4e-05
68385 7.4e-05
68400 7.4e-05
68415 7.4e-05
68430 7.4e-05
68445 7.4e-05
68460 7.4e-05
68475 7.4e-05
68490 7.4e-05
68505 7.4e-05
68520 7.4e-05
68535 7.4e-05
68550 7.4e-05
68565 7.4e-05
68580 7.4e-05
68595 7.4e-05
68610 7.4e-05
68625 7.4e-05
68640 7.4e-05
68655 7.4e-05
68670 7.4e-05
68685 7.4e-05
68700 7.4e-05
68715 7.4e-05
68730 7.4e-05
68745 7.4e-05
68760 7.4e-05
68775 7.4e-05
68790 7.4e-05
68805 7.4e-05
68820 7.4e-05
68835 7.4e-05
68850 7.4e-05
68865 7.4e-05
68880 7.4e-05
68895 7.4e-05
68910 7.4e-05
68925 7.4e-05
68940 7.4e-05
68955 7.4e-05
68970 6.8e-05
68985 6.8e-05
69000 6.8e-05
69015 6.8e-05
69030 6.8e-05
69045 6.8e-05
69060 6.8e-05
69075 6.8e-05
69090 6.8e-05
69105 6.8e-05
69120 6.8e-05
69135 6.8e-05
69150 6.8e-05
69165 6.8e-05
69180 6.8e-05
69195 6.8e-05
69210 6.8e-05
69225 6.8e-05
69240 6.8e-05
69255 6.8e-05
69270 6.8e-05
69285 6.8e-05
69300 6.8e-05
69315 6.8e-05
69330 6.8e-05
69345 6.8e-05
69360 6.8e-05
69375 6.8e-05
69390 6.8e-05
69405 6.8e-05
69420 6.8e-05
69435 6.8e-05
69450 6.8e-05
69465 6.8e-05
69480 6.8e-05
69495 6.8e-05
69510 6.8e-05
69525 6.8e-05
69540 6.8e-05
69555 6.8e-05
69570 6.8e-05
69585 6.8e-05
69600 6.8e-05
69615 6.8e-05
69630 6.8e-05
69645 6.8e-05
69660 6.8e-05
69675 6.8e-05
69690 6.8e-05
69705 6.8e-05
69720 6.8e-05
69735 6.8e-05
69750 6.8e-05
69765 6.8e-05
69780 6.8e-05
69795 6.8e-05
69810 6.8e-05
69825 6.8e-05
69840 6.8e-05
69855 6.8e-05
69870 6.8e-05
69885 6.8e-05
69900 6.8e-05
69915 6.8e-05
69930 6.8e-05
69945 6.8e-05
69960 6.8e-05
69975 6.8e-05
69990 6.8e-05
70005 6.8e-05
70020 6.8e-05
70035 6.8e-05
70050 6.8e-05
70065 6.8e-05
70080 6.8e-05
70095 6.8e-05
70110 6.8e-05
70125 6.8e-05
70140 6.8e-05
70155 6.8e-05
70170 6.8e-05
70185 6.8e-05
70200 6.8e-05
70215 6.8e-05
70230 6.8e-05
70245 6.8e-05
70260 6.8e-05
70275 6.8e-05
70290 6.8e-05
70305 6.8e-05
70320 6.8e-05
70335 6.8e-05
70350 6.8e-05
70365 6.8e-05
70380 6.8e-05
70395 6.8e-05
70410 6.8e-05
70425 6.8e-05
70440 6.8e-05
70455 6.8e-05
70470 6.8e-05
70485 6.8e-05
70500 6.8e-05
70515 6.8e-05
70530 6.8e-05
70545 6.8e-05
70560 6.6e-05
70575 6.6e-05
70590 6.6e-05
70605 6.6e-05
70620 6.6e-05
70635 6.6e-05
70650 6.6e-05
70665 6.6e-05
70680 6.6e-05
70695 6.6e-05
70710 6.6e-05
70725 6.6e-05
70740 6.6e-05
70755 6.6e-05
70770 6.6e-05
70785 6.6e-05
70800 6.6e-05
70815 6.6e-05
70830 6.6e-05
70845 6.6e-05
70860 6.6e-05
70875 6.6e-05
70890 6.6e-05
70905 6.6e-05
70920 6.6e-05
70935 6.6e-05
70950 6.6e-05
70965 6.6e-05
70980 6.6e-05
70995 6.6e-05
71010 6.6e-05
71025 6.6e-05
71040 6.6e-05
71055 6.6e-05
71070 6.6e-05
71085 6.6e-05
71100 6.6e-05
71115 6.6e-05
71130 6.6e-05
71145 6.6e-05
71160 6.6e-05
71175 6.6e-05
71190 6.6e-05
71205 6.6e-05
71220 6.6e-05
71235 6.6e-05
71250 6.6e-05
71265 6.6e-05
71280 6.6e-05
71295 6.6e-05
71310 6.6e-05
71325 6.6e-05
71340 6.6e-05
71355 6.6e-05
71370 6.6e-05
71385 6.6e-05
71400 6.6e-05
71415 6.6e-05
71430 6.6e-05
71445 6.6e-05
71460 6.6e-05
71475 6.6e-05
71490 6.6e-05
71505 6.6e-05
71520 6.6e-05
71535 6.6e-05
71550 6.6e-05
71565 6.6e-05
71580 6.6e-05
71595 6.6e-05
71610 6.6e-05
71625 6.6e-05
71640 6.6e-05
71655 6.6e-05
71670 6.6e-05
71685 6.6e-05
71700 6.6e-05
71715 6.6e-05
71730 6.6e-05
71745 6.6e-05
71760 6.6e-05
71775 6.6e-05
71790 6.6e-05
71805 6.6e-05
71820 6.6e-05
71835 6.6e-05
71850 6.6e-05
71865 6.6e-05
71880 6.6e-05
71895 6.6e-05
71910 6.4e-05
71925 6.4e-05
71940 6.4e-05
71955 6.4e-05
71970 6.4e-05
71985 6.4e-05
72000 6.4e-05
72015 6.4e-05
72030 6.4e-05
72045 6.4e-05
72060 6.4e-05
72075 6.4e-05
72090 6.4e-05
72105 6.4e-05
72120 6.4e-05
72135 6.4e-05
72150 6.4e-05
72165 6.4e-05
72180 6.4e-05
72195 6.4e-05
72210 6.2e-05
72225 6.2e-05
72240 6.2e-05
72255 6.2e-05
72270 6.2e-05
72285 6.2e-05
72300 6.2e-05
72315 6.2e-05
72330 6.2e-05
72345 6.2e-05
72360 6.2e-05
72375 6.2e-05
72390 6.2e-05
72405 6.2e-05
72420 6.2e-05
72435 6.2e-05
72450 6.2e-05
72465 6.2e-05
72480 6.2e-05
72495 6.2e-05
72510 6e-05
72525 6e-05
72540 6e-05
72555 6e-05
72570 6e-05
72585 6e-05
72600 6e-05
72615 6e-05
72630 6e-05
72645 6e-05
72660 6e-05
72675 6e-05
72690 6e-05
72705 6e-05
72720 6e-05
72735 6e-05
72750 6e-05
72765 6e-05
72780 6e-05
72795 6e-05
72810 6e-05
72825 6e-05
72840 6e-05
72855 6e-05
72870 6e-05
72885 6e-05
72900 6e-05
72915 6e-05
72930 6e-05
72945 6e-05
72960 6e-05
72975 6e-05
72990 6e-05
73005 6e-05
73020 6e-05
73035 6e-05
73050 6e-05
73065 6e-05
73080 6e-05
73095 6e-05
73110 6e-05
73125 6e-05
73140 6e-05
73155 6e-05
73170 6e-05
73185 6e-05
73200 6e-05
73215 6e-05
73230 6e-05
73245 6e-05
73260 6e-05
73275 6e-05
73290 6e-05
73305 6e-05
73320 6e-05
73335 6e-05
73350 6e-05
73365 6e-05
73380 6e-05
73395 6e-05
73410 6e-05
73425 6e-05
73440 6e-05
73455 6e-05
73470 6e-05
73485 6e-05
73500 6e-05
73515 6e-05
73530 6e-05
73545 6e-05
73560 6e-05
73575 6e-05
73590 6e-05
73605 6e-05
73620 6e-05
73635 6e-05
73650 6e-05
73665 6e-05
73680 6e-05
73695 6e-05
73710 6e-05
73725 6e-05
73740 6e-05
73755 6e-05
73770 6e-05
73785 6e-05
73800 6e-05
73815 6e-05
73830 6e-05
73845 6e-05
73860 5.8e-05
73875 5.8e-05
73890 5.8e-05
73905 5.8e-05
73920 5.8e-05
73935 5.8e-05
73950 5.8e-05
73965 5.8e-05
73980 5.8e-05
73995 5.8e-05
74010 5.8e-05
74025 5.8e-05
74040 5.8e-05
74055 5.8e-05
74070 5.8e-05
74085 5.8e-05
74100 5.8e-05
74115 5.8e-05
74130 5.8e-05
74145 5.8e-05
74160 5.8e-05
74175 5.8e-05
74190 5.8e-05
74205 5.8e-05
74220 5.8e-05
74235 5.8e-05
74250 5.8e-05
74265 5.8e-05
74280 5.8e-05
74295 5.8e-05
74310 5.8e-05
74325 5.8e-05
74340 5.8e-05
74355 5.6e-05
74370 5.6e-05
74385 5.6e-05
74400 5.6e-05
74415 5.6e-05
74430 5.6e-05
74445 5.6e-05
74460 5.6e-05
74475 5.6e-05
74490 5.6e-05
74505 5.6e-05
74520 5.6e-05
74535 5.6e-05
74550 5.6e-05
74565 5.6e-05
74580 5.6e-05
74595 5.6e-05
74610 5.6e-05
74625 5.6e-05
74640 5.6e-05
74655 5.6e-05
74670 5.6e-05
74685 5.6e-05
74700 5.6e-05
74715 5.6e-05
74730 5.6e-05
74745 5.6e-05
74760 5.6e-05
74775 5.6e-05
74790 5.6e-05
74805 5.6e-05
74820 5.6e-05
74835 5.6e-05
74850 5.6e-05
74865 5.6e-05
74880 5.6e-05
74895 5.6e-05
74910 5.6e-05
74925 5.6e-05
74940 5.4e-05
74955 5.4e-05
74970 5.4e-05
74985 5.4e-05
