0 1
15 1
30 1
45 1
60 1
75 1
90 1
105 1
120 1
135 1
150 1
165 1
180 1
195 1
210 1
225 1
240 1
255 1
270 1
285 1
300 1.00125
315 1.00131
330 1.00137
345 1.00143
360 1.00149
375 1.0031
390 1.00484
405 1.00502
420 1.0052
435 1.00538
450 1.00556
465 1.00765
480 1.00789
495 1.00813
510 1.00837
525 1.01076
540 1.01106
555 1.01136
570 1.01166
585 1.01196
600 1.01226
615 1.01255
630 1.01542
645 1.01578
660 1.01614
675 1.01925
690 1.01966
705 1.02008
720 1.0205
735 1.02091
750 1.02133
765 1.02174
780 1.02215
795 1.02257
810 1.02298
825 1.02339
840 1.02381
855 1.02422
870 1.02463
885 1.02505
900 1.02546
915 1.02587
930 1.02632
945 1.02673
960 1.02715
975 1.03547
990 1.03601
1005 1.03655
1020 1.04122
1035 1.04182
1050 1.04241
1065 1.04301
1080 1.04361
1095 1.0442
1110 1.0448
1125 1.0454
1140 1.04598
1155 1.04657
1170 1.04717
1185 1.04775
1200 1.04835
1215 1.04893
1230 1.04952
1245 1.05011
1260 1.05071
1275 1.05131
1290 1.0519
1305 1.05251
1320 1.05308
1335 1.05367
1350 1.05425
1365 1.05484
1380 1.05543
1395 1.05601
1410 1.0566
1425 1.05719
1440 1.05777
1455 1.05835
1470 1.05894
1485 1.05953
1500 1.06009
1515 1.06069
1530 1.06128
1545 1.06188
1560 1.0625
1575 1.06311
1590 1.06369
1605 1.06427
1620 1.06487
1635 1.06546
1650 1.06606
1665 1.06667
1680 1.06726
1695 1.06786
1710 1.06844
1725 1.06904
1740 1.06963
1755 1.07023
1770 1.07083
1785 1.0714
1800 1.07197
1815 1.07255
1830 1.07313
1845 1.07373
1860 1.07432
1875 1.07488
1890 1.07548
1905 1.07607
1920 1.07665
1935 1.07725
1950 1.07783
1965 1.0784
1980 1.07899
1995 1.07958
2010 1.08019
2025 1.08079
2040 1.08136
2055 1.08196
2070 1.08255
2085 1.08311
2100 1.08369
2115 1.08426
2130 1.08486
2145 1.08545
2160 1.08604
2175 1.08688
2190 1.08748
2205 1.08805
2220 1.08864
2235 1.08924
2250 1.08981
2265 1.09064
2280 1.09144
2295 1.09202
2310 1.09261
2325 1.0932
2340 1.0938
2355 1.09439
2370 1.09498
2385 1.09558
2400 1.09617
2415 1.09674
2430 1.09733
2445 1.09793
2460 1.09851
2475 1.09911
2490 1.09972
2505 1.10028
2520 1.10088
2535 1.10146
2550 1.10206
2565 1.10265
2580 1.10361
2595 1.10422
2610 1.10482
2625 1.1054
2640 1.106
2655 1.10703
2670 1.10763
2685 1.10824
2700 1.10887
2715 1.10949
2730 1.11007
2745 1.11069
2760 1.1113
2775 1.11189
2790 1.11251
2805 1.11313
2820 1.11375
2835 1.11436
2850 1.11494
2865 1.11553
2880 1.11615
2895 1.11678
2910 1.11738
2925 1.11798
2940 1.1186
2955 1.11922
2970 1.11982
2985 1.12042
3000 1.121
3015 1.12162
3030 1.12219
3045 1.12344
3060 1.12406
3075 1.12468
3090 1.12527
3105 1.12589
3120 1.12651
3135 1.12711
3150 1.12775
3165 1.12835
3180 1.12894
3195 1.12956
3210 1.13018
3225 1.13081
3240 1.13145
3255 1.13207
3270 1.13269
3285 1.13328
3300 1.13389
3315 1.13528
3330 1.13588
3345 1.1365
3360 1.13711
3375 1.13788
3390 1.13852
3405 1.13915
3420 1.13978
3435 1.14041
3450 1.14102
3465 1.14163
3480 1.14225
3495 1.14288
3510 1.14351
3525 1.14417
3540 1.14478
3555 1.14543
3570 1.14608
3585 1.14667
3600 1.1473
3615 1.14793
3630 1.14857
3645 1.14917
3660 1.14985
3675 1.15046
3690 1.15109
3705 1.15173
3720 1.15238
3735 1.15301
3750 1.15361
3765 1.15422
3780 1.15486
3795 1.15546
3810 1.15609
3825 1.15672
3840 1.15737
3855 1.15802
3870 1.15866
3885 1.15938
3900 1.16
3915 1.16062
3930 1.16126
3945 1.16194
3960 1.16259
3975 1.16324
3990 1.16387
4005 1.16453
4020 1.16516
4035 1.16576
4050 1.1664
4065 1.16712
4080 1.16775
4095 1.16844
4110 1.16903
4125 1.16968
4140 1.17031
4155 1.17116
4170 1.17178
4185 1.17242
4200 1.17308
4215 1.17369
4230 1.17437
4245 1.175
4260 1.17566
4275 1.17629
4290 1.17699
4305 1.17763
4320 1.17827
4335 1.17909
4350 1.17974
4365 1.18042
4380 1.18106
4395 1.18174
4410 1.18242
4425 1.18308
4440 1.18379
4455 1.1844
4470 1.18505
4485 1.18574
4500 1.18636
4515 1.18702
4530 1.18767
4545 1.18831
4560 1.18896
4575 1.18959
4590 1.19026
4605 1.19091
4620 1.19193
4635 1.19261
4650 1.19326
4665 1.19434
4680 1.19535
4695 1.19602
4710 1.19668
4725 1.19734
4740 1.19803
4755 1.19872
4770 1.19937
4785 1.20005
4800 1.20131
4815 1.20197
4830 1.20263
4845 1.20343
4860 1.20416
4875 1.20485
4890 1.20553
4905 1.20618
4920 1.20686
4935 1.20755
4950 1.20858
4965 1.20927
4980 1.20993
4995 1.21058
5010 1.21125
5025 1.21193
5040 1.21257
5055 1.21325
5070 1.21396
5085 1.21465
5100 1.21534
5115 1.21607
5130 1.21672
5145 1.21737
5160 1.21807
5175 1.21878
5190 1.21945
5205 1.2201
5220 1.22082
5235 1.2215
5250 1.22218
5265 1.22291
5280 1.22365
5295 1.22437
5310 1.22502
5325 1.2257
5340 1.2264
5355 1.22709
5370 1.22781
5385 1.22851
5400 1.2292
5415 1.22992
5430 1.2306
5445 1.23134
5460 1.23206
5475 1.23274
5490 1.23348
5505 1.23417
5520 1.23489
5535 1.2356
5550 1.23628
5565 1.23695
5580 1.23759
5595 1.23829
5610 1.23904
5625 1.23981
5640 1.2405
5655 1.24122
5670 1.24193
5685 1.24266
5700 1.24339
5715 1.24412
5730 1.24484
5745 1.24553
5760 1.24625
5775 1.24692
5790 1.24762
5805 1.24834
5820 1.2493
5835 1.25005
5850 1.25075
5865 1.25147
5880 1.25217
5895 1.25305
5910 1.25377
5925 1.25452
5940 1.25538
5955 1.25609
5970 1.2568
5985 1.25753
6000 1.25825
6015 1.25893
6030 1.25969
6045 1.26043
6060 1.26115
6075 1.26188
6090 1.26257
6105 1.26336
6120 1.26406
6135 1.26501
6150 1.26571
6165 1.26648
6180 1.26719
6195 1.26796
6210 1.26869
6225 1.26939
6240 1.27014
6255 1.27091
6270 1.27167
6285 1.27241
6300 1.27315
6315 1.27391
6330 1.27466
6345 1.27544
6360 1.27636
6375 1.27711
6390 1.27794
6405 1.27866
6420 1.27944
6435 1.28017
6450 1.2809
6465 1.28161
6480 1.28237
6495 1.28315
6510 1.28387
6525 1.28466
6540 1.28539
6555 1.28615
6570 1.28693
6585 1.28763
6600 1.28836
6615 1.28912
6630 1.28986
6645 1.29064
6660 1.29136
6675 1.29211
6690 1.29289
6705 1.29368
6720 1.29446
6735 1.29521
6750 1.29599
6765 1.29681
6780 1.29762
6795 1.29835
6810 1.29913
6825 1.29988
6840 1.30062
6855 1.30133
6870 1.30211
6885 1.30293
6900 1.30371
6915 1.30445
6930 1.30531
6945 1.30607
6960 1.30682
6975 1.30763
6990 1.30842
7005 1.30918
7020 1.30993
7035 1.31069
7050 1.312
7065 1.31286
7080 1.31366
7095 1.31445
7110 1.31526
7125 1.31602
7140 1.31684
7155 1.3176
7170 1.31839
7185 1.31922
7200 1.31999
7215 1.32082
7230 1.32165
7245 1.32245
7260 1.32326
7275 1.32404
7290 1.32484
7305 1.32566
7320 1.32643
7335 1.32723
7350 1.32814
7365 1.32895
7380 1.32978
7395 1.33049
7410 1.33126
7425 1.33234
7440 1.33314
7455 1.3339
7470 1.33468
7485 1.33556
7500 1.33643
7515 1.33735
7530 1.33817
7545 1.33902
7560 1.34006
7575 1.34106
7590 1.3419
7605 1.34272
7620 1.34357
7635 1.34443
7650 1.34523
7665 1.34605
7680 1.34687
7695 1.34764
7710 1.34854
7725 1.34935
7740 1.35021
7755 1.35108
7770 1.35183
7785 1.35265
7800 1.35351
7815 1.3543
7830 1.35513
7845 1.35595
7860 1.35678
7875 1.35765
7890 1.35852
7905 1.35931
7920 1.36032
7935 1.36121
7950 1.36217
7965 1.36303
7980 1.36383
7995 1.36469
8010 1.36551
8025 1.36635
8040 1.36724
8055 1.36811
8070 1.36889
8085 1.36974
8100 1.37065
8115 1.37158
8130 1.37259
8145 1.37347
8160 1.37457
8175 1.37549
8190 1.37628
8205 1.37725
8220 1.37815
8235 1.37903
8250 1.38026
8265 1.38113
8280 1.382
8295 1.38287
8310 1.38375
8325 1.38464
8340 1.38547
8355 1.38626
8370 1.38712
8385 1.38797
8400 1.38886
8415 1.38964
8430 1.39044
8445 1.39136
8460 1.39216
8475 1.39312
8490 1.3939
8505 1.39482
8520 1.39565
8535 1.39651
8550 1.39741
8565 1.39833
8580 1.39924
8595 1.40012
8610 1.401
8625 1.40201
8640 1.40299
8655 1.40389
8670 1.40475
8685 1.40563
8700 1.40654
8715 1.40751
8730 1.40838
8745 1.40942
8760 1.41046
8775 1.41135
8790 1.41223
8805 1.41318
8820 1.41404
8835 1.41495
8850 1.41589
8865 1.41683
8880 1.41772
8895 1.41856
8910 1.41943
8925 1.42035
8940 1.42127
8955 1.42211
8970 1.42305
8985 1.42404
9000 1.42499
9015 1.42593
9030 1.42678
9045 1.42776
9060 1.42868
9075 1.42966
9090 1.43068
9105 1.43156
9120 1.43246
9135 1.43337
9150 1.43429
9165 1.43543
9180 1.43638
9195 1.43743
9210 1.43848
9225 1.43945
9240 1.44043
9255 1.44141
9270 1.44234
9285 1.44328
9300 1.44422
9315 1.44506
9330 1.44594
9345 1.4469
9360 1.44787
9375 1.44867
9390 1.44975
9405 1.45084
9420 1.45173
9435 1.45268
9450 1.45365
9465 1.45461
9480 1.45563
9495 1.45663
9510 1.45771
9525 1.45868
9540 1.45972
9555 1.46066
9570 1.46166
9585 1.46254
9600 1.46361
9615 1.4646
9630 1.46559
9645 1.46665
9660 1.46761
9675 1.46883
9690 1.46989
9705 1.47091
9720 1.47171
9735 1.47281
9750 1.4738
9765 1.47483
9780 1.47586
9795 1.47685
9810 1.47788
9825 1.47896
9840 1.48009
9855 1.48104
9870 1.48211
9885 1.48308
9900 1.48423
9915 1.48524
9930 1.48618
9945 1.4872
9960 1.48824
9975 1.48922
9990 1.49026
10005 1.49116
10020 1.49228
10035 1.49339
10050 1.49454
10065 1.49558
10080 1.49667
10095 1.49812
10110 1.49913
10125 1.5002
10140 1.50136
10155 1.50242
10170 1.50346
10185 1.50474
10200 1.50586
10215 1.50687
10230 1.50793
10245 1.50907
10260 1.5101
10275 1.51119
10290 1.51204
10305 1.51301
10320 1.51405
10335 1.51509
10350 1.51605
10365 1.51706
10380 1.51818
10395 1.51931
10410 1.52037
10425 1.52139
10440 1.52265
10455 1.52374
10470 1.52488
10485 1.52596
10500 1.52718
10515 1.52832
10530 1.5293
10545 1.53042
10560 1.5318
10575 1.53291
10590 1.53403
10605 1.53505
10620 1.53607
10635 1.53725
10650 1.53838
10665 1.5396
10680 1.54054
10695 1.54177
10710 1.54318
10725 1.54431
10740 1.5455
10755 1.54654
10770 1.5474
10785 1.54846
10800 1.54951
10815 1.55073
10830 1.55183
10845 1.55289
10860 1.55395
10875 1.55511
10890 1.55635
10905 1.55751
10920 1.55873
10935 1.56002
10950 1.56112
10965 1.56223
10980 1.56354
10995 1.56457
11010 1.56574
11025 1.56682
11040 1.568
11055 1.56933
11070 1.5706
11085 1.57177
11100 1.57293
11115 1.57393
11130 1.57486
11145 1.57591
11160 1.57702
11175 1.5781
11190 1.57936
11205 1.58034
11220 1.58148
11235 1.58272
11250 1.58381
11265 1.58493
11280 1.58621
11295 1.58733
11310 1.58844
11325 1.58932
11340 1.59037
11355 1.59211
11370 1.59319
11385 1.59425
11400 1.59553
11415 1.5966
11430 1.59769
11445 1.59891
11460 1.60007
11475 1.60109
11490 1.60228
11505 1.60353
11520 1.6049
11535 1.60615
11550 1.60736
11565 1.60849
11580 1.60961
11595 1.61073
11610 1.61205
11625 1.61322
11640 1.61448
11655 1.61552
11670 1.61679
11685 1.61805
11700 1.61941
11715 1.62067
11730 1.62238
11745 1.62365
11760 1.62487
11775 1.62623
11790 1.62752
11805 1.62863
11820 1.62988
11835 1.63112
11850 1.63237
11865 1.6335
11880 1.63482
11895 1.63597
11910 1.63686
11925 1.63818
11940 1.63939
11955 1.64071
11970 1.6418
11985 1.64307
12000 1.64443
12015 1.64547
12030 1.64646
12045 1.64778
12060 1.64901
12075 1.65024
12090 1.65184
12105 1.65303
12120 1.65446
12135 1.65581
12150 1.65703
12165 1.65834
12180 1.65955
12195 1.6609
12210 1.66212
12225 1.66332
12240 1.6647
12255 1.6659
12270 1.6671
12285 1.66861
12300 1.67004
12315 1.67114
12330 1.67259
12345 1.67388
12360 1.67532
12375 1.67656
12390 1.67769
12405 1.67891
12420 1.68025
12435 1.68204
12450 1.68341
12465 1.68471
12480 1.68631
12495 1.68761
12510 1.68936
12525 1.69087
12540 1.69234
12555 1.69372
12570 1.69507
12585 1.69644
12600 1.69798
12615 1.69918
12630 1.70053
12645 1.70195
12660 1.70348
12675 1.70498
12690 1.70652
12705 1.70798
12720 1.70926
12735 1.71061
12750 1.71199
12765 1.71348
12780 1.7147
12795 1.71585
12810 1.71731
12825 1.71881
12840 1.72132
12855 1.72263
12870 1.72408
12885 1.7254
12900 1.72693
12915 1.72836
12930 1.72988
12945 1.73137
12960 1.73254
12975 1.7338
12990 1.7352
13005 1.73656
13020 1.73802
13035 1.73944
13050 1.74084
13065 1.74218
13080 1.74352
13095 1.74498
13110 1.74631
13125 1.74783
13140 1.74896
13155 1.75043
13170 1.75139
13185 1.75279
13200 1.7541
13215 1.75543
13230 1.75655
13245 1.75786
13260 1.75903
13275 1.76053
13290 1.76182
13305 1.7634
13320 1.76497
13335 1.76629
13350 1.76773
13365 1.76914
13380 1.77103
13395 1.77253
13410 1.77438
13425 1.77595
13440 1.77718
13455 1.77859
13470 1.77995
13485 1.78137
13500 1.78302
13515 1.78458
13530 1.78602
13545 1.78775
13560 1.78904
13575 1.79053
13590 1.79226
13605 1.79389
13620 1.79524
13635 1.79667
13650 1.79827
13665 1.79983
13680 1.80197
13695 1.80339
13710 1.80508
13725 1.80647
13740 1.80811
13755 1.81031
13770 1.81208
13785 1.81378
13800 1.81527
13815 1.8167
13830 1.81809
13845 1.81961
13860 1.8211
13875 1.82228
13890 1.82383
13905 1.82546
13920 1.82718
13935 1.82878
13950 1.83018
13965 1.83174
13980 1.83333
13995 1.83506
14010 1.83657
14025 1.83809
14040 1.83964
14055 1.84137
14070 1.84432
14085 1.84547
14100 1.84731
14115 1.84881
14130 1.85061
14145 1.85204
14160 1.85383
14175 1.85538
14190 1.85717
14205 1.85902
14220 1.86054
14235 1.8624
14250 1.86439
14265 1.86598
14280 1.86775
14295 1.86945
14310 1.87115
14325 1.87296
14340 1.87526
14355 1.87688
14370 1.87846
14385 1.88036
14400 1.88212
14415 1.88387
14430 1.88544
14445 1.88702
14460 1.88869
14475 1.89043
14490 1.89197
14505 1.89349
14520 1.8951
14535 1.89651
14550 1.89815
14565 1.89986
14580 1.90176
14595 1.90364
14610 1.90554
14625 1.90787
14640 1.90966
14655 1.91151
14670 1.91331
14685 1.91516
14700 1.91681
14715 1.91923
14730 1.92086
14745 1.92264
14760 1.9246
14775 1.9266
14790 1.92873
14805 1.9305
14820 1.93228
14835 1.93421
14850 1.93584
14865 1.93753
14880 1.93931
14895 1.94109
14910 1.94269
14925 1.94497
14940 1.9465
14955 1.94831
14970 1.94978
14985 1.95175
15000 1.95344
15015 1.95546
15030 1.95708
15045 1.95885
15060 1.96081
15075 1.96247
15090 1.96468
15105 1.96653
15120 1.96855
15135 1.97125
15150 1.97311
15165 1.97513
15180 1.97715
15195 1.97904
15210 1.98088
15225 1.98259
15240 1.9846
15255 1.9863
15270 1.98831
15285 1.99038
15300 1.99185
15315 1.99409
15330 1.99595
15345 1.99786
15360 1.99963
15375 2.00124
15390 2.00342
15405 2.00583
15420 2.00784
15435 2.00969
15450 2.01145
15465 2.01335
15480 2.01562
15495 2.01804
15510 2.02
15525 2.02181
15540 2.02365
15555 2.02574
15570 2.02742
15585 2.02948
15600 2.03145
15615 2.03352
15630 2.03517
15645 2.03716
15660 2.03899
15675 2.04086
15690 2.04253
15705 2.04432
15720 2.04601
15735 2.04795
15750 2.04998
15765 2.05247
15780 2.05458
15795 2.05709
15810 2.0593
15825 2.06213
15840 2.06424
15855 2.0662
15870 2.06847
15885 2.0706
15900 2.07249
15915 2.07438
15930 2.07643
15945 2.07847
15960 2.08052
15975 2.08255
15990 2.08463
16005 2.0872
16020 2.08945
16035 2.09142
16050 2.09325
16065 2.09534
16080 2.0978
16095 2.1005
16110 2.1027
16125 2.10501
16140 2.10717
16155 2.10922
16170 2.11111
16185 2.11327
16200 2.11521
16215 2.11707
16230 2.11941
16245 2.12157
16260 2.12374
16275 2.126
16290 2.12807
16305 2.13009
16320 2.13256
16335 2.13478
16350 2.13755
16365 2.14029
16380 2.14276
16395 2.14455
16410 2.14662
16425 2.15016
16440 2.15254
16455 2.1552
16470 2.15725
16485 2.15966
16500 2.16182
16515 2.16409
16530 2.16614
16545 2.16799
16560 2.1702
16575 2.17215
16590 2.17474
16605 2.17668
16620 2.17915
16635 2.18138
16650 2.18346
16665 2.1861
16680 2.18877
16695 2.19091
16710 2.19295
16725 2.19524
16740 2.19776
16755 2.20101
16770 2.20365
16785 2.2063
16800 2.20864
16815 2.21099
16830 2.21342
16845 2.21662
16860 2.21905
16875 2.22192
16890 2.22436
16905 2.22698
16920 2.22976
16935 2.23214
16950 2.23464
16965 2.23726
16980 2.24002
16995 2.24177
17010 2.24523
17025 2.2474
17040 2.25028
17055 2.25256
17070 2.25514
17085 2.25778
17100 2.25964
17115 2.26246
17130 2.26527
17145 2.26864
17160 2.27101
17175 2.273
17190 2.27548
17205 2.27797
17220 2.27979
17235 2.28285
17250 2.28552
17265 2.28831
17280 2.29067
17295 2.29324
17310 2.29619
17325 2.29978
17340 2.30228
17355 2.30407
17370 2.30721
17385 2.30947
17400 2.31186
17415 2.3148
17430 2.31676
17445 2.31919
17460 2.32202
17475 2.32511
17490 2.32765
17505 2.32983
17520 2.33248
17535 2.33473
17550 2.33714
17565 2.34027
17580 2.34303
17595 2.34593
17610 2.34865
17625 2.35225
17640 2.35543
17655 2.35829
17670 2.36098
17685 2.36352
17700 2.36601
17715 2.36898
17730 2.3714
17745 2.37437
17760 2.37707
17775 2.37971
17790 2.38219
17805 2.38501
17820 2.38787
17835 2.38993
17850 2.39235
17865 2.39582
17880 2.39833
17895 2.40072
17910 2.40392
17925 2.40672
17940 2.41008
17955 2.41499
17970 2.41749
17985 2.42
18000 2.42304
18015 2.42649
18030 2.42923
18045 2.43189
18060 2.43431
18075 2.4369
18090 2.43981
18105 2.44261
18120 2.44512
18135 2.4482
18150 2.45048
18165 2.45332
18180 2.45632
18195 2.4594
18210 2.46279
18225 2.46556
18240 2.46828
18255 2.47076
18270 2.47369
18285 2.47633
18300 2.47848
18315 2.48147
18330 2.48542
18345 2.48895
18360 2.49177
18375 2.49499
18390 2.49873
18405 2.5022
18420 2.50539
18435 2.50977
18450 2.51261
18465 2.51583
18480 2.51914
18495 2.52194
18510 2.5248
18525 2.52844
18540 2.53213
18555 2.53536
18570 2.53801
18585 2.54096
18600 2.54369
18615 2.54824
18630 2.55102
18645 2.55442
18660 2.55811
18675 2.56095
18690 2.56383
18705 2.5669
18720 2.57069
18735 2.57494
18750 2.57822
18765 2.58141
18780 2.58466
18795 2.58796
18810 2.59172
18825 2.59605
18840 2.59937
18855 2.60287
18870 2.60632
18885 2.60969
18900 2.61292
18915 2.61614
18930 2.6196
18945 2.62362
18960 2.62733
18975 2.63112
18990 2.63437
19005 2.63941
19020 2.64261
19035 2.64538
19050 2.64904
19065 2.6528
19080 2.65778
19095 2.66028
19110 2.66435
19125 2.66783
19140 2.67175
19155 2.6754
19170 2.67919
19185 2.68428
19200 2.68813
19215 2.69274
19230 2.69627
19245 2.69973
19260 2.70314
19275 2.70639
19290 2.7101
19305 2.7135
19320 2.71777
19335 2.72139
19350 2.7249
19365 2.727
19380 2.7308
19395 2.73644
19410 2.74064
19425 2.74528
19440 2.74958
19455 2.75147
19470 2.75516
19485 2.75963
19500 2.76285
19515 2.76634
19530 2.77
19545 2.77391
19560 2.77768
19575 2.78073
19590 2.78551
19605 2.79215
19620 2.79585
19635 2.80011
19650 2.80394
19665 2.80652
19680 2.81054
19695 2.8146
19710 2.81849
19725 2.82191
19740 2.82681
19755 2.83125
19770 2.83519
19785 2.83906
19800 2.84242
19815 2.84616
19830 2.85029
19845 2.85393
19860 2.857
19875 2.86055
19890 2.86439
19905 2.86915
19920 2.87386
19935 2.87822
19950 2.88242
19965 2.88647
19980 2.89811
19995 2.9036
20010 2.90785
20025 2.91235
20040 2.91613
20055 2.92027
20070 2.92582
20085 2.92978
20100 2.93406
20115 2.93788
20130 2.94234
20145 2.94651
20160 2.95161
20175 2.95603
20190 2.96114
20205 2.96615
20220 2.97051
20235 2.97412
20250 2.97871
20265 2.98285
20280 2.98552
20295 2.98923
20310 2.99265
20325 2.99828
20340 3.00229
20355 3.00668
20370 3.01104
20385 3.01539
20400 3.01943
20415 3.02442
20430 3.0292
20445 3.0348
20460 3.03969
20475 3.04464
20490 3.05003
20505 3.05464
20520 3.05803
20535 3.06248
20550 3.06777
20565 3.07516
20580 3.08119
20595 3.08584
20610 3.09133
20625 3.09577
20640 3.10247
20655 3.10787
20670 3.11153
20685 3.11531
20700 3.12007
20715 3.1248
20730 3.12949
20745 3.13372
20760 3.13765
20775 3.14198
20790 3.14635
20805 3.15163
20820 3.15546
20835 3.16036
20850 3.1665
20865 3.17025
20880 3.17742
20895 3.18221
20910 3.18665
20925 3.19047
20940 3.19471
20955 3.19959
20970 3.20522
20985 3.20995
21000 3.21534
21015 3.22136
21030 3.2266
21045 3.23173
21060 3.23693
21075 3.24195
21090 3.24722
21105 3.25313
21120 3.26137
21135 3.26654
21150 3.27223
21165 3.27953
21180 3.28365
21195 3.28894
21210 3.29368
21225 3.30043
21240 3.30698
21255 3.3121
21270 3.31865
21285 3.324
21300 3.32962
21315 3.3337
21330 3.34049
21345 3.34839
21360 3.352
21375 3.35665
21390 3.3639
21405 3.3682
21420 3.37305
21435 3.38055
21450 3.38626
21465 3.3949
21480 3.40042
21495 3.40121
21510 3.40612
21525 3.41322
21540 3.41827
21555 3.42285
21570 3.4307
21585 3.43549
21600 3.43775
21615 3.44402
21630 3.45095
21645 3.45731
21660 3.46494
21675 3.47572
21690 3.48047
21705 3.48719
21720 3.49365
21735 3.50221
21750 3.5068
21765 3.51302
21780 3.51932
21795 3.52708
21810 3.53165
21825 3.53807
21840 3.54502
21855 3.55161
21870 3.55789
21885 3.56278
21900 3.56931
21915 3.57694
21930 3.58413
21945 3.59094
21960 3.59376
21975 3.60051
21990 3.61157
22005 3.61826
22020 3.62435
22035 3.64043
22050 3.64594
22065 3.65201
22080 3.65831
22095 3.66722
22110 3.67579
22125 3.68231
22140 3.68947
22155 3.69579
22170 3.70157
22185 3.70858
22200 3.71682
22215 3.724
22230 3.73421
22245 3.73982
22260 3.74851
22275 3.75452
22290 3.76015
22305 3.7675
22320 3.77176
22335 3.77991
22350 3.78704
22365 3.79586
22380 3.80376
22395 3.8114
22410 3.81714
22425 3.82224
22440 3.82962
22455 3.83879
22470 3.84838
22485 3.85431
22500 3.86074
22515 3.86891
22530 3.87149
22545 3.87705
22560 3.88519
22575 3.89727
22590 3.90212
22605 3.9079
22620 3.91534
22635 3.92241
22650 3.93657
22665 3.94341
22680 3.95037
22695 3.95875
22710 3.96482
22725 3.97209
22740 3.98023
22755 3.99059
22770 3.99772
22785 4.00716
22800 4.01574
22815 4.02692
22830 4.0342
22845 4.04275
22860 4.04933
22875 4.05746
22890 4.06446
22905 4.07404
22920 4.08312
22935 4.08866
22950 4.0936
22965 4.10387
22980 4.11184
22995 4.11744
23010 4.12594
23025 4.13595
23040 4.14847
23055 4.15656
23070 4.16833
23085 4.17943
23100 4.18818
23115 4.19514
23130 4.20341
23145 4.21294
23160 4.222
23175 4.23436
23190 4.24617
23205 4.2526
23220 4.26227
23235 4.273
23250 4.28294
23265 4.29338
23280 4.30063
23295 4.30825
23310 4.31564
23325 4.32375
23340 4.33361
23355 4.34989
23370 4.35406
23385 4.36161
23400 4.37092
23415 4.37766
23430 4.39051
23445 4.40213
23460 4.41506
23475 4.42362
23490 4.43499
23505 4.4432
23520 4.44876
23535 4.45789
23550 4.46263
23565 4.47882
23580 4.495
23595 4.51036
23610 4.53057
23625 4.54563
23640 4.56213
23655 4.57416
23670 4.58458
23685 4.59562
23700 4.60425
23715 4.61498
23730 4.63024
23745 4.64097
23760 4.65149
23775 4.66422
23790 4.67256
23805 4.68134
23820 4.69196
23835 4.70049
23850 4.71308
23865 4.72086
23880 4.73253
23895 4.74449
23910 4.75951
23925 4.76941
23940 4.78603
23955 4.79448
23970 4.80651
23985 4.82442
24000 4.83532
24015 4.84977
24030 4.86717
24045 4.88841
24060 4.90378
24075 4.91487
24090 4.93123
24105 4.93933
24120 4.95139
24135 4.96631
24150 4.9833
24165 4.99763
24180 5.00931
24195 5.02257
24210 5.03271
24225 5.0441
24240 5.05408
24255 5.06748
24270 5.08222
24285 5.10416
24300 5.09202
24315 5.10208
24330 5.11773
24345 5.13577
24360 5.15056
24375 5.16222
24390 5.17475
24405 5.19141
24420 5.2066
24435 5.22225
24450 5.23385
24465 5.27065
24480 5.2827
24495 5.30322
24510 5.31354
24525 5.32672
24540 5.34224
24555 5.34906
24570 5.36083
24585 5.37789
24600 5.39106
24615 5.40199
24630 5.41465
24645 5.45405
24660 5.46755
24675 5.47816
24690 5.4918
24705 5.50841
24720 5.52304
24735 5.53479
24750 5.5547
24765 5.56812
24780 5.59061
24795 5.6046
24810 5.61697
24825 5.63856
24840 5.65138
24855 5.67243
24870 5.70513
24885 5.71562
24900 5.73218
24915 5.74961
24930 5.76936
24945 5.78771
24960 5.81382
24975 5.83047
24990 5.84407
25005 5.86453
25020 5.87749
25035 5.89191
25050 5.91167
25065 5.90282
25080 5.93266
25095 5.95077
25110 5.97071
25125 5.99557
25140 6.02608
25155 6.04369
25170 6.05514
25185 6.07423
25200 6.09594
25215 6.11289
25230 6.13719
25245 6.18994
25260 6.20428
25275 6.22267
25290 6.24943
25305 6.26617
25320 6.28319
25335 6.30614
25350 6.33879
25365 6.35545
25380 6.37988
25395 6.39826
25410 6.42396
25425 6.44332
25440 6.4723
25455 6.48694
25470 6.5018
25485 6.51661
25500 6.53514
25515 6.53844
25530 6.55099
25545 6.56955
25560 6.60583
25575 6.63032
25590 6.65677
25605 6.68943
25620 6.70966
25635 6.71832
25650 6.7383
25665 6.75873
25680 6.77436
25695 6.79994
25710 6.82513
25725 6.87641
25740 6.89566
25755 6.91232
25770 6.96935
25785 6.99614
25800 7.01714
25815 7.04914
25830 7.06764
25845 7.0874
25860 7.10569
25875 7.12371
25890 7.1638
25905 7.21099
25920 7.23101
25935 7.2649
25950 7.28753
25965 7.31743
25980 7.32864
25995 7.37862
26010 7.41488
26025 7.4517
26040 7.51009
26055 7.55375
26070 7.59016
26085 7.61785
26100 7.65174
26115 7.64868
26130 7.68361
26145 7.70993
26160 7.7451
26175 7.77037
26190 7.79184
26205 7.81284
26220 7.8792
26235 7.90199
26250 7.92079
26265 7.96849
26280 8.00324
26295 8.04718
26310 8.08203
26325 8.11228
26340 8.13167
26355 8.15811
26370 8.17388
26385 8.20887
26400 8.27925
26415 8.3098
26430 8.38343
26445 8.42746
26460 8.46729
26475 8.54138
26490 8.5706
26505 8.59939
26520 8.61688
26535 8.56458
26550 8.60103
26565 8.65617
26580 8.68322
26595 8.78011
26610 8.81428
26625 8.94434
26640 8.97739
26655 9.04138
26670 9.09415
26685 9.13772
26700 9.17931
26715 9.26093
26730 9.35687
26745 9.37791
26760 9.40747
26775 9.57247
26790 9.62882
26805 9.6621
26820 9.70765
26835 9.74855
26850 9.78389
26865 9.84668
26880 9.8697
26895 9.9043
26910 9.97875
26925 10.0024
26940 10.0632
26955 10.1139
26970 10.1646
26985 10.203
27000 10.2903
27015 10.3439
27030 10.4074
27045 10.4675
27060 10.5041
27075 10.533
27090 10.5718
27105 10.5263
27120 10.5612
27135 10.7828
27150 10.856
27165 10.8817
27180 10.9473
27195 10.9973
27210 11.0509
27225 11.1034
27240 11.3277
27255 11.3578
27270 11.4295
27285 11.4782
27300 11.5716
27315 11.4883
27330 11.5116
27345 11.574
27360 11.6203
27375 11.658
27390 11.7208
27405 11.7949
27420 11.8117
27435 11.885
27450 11.7858
27465 11.8488
27480 11.9454
27495 12.0223
27510 11.7779
27525 11.87
27540 11.8743
27555 11.9059
27570 11.9827
27585 12.0578
27600 12.0934
27615 12.1426
27630 12.2413
27645 12.3891
27660 12.4416
27675 12.5333
27690 12.6138
27705 12.6645
27720 12.7444
27735 12.7817
27750 12.8581
27765 12.9892
27780 13.0293
27795 13.0613
27810 13.146
27825 13.3266
27840 13.4083
27855 13.4611
27870 13.4517
27885 13.5176
27900 13.5801
27915 13.5878
27930 13.6847
27945 13.7503
27960 13.8828
27975 14.0008
27990 14.0768
28005 14.1781
28020 14.2258
28035 14.3012
28050 14.3775
28065 14.463
28080 14.5394
28095 14.5993
28110 14.9053
28125 15.0184
28140 15.1444
28155 15.1734
28170 15.3709
28185 15.4642
28200 15.5125
28215 15.6631
28230 15.7197
28245 16.0287
28260 16.1955
28275 16.4255
28290 16.5169
28305 16.612
28320 16.699
28335 16.7913
28350 17.0683
28365 17.1783
28380 16.5433
28395 16.6101
28410 16.0086
28425 16.1798
28440 16.244
28455 16.4167
28470 16.5072
28485 16.6377
28500 16.601
28515 16.7487
28530 16.57
28545 16.6676
28560 16.8009
28575 16.9094
28590 17.2283
28605 17.383
28620 17.5526
28635 17.6051
28650 17.7371
28665 18.1582
28680 18.2611
28695 18.2364
28710 18.3405
28725 18.421
28740 18.4788
28755 18.6433
28770 18.3439
28785 18.5481
28800 18.7661
28815 18.8654
28830 19.1335
28845 19.2562
28860 19.5443
28875 19.6443
28890 20.0192
28905 20.2366
28920 20.4721
28935 20.4409
28950 20.5759
28965 20.6632
28980 20.7
28995 20.7958
29010 20.5906
29025 21.118
29040 21.1653
29055 21.4387
29070 20.9811
29085 20.9268
29100 21.2404
29115 21.6094
29130 21.8879
29145 22.7536
29160 21.7415
29175 22.0036
29190 22.1211
29205 22.2382
29220 22.8023
29235 23.0199
29250 22.9173
29265 23.0603
29280 23.2725
29295 23.3668
29310 23.447
29325 23.7239
29340 23.8532
29355 23.9435
29370 23.8907
29385 23.9455
29400 24.0656
29415 24.1326
29430 24.2318
29445 24.3756
29460 24.6199
29475 24.8064
29490 24.9032
29505 25.1153
29520 25.3804
29535 26.0075
29550 26.4402
29565 27.0687
29580 27.2564
29595 29.0144
29610 29.6888
29625 29.9654
29640 30.1556
29655 30.9913
29670 31.0571
29685 31.8621
29700 32.1663
29715 32.62
29730 33.9605
29745 34.1445
29760 34.4556
29775 35.2997
29790 34.0887
29805 32.9889
29820 36.1997
29835 39.3936
29850 40.5738
29865 41.058
29880 40.035
29895 41.0174
29910 41.2931
29925 41.4573
29940 41.6455
29955 42.0039
29970 42.332
29985 42.5881
30000 42.8286
30015 43.2299
30030 43.4093
30045 34.3686
30060 34.8608
30075 35.0064
30090 35.067
30105 35.7485
30120 34.9965
30135 35.4139
30150 35.5242
30165 35.7119
30180 35.9301
30195 34.9141
30210 35.1809
30225 35.3545
30240 35.7872
30255 35.8094
30270 35.7909
30285 34.8279
30300 33.3328
30315 33.5178
30330 33.6723
30345 33.6825
30360 34.3285
30375 34.3389
30390 34.7517
30405 34.8846
30420 35.1781
30435 28.4994
30450 28.5463
30465 28.787
30480 28.9095
30495 29.0264
30510 28.9397
30525 29.1483
30540 29.5473
30555 29.3081
30570 29.0407
30585 25.6461
30600 25.7463
30615 25.9569
30630 25.7363
30645 25.7245
30660 25.8274
30675 25.7716
30690 20.2309
30705 20.4057
30720 20.4445
30735 20.2797
30750 20.2342
30765 20.2948
30780 20.5685
30795 18.1135
30810 18.1316
30825 17.5518
30840 17.6558
30855 15.6691
30870 15.5497
30885 15.6498
30900 15.7372
30915 15.6763
30930 15.8878
30945 15.447
30960 15.5991
30975 15.7979
30990 15.938
31005 16.0014
31020 15.3827
31035 15.3402
31050 15.329
31065 15.2449
31080 15.1082
31095 15.2068
31110 15.277
31125 15.2434
31140 15.1786
31155 15.2538
31170 15.3021
31185 15.3657
31200 15.474
31215 15.5254
31230 15.2541
31245 15.2114
31260 14.9532
31275 15.028
31290 15.1466
31305 15.1711
31320 15.163
31335 15.1542
31350 15.3305
31365 15.2065
31380 15.2372
31395 15.2068
31410 15.1965
31425 14.9587
31440 15.0473
31455 14.0024
31470 14.167
31485 13.821
31500 13.9531
31515 13.9344
31530 13.8791
31545 13.7794
31560 12.6252
31575 12.4024
31590 12.4356
31605 12.4777
31620 12.5149
31635 12.5274
31650 12.3494
31665 12.3847
31680 12.2876
31695 12.1112
31710 12.1624
31725 12.1225
31740 12.1831
31755 11.836
31770 11.8712
31785 11.8961
31800 11.9478
31815 11.6171
31830 11.6453
31845 11.6766
31860 11.6659
31875 11.6622
31890 11.4945
31905 11.5782
31920 11.2475
31935 11.1775
31950 11.1916
31965 11.2075
31980 11.2793
31995 11.2328
32010 11.3131
32025 11.2802
32040 10.8813
32055 10.7251
32070 10.665
32085 10.6983
32100 10.7013
32115 10.7159
32130 10.6972
32145 10.7357
32160 10.8161
32175 10.3831
32190 10.3968
32205 10.3793
32220 10.2979
32235 10.3204
32250 10.1872
32265 10.1932
32280 10.166
32295 10.1567
32310 10.1489
32325 10.1145
32340 10.1388
32355 10.1168
32370 10.0743
32385 10.0791
32400 10.0583
32415 10.0745
32430 10.1263
32445 10.1133
32460 10.0874
32475 10.0811
32490 9.9936
32505 9.98763
32520 9.97298
32535 9.79595
32550 9.78277
32565 9.78442
32580 9.70337
32595 9.68017
32610 9.72218
32625 9.73799
32640 9.70142
32655 9.73162
32670 9.70271
32685 9.69042
32700 9.47127
32715 9.37515
32730 9.36096
32745 9.46774
32760 9.44353
32775 9.21525
32790 9.233
32805 9.08106
32820 9.07813
32835 9.08014
32850 8.95154
32865 8.81586
32880 8.17049
32895 8.08991
32910 8.04406
32925 8.06374
32940 7.99651
32955 7.99371
32970 7.98948
32985 7.92735
33000 7.95046
33015 7.90987
33030 7.84039
33045 7.86675
33060 7.82562
33075 7.81925
33090 7.80917
33105 7.78031
33120 7.78254
33135 7.72861
33150 7.73074
33165 7.74803
33180 7.75911
33195 7.76427
33210 7.7783
33225 7.61956
33240 7.31769
33255 7.32891
33270 7.33532
33285 7.31535
33300 7.32722
33315 7.33618
33330 7.28429
33345 7.24365
33360 7.21414
33375 7.21651
33390 7.22041
33405 7.21398
33420 7.10152
33435 7.10596
33450 7.04019
33465 7.00531
33480 7.03072
33495 6.99609
33510 6.97912
33525 6.96705
33540 6.95912
33555 6.90416
33570 6.90037
33585 6.90943
33600 6.86548
33615 6.81232
33630 6.82868
33645 6.83068
33660 6.83386
33675 6.90608
33690 6.86055
33705 6.87375
33720 6.87657
33735 6.8739
33750 6.86247
33765 6.86578
33780 6.84985
33795 6.83154
33810 6.77199
33825 6.57359
33840 6.54561
33855 6.54204
33870 6.53545
33885 6.45551
33900 6.4555
33915 6.43498
33930 6.41556
33945 6.4354
33960 6.37167
33975 6.35495
33990 6.35106
34005 6.3165
34020 6.2951
34035 6.28368
34050 6.22145
34065 6.21161
34080 6.21018
34095 6.22
34110 6.21102
34125 6.2002
34140 6.19686
34155 6.17063
34170 6.18385
34185 6.16301
34200 6.16487
34215 6.14918
34230 6.14981
34245 6.1419
34260 6.08097
34275 6.07221
34290 6.09297
34305 6.096
34320 6.09612
34335 6.11187
34350 6.11846
34365 6.08549
34380 6.09148
34395 6.11066
34410 6.11492
34425 6.11651
34440 6.13047
34455 6.12568
34470 6.14667
34485 6.13438
34500 6.14346
34515 6.12626
34530 6.1311
34545 6.11782
34560 6.1166
34575 6.07566
34590 6.03862
34605 6.00841
34620 5.99687
34635 5.95394
34650 5.9153
34665 5.93083
34680 5.92348
34695 5.89855
34710 5.82306
34725 5.84449
34740 5.82121
34755 5.82408
34770 5.82368
34785 5.80894
34800 5.70343
34815 5.70556
34830 5.67796
34845 5.68338
34860 5.66176
34875 5.66476
34890 5.65751
34905 5.6714
34920 5.62281
34935 5.5887
34950 5.57356
34965 5.55131
34980 5.53966
34995 5.52132
35010 5.52547
35025 5.50538
35040 5.50367
35055 5.49138
35070 5.46434
35085 5.42917
35100 5.40621
35115 5.3886
35130 5.3788
35145 5.348
35160 5.33316
35175 5.32712
35190 5.31328
35205 5.27127
35220 5.29325
35235 5.29035
35250 5.28542
35265 5.27002
35280 5.27404
35295 5.25488
35310 5.25723
35325 5.26065
35340 5.26677
35355 5.26989
35370 5.23491
35385 5.22305
35400 5.24224
35415 5.22826
35430 5.23093
35445 5.22414
35460 5.21787
35475 5.22182
35490 5.21675
35505 5.20505
35520 5.189
35535 5.17186
35550 5.17684
35565 5.15899
35580 5.15457
35595 5.15906
35610 5.15522
35625 5.16009
35640 5.21017
35655 5.21326
35670 5.2043
35685 5.17044
35700 5.17501
35715 5.17981
35730 5.17907
35745 5.14487
35760 5.11634
35775 5.11399
35790 5.12937
35805 5.13976
35820 5.13402
35835 5.04609
35850 5.03959
35865 5.03179
35880 5.01585
35895 5.0036
35910 4.97933
35925 4.98094
35940 4.97423
35955 4.96247
35970 4.95484
35985 4.95768
36000 4.95559
36015 4.94161
36030 4.91338
36045 4.91556
36060 4.91911
36075 4.88835
36090 4.87899
36105 4.85972
36120 4.81972
36135 4.77326
36150 4.77109
36165 4.7298
36180 4.70732
36195 4.70074
36210 4.69575
36225 4.67587
36240 4.66911
36255 4.6336
36270 4.61701
36285 4.6093
36300 4.61108
36315 4.60808
36330 4.54943
36345 4.53887
36360 4.50102
36375 4.49159
36390 4.4783
36405 4.4321
36420 4.43202
36435 4.41236
36450 4.4122
36465 4.39216
36480 4.3873
36495 4.3909
36510 4.38494
36525 4.38209
36540 4.38995
36555 4.38609
36570 4.38791
36585 4.3887
36600 4.40212
36615 4.40301
36630 4.39413
36645 4.39449
36660 4.39079
36675 4.38861
36690 4.3729
36705 4.35754
36720 4.36093
36735 4.35646
36750 4.35593
36765 4.35658
36780 4.35404
36795 4.35059
36810 4.35194
36825 4.33045
36840 4.32994
36855 4.32095
36870 4.31901
36885 4.31273
36900 4.29074
36915 4.27869
36930 4.26716
36945 4.25959
36960 4.25661
36975 4.25391
36990 4.24961
37005 4.24734
37020 4.24679
37035 4.24845
37050 4.24392
37065 4.22993
37080 4.21848
37095 4.21317
37110 4.19099
37125 4.19382
37140 4.19293
37155 4.18963
37170 4.1876
37185 4.1858
37200 4.15977
37215 4.15055
37230 4.13396
37245 4.13515
37260 4.13404
37275 4.13196
37290 4.13407
37305 4.10528
37320 4.1038
37335 4.08001
37350 4.06778
37365 4.05418
37380 4.05336
37395 4.05478
37410 4.05287
37425 4.05283
37440 4.05443
37455 4.05693
37470 4.04909
37485 4.01891
37500 4.0148
37515 4.00881
37530 4.01146
37545 4.00915
37560 4.00058
37575 3.9993
37590 3.98943
37605 3.98627
37620 3.98639
37635 3.97957
37650 3.98628
37665 3.9858
37680 3.9766
37695 3.97432
37710 3.97217
37725 3.96541
37740 3.94698
37755 3.94504
37770 3.93504
37785 3.93173
37800 3.93187
37815 3.93263
37830 3.92358
37845 3.92068
37860 3.90701
37875 3.90536
37890 3.90456
37905 3.90374
37920 3.88367
37935 3.86929
37950 3.84659
37965 3.83592
37980 3.83468
37995 3.8428
38010 3.83898
38025 3.83025
38040 3.81651
38055 3.8095
38070 3.80931
38085 3.81015
38100 3.80973
38115 3.80871
38130 3.81164
38145 3.79783
38160 3.78573
38175 3.77048
38190 3.76937
38205 3.76616
38220 3.75813
38235 3.75566
38250 3.75398
38265 3.75214
38280 3.73686
38295 3.7227
38310 3.71882
38325 3.71385
38340 3.7126
38355 3.71247
38370 3.70701
38385 3.70407
38400 3.70409
38415 3.70412
38430 3.70456
38445 3.70318
38460 3.69557
38475 3.69463
38490 3.69044
38505 3.68591
38520 3.6851
38535 3.67784
38550 3.6757
38565 3.6728
38580 3.67308
38595 3.67659
38610 3.66079
38625 3.66351
38640 3.6599
38655 3.65154
38670 3.64263
38685 3.64694
38700 3.63995
38715 3.63783
38730 3.63381
38745 3.61643
38760 3.61565
38775 3.61525
38790 3.61513
38805 3.60603
38820 3.61334
38835 3.61171
38850 3.60854
38865 3.60736
38880 3.60246
38895 3.59133
38910 3.58955
38925 3.58758
38940 3.58851
38955 3.58925
38970 3.58259
38985 3.5825
39000 3.57752
39015 3.57816
39030 3.56361
39045 3.56438
39060 3.56322
39075 3.56416
39090 3.5642
39105 3.55572
39120 3.55241
39135 3.54981
39150 3.55117
39165 3.55026
39180 3.54608
39195 3.54937
39210 3.54968
39225 3.5477
39240 3.54542
39255 3.54269
39270 3.53727
39285 3.53861
39300 3.5368
39315 3.53133
39330 3.52779
39345 3.51364
39360 3.51141
39375 3.51159
39390 3.506
39405 3.50445
39420 3.49908
39435 3.50083
39450 3.48729
39465 3.48745
39480 3.48707
39495 3.48436
39510 3.47968
39525 3.47874
39540 3.4718
39555 3.47265
39570 3.46781
39585 3.46649
39600 3.45575
39615 3.44359
39630 3.44378
39645 3.44383
39660 3.4436
39675 3.44106
39690 3.43824
39705 3.43699
39720 3.42529
39735 3.41551
39750 3.41294
39765 3.4116
39780 3.40483
39795 3.39399
39810 3.39284
39825 3.3862
39840 3.38136
39855 3.37465
39870 3.35739
39885 3.35274
39900 3.35357
39915 3.35157
39930 3.35169
39945 3.35307
39960 3.34609
39975 3.32797
39990 3.30794
40005 3.30772
40020 3.3025
40035 3.29682
40050 3.29829
40065 3.29546
40080 3.29521
40095 3.29063
40110 3.29192
40125 3.29364
40140 3.28706
40155 3.27303
40170 3.27304
40185 3.26982
40200 3.26984
40215 3.26942
40230 3.26736
40245 3.26775
40260 3.26299
40275 3.26207
40290 3.26047
40305 3.25841
40320 3.25421
40335 3.24996
40350 3.24742
40365 3.24547
40380 3.24217
40395 3.24145
40410 3.23968
40425 3.23625
40440 3.23357
40455 3.2281
40470 3.22892
40485 3.22542
40500 3.22791
40515 3.22517
40530 3.22173
40545 3.22047
40560 3.22233
40575 3.22374
40590 3.22696
40605 3.22545
40620 3.22207
40635 3.22119
40650 3.21854
40665 3.21681
40680 3.21406
40695 3.21557
40710 3.21764
40725 3.21476
40740 3.21045
40755 3.20772
40770 3.20652
40785 3.20493
40800 3.20179
40815 3.19409
40830 3.19174
40845 3.19157
40860 3.18379
40875 3.17573
40890 3.17668
40905 3.16269
40920 3.16132
40935 3.15826
40950 3.15813
40965 3.15574
40980 3.15669
40995 3.15543
41010 3.15071
41025 3.13959
41040 3.13471
41055 3.13615
41070 3.1315
41085 3.13068
41100 3.13027
41115 3.12626
41130 3.12841
41145 3.12977
41160 3.1284
41175 3.12733
41190 3.12185
41205 3.11857
41220 3.11212
41235 3.08336
41250 3.07809
41265 3.06655
41280 3.06131
41295 3.05339
41310 3.04975
41325 3.05035
41340 3.04966
41355 3.05101
41370 3.0517
41385 3.04216
41400 3.0436
41415 3.04052
41430 3.03149
41445 3.03011
41460 3.02938
41475 3.02789
41490 3.02603
41505 3.02497
41520 3.01919
41535 3.00967
41550 3.01185
41565 3.01099
41580 3.00674
41595 2.99726
41610 2.99124
41625 2.98403
41640 2.97576
41655 2.97167
41670 2.96744
41685 2.96537
41700 2.96269
41715 2.95848
41730 2.95126
41745 2.95078
41760 2.95182
41775 2.95043
41790 2.9494
41805 2.94575
41820 2.94069
41835 2.9402
41850 2.93998
41865 2.93453
41880 2.93559
41895 2.9332
41910 2.93178
41925 2.92962
41940 2.92728
41955 2.92961
41970 2.92947
41985 2.92594
42000 2.92704
42015 2.92521
42030 2.91941
42045 2.91882
42060 2.91475
42075 2.91413
42090 2.91377
42105 2.91465
42120 2.90626
42135 2.9078
42150 2.9106
42165 2.91016
42180 2.90314
42195 2.89887
42210 2.89105
42225 2.89014
42240 2.88784
42255 2.88671
42270 2.88447
42285 2.88365
42300 2.87671
42315 2.86447
42330 2.86027
42345 2.86068
42360 2.858
42375 2.85512
42390 2.8504
42405 2.84665
42420 2.84404
42435 2.84377
42450 2.84397
42465 2.83965
42480 2.83986
42495 2.83952
42510 2.84102
42525 2.83532
42540 2.82504
42555 2.81977
42570 2.81936
42585 2.8108
42600 2.81041
42615 2.81005
42630 2.80968
42645 2.80619
42660 2.80452
42675 2.8038
42690 2.7966
42705 2.79999
42720 2.79839
42735 2.79885
42750 2.79794
42765 2.79217
42780 2.78972
42795 2.78482
42810 2.78418
42825 2.78256
42840 2.78061
42855 2.7808
42870 2.77331
42885 2.77401
42900 2.77117
42915 2.76911
42930 2.76462
42945 2.76023
42960 2.75857
42975 2.75602
42990 2.75589
43005 2.74695
43020 2.74094
43035 2.73368
43050 2.73326
43065 2.72946
43080 2.72788
43095 2.72812
43110 2.72711
43125 2.72607
43140 2.72101
43155 2.71812
43170 2.71014
43185 2.7028
43200 2.701
43215 2.69867
43230 2.69945
43245 2.69693
43260 2.69718
43275 2.69707
43290 2.69629
43305 2.69072
43320 2.68832
43335 2.68682
43350 2.68288
43365 2.68388
43380 2.6805
43395 2.67265
43410 2.66387
43425 2.65855
43440 2.65721
43455 2.65853
43470 2.65474
43485 2.65342
43500 2.64998
43515 2.64929
43530 2.64276
43545 2.63923
43560 2.63697
43575 2.63466
43590 2.6345
43605 2.63076
43620 2.62446
43635 2.62369
43650 2.62351
43665 2.62141
43680 2.61985
43695 2.62091
43710 2.62218
43725 2.61755
43740 2.6169
43755 2.61411
43770 2.61195
43785 2.61047
43800 2.61095
43815 2.60551
43830 2.60477
43845 2.60383
43860 2.601
43875 2.60046
43890 2.59559
43905 2.59562
43920 2.5952
43935 2.59413
43950 2.59531
43965 2.59364
43980 2.59341
43995 2.5917
44010 2.59159
44025 2.58867
44040 2.58825
44055 2.58702
44070 2.57449
44085 2.57516
44100 2.57562
44115 2.57197
44130 2.57293
44145 2.57256
44160 2.5706
44175 2.57
44190 2.57015
44205 2.56975
44220 2.56919
44235 2.56477
44250 2.56477
44265 2.56554
44280 2.55482
44295 2.55025
44310 2.54766
44325 2.54704
44340 2.54428
44355 2.54305
44370 2.54338
44385 2.5405
44400 2.54038
44415 2.53967
44430 2.53927
44445 2.53884
44460 2.53699
44475 2.53372
44490 2.5339
44505 2.53317
44520 2.5326
44535 2.53021
44550 2.52771
44565 2.52309
44580 2.52069
44595 2.52296
44610 2.52118
44625 2.51995
44640 2.51855
44655 2.51615
44670 2.51617
44685 2.5154
44700 2.51293
44715 2.51395
44730 2.51322
44745 2.51351
44760 2.51399
44775 2.51606
44790 2.51704
44805 2.51755
44820 2.51719
44835 2.51459
44850 2.51447
44865 2.51493
44880 2.51073
44895 2.51039
44910 2.50868
44925 2.50729
44940 2.50501
44955 2.50522
44970 2.50147
44985 2.50207
45000 2.49706
45015 2.49636
45030 2.48817
45045 2.48868
45060 2.48633
45075 2.48651
45090 2.48497
45105 2.48219
45120 2.48061
45135 2.47767
45150 2.48
45165 2.47913
45180 2.47767
45195 2.47612
45210 2.47402
45225 2.46943
45240 2.46832
45255 2.46546
45270 2.46585
45285 2.46524
45300 2.46521
45315 2.4656
45330 2.46444
45345 2.46005
45360 2.45802
45375 2.45781
45390 2.45707
45405 2.4498
45420 2.44141
45435 2.44136
45450 2.44137
45465 2.44163
45480 2.44199
45495 2.43912
45510 2.43824
45525 2.43534
45540 2.43229
45555 2.43155
45570 2.42911
45585 2.42498
45600 2.42475
45615 2.42521
45630 2.42526
45645 2.42169
45660 2.42247
45675 2.4226
45690 2.42147
45705 2.41108
45720 2.41089
45735 2.40813
45750 2.40663
45765 2.40641
45780 2.40471
45795 2.40188
45810 2.40031
45825 2.39961
45840 2.39606
45855 2.39344
45870 2.39299
45885 2.39098
45900 2.39099
45915 2.38389
45930 2.38157
45945 2.38172
45960 2.38158
45975 2.38069
45990 2.37782
46005 2.37904
46020 2.37898
46035 2.37914
46050 2.37984
46065 2.37543
46080 2.37603
46095 2.37438
46110 2.37454
46125 2.37345
46140 2.37001
46155 2.36587
46170 2.36578
46185 2.36562
46200 2.35935
46215 2.35793
46230 2.35735
46245 2.35671
46260 2.35449
46275 2.3556
46290 2.35474
46305 2.35314
46320 2.35193
46335 2.35031
46350 2.35121
46365 2.34921
46380 2.34814
46395 2.34685
46410 2.34457
46425 2.34459
46440 2.34417
46455 2.34268
46470 2.34313
46485 2.34072
46500 2.33954
46515 2.33926
46530 2.33798
46545 2.33702
46560 2.33645
46575 2.33481
46590 2.33539
46605 2.33207
46620 2.32825
46635 2.32794
46650 2.32671
46665 2.32673
46680 2.32475
46695 2.32272
46710 2.32325
46725 2.32023
46740 2.3193
46755 2.31967
46770 2.32011
46785 2.32004
46800 2.31915
46815 2.31832
46830 2.31639
46845 2.31578
46860 2.3153
46875 2.31338
46890 2.313
46905 2.31136
46920 2.31112
46935 2.30837
46950 2.3058
46965 2.30473
46980 2.30361
46995 2.30052
47010 2.29867
47025 2.29803
47040 2.29692
47055 2.2934
47070 2.29184
47085 2.29385
47100 2.29382
47115 2.29094
47130 2.28961
47145 2.29013
47160 2.29062
47175 2.29248
47190 2.29309
47205 2.29019
47220 2.28697
47235 2.286
47250 2.28587
47265 2.28218
47280 2.28044
47295 2.27866
47310 2.27633
47325 2.27338
47340 2.27298
47355 2.27343
47370 2.26902
47385 2.26468
47400 2.26331
47415 2.26145
47430 2.25806
47445 2.259
47460 2.25736
47475 2.25773
47490 2.256
47505 2.25627
47520 2.25585
47535 2.25609
47550 2.25157
47565 2.25052
47580 2.24877
47595 2.24907
47610 2.2485
47625 2.24944
47640 2.24874
47655 2.24477
47670 2.23945
47685 2.23713
47700 2.2369
47715 2.23769
47730 2.23802
47745 2.23652
47760 2.23593
47775 2.23393
47790 2.23379
47805 2.23323
47820 2.23219
47835 2.23242
47850 2.23088
47865 2.2308
47880 2.22924
47895 2.22615
47910 2.22547
47925 2.22518
47940 2.2226
47955 2.22285
47970 2.22297
47985 2.22242
48000 2.22094
48015 2.22115
48030 2.22177
48045 2.22181
48060 2.22012
48075 2.21998
48090 2.21951
48105 2.2203
48120 2.22019
48135 2.2174
48150 2.21605
48165 2.21515
48180 2.2135
48195 2.21363
48210 2.21092
48225 2.20841
48240 2.20156
48255 2.20403
48270 2.20029
48285 2.20009
48300 2.19816
48315 2.19788
48330 2.19787
48345 2.19581
48360 2.19592
48375 2.19335
48390 2.19264
48405 2.19349
48420 2.1938
48435 2.1919
48450 2.19006
48465 2.18939
48480 2.18805
48495 2.18869
48510 2.18886
48525 2.18816
48540 2.18609
48555 2.18486
48570 2.18467
48585 2.18167
48600 2.17961
48615 2.17808
48630 2.17147
48645 2.16618
48660 2.16408
48675 2.16369
48690 2.16348
48705 2.16262
48720 2.16179
48735 2.15814
48750 2.15767
48765 2.15717
48780 2.15488
48795 2.15474
48810 2.15347
48825 2.15328
48840 2.15314
48855 2.15026
48870 2.14555
48885 2.14432
48900 2.14235
48915 2.13857
48930 2.13778
48945 2.13749
48960 2.13792
48975 2.13559
48990 2.134
49005 2.13373
49020 2.13334
49035 2.13207
49050 2.13016
49065 2.12877
49080 2.12876
49095 2.1269
49110 2.12647
49125 2.12617
49140 2.12471
49155 2.12421
49170 2.12208
49185 2.12097
49200 2.12011
49215 2.11949
49230 2.12006
49245 2.12012
49260 2.11986
49275 2.11947
49290 2.11834
49305 2.11805
49320 2.11849
49335 2.11718
49350 2.1153
49365 2.11285
49380 2.10802
49395 2.10734
49410 2.10746
49425 2.1065
49440 2.10511
49455 2.1044
49470 2.10442
49485 2.10237
49500 2.10201
49515 2.10205
49530 2.09968
49545 2.09894
49560 2.09826
49575 2.0959
49590 2.09674
49605 2.09656
49620 2.09543
49635 2.08986
49650 2.08929
49665 2.08857
49680 2.08814
49695 2.08782
49710 2.08666
49725 2.08533
49740 2.08488
49755 2.08399
49770 2.08295
49785 2.08232
49800 2.08038
49815 2.08084
49830 2.08059
49845 2.08026
49860 2.07948
49875 2.07805
49890 2.07056
49905 2.07039
49920 2.06925
49935 2.06862
49950 2.06968
49965 2.07026
49980 2.07002
49995 2.06899
50010 2.06885
50025 2.06905
50040 2.06784
50055 2.06654
50070 2.06487
50085 2.06278
50100 2.06246
50115 2.06192
50130 2.05994
50145 2.06011
50160 2.05908
50175 2.05747
50190 2.0537
50205 2.05383
50220 2.05218
50235 2.0507
50250 2.04831
50265 2.04817
50280 2.04822
50295 2.04764
50310 2.04674
50325 2.04504
50340 2.04443
50355 2.04398
50370 2.04411
50385 2.04305
50400 2.04261
50415 2.04214
50430 2.04063
50445 2.03999
50460 2.04045
50475 2.03827
50490 2.0375
50505 2.03731
50520 2.03632
50535 2.03268
50550 2.03184
50565 2.03156
50580 2.03088
50595 2.0298
50610 2.02985
50625 2.02934
50640 2.02505
50655 2.02519
50670 2.02405
50685 2.02325
50700 2.02231
50715 2.02205
50730 2.02253
50745 2.02251
50760 2.02092
50775 2.01961
50790 2.01988
50805 2.01859
50820 2.01732
50835 2.01704
50850 2.01614
50865 2.01524
50880 2.01515
50895 2.0148
50910 2.01516
50925 2.01501
50940 2.01314
50955 2.01284
50970 2.01218
50985 2.01161
51000 2.00925
51015 2.00926
51030 2.01108
51045 2.00975
51060 2.00892
51075 2.00826
51090 2.00588
51105 2.00479
51120 2.00466
51135 2.00479
51150 2.00575
51165 2.00636
51180 2.00059
51195 2.00027
51210 1.99971
51225 1.99919
51240 1.99783
51255 1.99707
51270 1.99717
51285 1.99509
51300 1.99343
51315 1.9917
51330 1.9904
51345 1.99049
51360 1.99054
51375 1.9903
51390 1.98977
51405 1.98954
51420 1.98808
51435 1.98643
51450 1.98642
51465 1.98663
51480 1.97936
51495 1.97831
51510 1.9761
51525 1.97504
51540 1.97483
51555 1.97383
51570 1.97252
51585 1.97237
51600 1.97091
51615 1.97047
51630 1.96867
51645 1.9682
51660 1.96626
51675 1.9646
51690 1.96433
51705 1.96383
51720 1.96042
51735 1.9581
51750 1.95723
51765 1.95726
51780 1.95661
51795 1.95579
51810 1.95643
51825 1.95461
51840 1.95374
51855 1.95409
51870 1.95218
51885 1.95153
51900 1.9487
51915 1.94787
51930 1.94653
51945 1.94646
51960 1.94582
51975 1.94535
51990 1.94454
52005 1.94257
52020 1.94131
52035 1.94107
52050 1.93977
52065 1.93621
52080 1.93474
52095 1.93264
52110 1.93007
52125 1.93006
52140 1.9299
52155 1.93096
52170 1.9311
52185 1.93152
52200 1.93107
52215 1.92916
52230 1.92599
52245 1.92705
52260 1.92638
52275 1.92519
52290 1.92534
52305 1.92364
52320 1.9237
52335 1.9233
52350 1.91991
52365 1.91956
52380 1.91905
52395 1.91971
52410 1.91893
52425 1.91891
52440 1.91872
52455 1.9172
52470 1.91755
52485 1.91712
52500 1.91597
52515 1.91738
52530 1.91698
52545 1.91635
52560 1.91567
52575 1.9162
52590 1.91586
52605 1.91484
52620 1.91399
52635 1.91287
52650 1.91341
52665 1.91353
52680 1.91297
52695 1.91395
52710 1.91269
52725 1.91301
52740 1.90871
52755 1.9088
52770 1.90886
52785 1.90784
52800 1.90769
52815 1.9075
52830 1.90823
52845 1.90827
52860 1.9076
52875 1.90697
52890 1.90638
52905 1.90544
52920 1.90482
52935 1.90554
52950 1.90221
52965 1.90089
52980 1.90096
52995 1.90134
53010 1.90051
53025 1.90092
53040 1.89969
53055 1.89883
53070 1.8987
53085 1.89849
53100 1.89692
53115 1.89741
53130 1.89687
53145 1.89607
53160 1.89438
53175 1.89331
53190 1.89328
53205 1.89332
53220 1.89275
53235 1.89287
53250 1.8918
53265 1.89201
53280 1.89048
53295 1.88837
53310 1.88731
53325 1.88637
53340 1.88546
53355 1.88483
53370 1.88397
53385 1.88376
53400 1.88371
53415 1.88345
53430 1.88234
53445 1.8819
53460 1.88137
53475 1.88124
53490 1.88125
53505 1.88001
53520 1.87885
53535 1.87779
53550 1.87745
53565 1.87815
53580 1.87743
53595 1.877
53610 1.87647
53625 1.87539
53640 1.87492
53655 1.87392
53670 1.87313
53685 1.87263
53700 1.87168
53715 1.87173
53730 1.86847
53745 1.86808
53760 1.86744
53775 1.86698
53790 1.86646
53805 1.86514
53820 1.86479
53835 1.86425
53850 1.86378
53865 1.86376
53880 1.86285
53895 1.8627
53910 1.86294
53925 1.86303
53940 1.86277
53955 1.86281
53970 1.86123
53985 1.861
54000 1.86156
54015 1.86151
54030 1.86051
54045 1.85999
54060 1.85931
54075 1.85953
54090 1.85948
54105 1.85728
54120 1.8565
54135 1.85632
54150 1.85596
54165 1.85381
54180 1.85323
54195 1.85244
54210 1.85126
54225 1.85097
54240 1.84989
54255 1.84915
54270 1.84902
54285 1.84899
54300 1.84865
54315 1.84801
54330 1.84745
54345 1.84622
54360 1.84663
54375 1.84634
54390 1.84662
54405 1.84612
54420 1.84534
54435 1.84549
54450 1.8457
54465 1.84584
54480 1.84612
54495 1.84493
54510 1.84468
54525 1.84297
54540 1.84245
54555 1.84041
54570 1.84064
54585 1.84075
54600 1.84103
54615 1.84088
54630 1.84101
54645 1.84104
54660 1.84019
54675 1.84074
54690 1.84017
54705 1.83958
54720 1.83899
54735 1.83882
54750 1.83836
54765 1.83752
54780 1.83643
54795 1.83502
54810 1.8344
54825 1.83443
54840 1.83439
54855 1.83382
54870 1.8319
54885 1.83113
54900 1.83049
54915 1.83032
54930 1.83056
54945 1.83024
54960 1.82665
54975 1.82574
54990 1.82563
55005 1.82547
55020 1.82555
55035 1.82552
55050 1.82527
55065 1.8253
55080 1.82437
55095 1.82364
55110 1.82133
55125 1.82007
55140 1.82048
55155 1.82001
55170 1.81982
55185 1.8197
55200 1.81829
55215 1.81763
55230 1.81225
55245 1.81199
55260 1.81184
55275 1.81183
55290 1.81102
55305 1.81032
55320 1.81012
55335 1.80852
55350 1.80741
55365 1.80802
55380 1.80789
55395 1.8068
55410 1.80692
55425 1.80701
55440 1.80643
55455 1.80565
55470 1.80484
55485 1.804
55500 1.804
55515 1.80441
55530 1.80436
55545 1.80436
55560 1.80417
55575 1.8041
55590 1.80408
55605 1.80396
55620 1.80251
55635 1.8016
55650 1.80154
55665 1.8013
55680 1.80118
55695 1.80097
55710 1.80077
55725 1.80044
55740 1.80049
55755 1.79978
55770 1.79925
55785 1.79878
55800 1.79837
55815 1.79828
55830 1.79893
55845 1.79875
55860 1.79499
55875 1.79335
55890 1.79286
55905 1.79067
55920 1.78922
55935 1.78771
55950 1.78804
55965 1.78776
55980 1.78791
55995 1.78769
56010 1.7868
56025 1.78718
56040 1.78301
56055 1.78267
56070 1.783
56085 1.78279
56100 1.78279
56115 1.78209
56130 1.78105
56145 1.78008
56160 1.77948
56175 1.77861
56190 1.77816
56205 1.77754
56220 1.77651
56235 1.77678
56250 1.77635
56265 1.77571
56280 1.77524
56295 1.77471
56310 1.77432
56325 1.77343
56340 1.77154
56355 1.77109
56370 1.76863
56385 1.76819
56400 1.76779
56415 1.76658
56430 1.76583
56445 1.76228
56460 1.76208
56475 1.76182
56490 1.76179
56505 1.76057
56520 1.76025
56535 1.76052
56550 1.76073
56565 1.7612
56580 1.76141
56595 1.7609
56610 1.76092
56625 1.76094
56640 1.76091
56655 1.76049
56670 1.76039
56685 1.75967
56700 1.75887
56715 1.75696
56730 1.75511
56745 1.75546
56760 1.75603
56775 1.75563
56790 1.75488
56805 1.75475
56820 1.75437
56835 1.7537
56850 1.75226
56865 1.75111
56880 1.75122
56895 1.75039
56910 1.74985
56925 1.75036
56940 1.74945
56955 1.74915
56970 1.74312
56985 1.74269
57000 1.74131
57015 1.74145
57030 1.74051
57045 1.74022
57060 1.73956
57075 1.73828
57090 1.7383
57105 1.73807
57120 1.73796
57135 1.73794
57150 1.73738
57165 1.73745
57180 1.73605
57195 1.73484
57210 1.73372
57225 1.73341
57240 1.73334
57255 1.73449
57270 1.73418
57285 1.73369
57300 1.73363
57315 1.73422
57330 1.73374
57345 1.73271
57360 1.73026
57375 1.72989
57390 1.729
57405 1.72862
57420 1.72834
57435 1.72875
57450 1.72825
57465 1.72755
57480 1.72711
57495 1.72685
57510 1.7248
57525 1.72327
57540 1.72316
57555 1.72285
57570 1.72287
57585 1.72248
57600 1.72287
57615 1.72085
57630 1.72065
57645 1.71692
57660 1.71608
57675 1.7153
57690 1.7149
57705 1.71461
57720 1.71441
57735 1.71387
57750 1.71199
57765 1.71199
57780 1.71158
57795 1.71138
57810 1.71122
57825 1.70937
57840 1.70885
57855 1.70819
57870 1.70777
57885 1.70761
57900 1.7073
57915 1.70677
57930 1.7057
57945 1.70474
57960 1.70456
57975 1.70461
57990 1.70446
58005 1.70437
58020 1.70391
58035 1.7025
58050 1.70227
58065 1.70311
58080 1.70261
58095 1.70268
58110 1.70244
58125 1.70227
58140 1.70255
58155 1.70182
58170 1.70161
58185 1.70085
58200 1.6999
58215 1.70082
58230 1.70071
58245 1.6998
58260 1.69898
58275 1.69813
58290 1.69774
58305 1.69801
58320 1.69761
58335 1.69709
58350 1.69718
58365 1.69714
58380 1.69635
58395 1.69593
58410 1.69524
58425 1.6955
58440 1.69494
58455 1.69378
58470 1.69385
58485 1.69405
58500 1.69361
58515 1.69345
58530 1.6925
58545 1.69138
58560 1.69057
58575 1.69035
58590 1.68945
58605 1.68811
58620 1.68782
58635 1.68733
58650 1.68774
58665 1.68727
58680 1.68681
58695 1.68563
58710 1.68565
58725 1.68428
58740 1.68387
58755 1.68217
58770 1.68218
58785 1.68183
58800 1.6817
58815 1.6812
58830 1.68153
58845 1.68131
58860 1.6806
58875 1.67981
58890 1.67959
58905 1.67929
58920 1.67866
58935 1.67706
58950 1.6772
58965 1.67683
58980 1.67704
58995 1.67653
59010 1.67642
59025 1.67631
59040 1.67615
59055 1.67596
59070 1.67543
59085 1.67533
59100 1.6753
59115 1.673
59130 1.67078
59145 1.67086
59160 1.66992
59175 1.66933
59190 1.66896
59205 1.66918
59220 1.66893
59235 1.66943
59250 1.66802
59265 1.66729
59280 1.6676
59295 1.66751
59310 1.66737
59325 1.66653
59340 1.66651
59355 1.66565
59370 1.66538
59385 1.66276
59400 1.66007
59415 1.66039
59430 1.66044
59445 1.66032
59460 1.65907
59475 1.65833
59490 1.65805
59505 1.65771
59520 1.65682
59535 1.65572
59550 1.65471
59565 1.65322
59580 1.65252
59595 1.65222
59610 1.65189
59625 1.65161
59640 1.65126
59655 1.65135
59670 1.65028
59685 1.64983
59700 1.64956
59715 1.64809
59730 1.64809
59745 1.64822
59760 1.64789
59775 1.64801
59790 1.64754
59805 1.64671
59820 1.64638
59835 1.64661
59850 1.64631
59865 1.64572
59880 1.64492
59895 1.6434
59910 1.64341
59925 1.64322
59940 1.64195
59955 1.64139
59970 1.64108
59985 1.64109
60000 1.64069
60015 1.64071
60030 1.64008
60045 1.63885
60060 1.638
60075 1.63747
60090 1.63734
60105 1.63676
60120 1.63552
60135 1.63563
60150 1.63521
60165 1.63506
60180 1.63514
60195 1.63436
60210 1.63434
60225 1.63373
60240 1.63245
60255 1.63244
60270 1.63254
60285 1.63187
60300 1.63143
60315 1.63095
60330 1.63069
60345 1.63097
60360 1.63086
60375 1.63123
60390 1.63133
60405 1.63091
60420 1.62935
60435 1.62852
60450 1.62863
60465 1.62731
60480 1.62588
60495 1.62565
60510 1.62617
60525 1.62449
60540 1.6249
60555 1.62478
60570 1.62402
60585 1.62251
60600 1.62238
60615 1.62038
60630 1.62009
60645 1.62029
60660 1.62007
60675 1.61888
60690 1.61892
60705 1.61869
60720 1.61707
60735 1.61659
60750 1.61654
60765 1.61629
60780 1.61629
60795 1.61526
60810 1.6148
60825 1.61497
60840 1.61504
60855 1.61463
60870 1.61427
60885 1.61399
60900 1.61309
60915 1.61311
60930 1.61286
60945 1.61256
60960 1.61208
60975 1.61183
60990 1.61173
61005 1.61164
61020 1.61105
61035 1.61095
61050 1.60961
61065 1.6093
61080 1.60905
61095 1.60838
61110 1.6078
61125 1.60747
61140 1.60767
61155 1.60734
61170 1.60691
61185 1.60643
61200 1.60616
61215 1.60585
61230 1.60469
61245 1.60288
61260 1.60293
61275 1.59764
61290 1.59749
61305 1.59729
61320 1.59659
61335 1.59604
61350 1.59522
61365 1.59546
61380 1.59514
61395 1.59446
61410 1.59445
61425 1.59379
61440 1.59393
61455 1.59304
61470 1.59231
61485 1.59237
61500 1.59259
61515 1.59243
61530 1.59189
61545 1.59214
61560 1.59173
61575 1.59202
61590 1.5909
61605 1.59095
61620 1.59119
61635 1.5913
61650 1.59085
61665 1.59066
61680 1.59073
61695 1.59058
61710 1.59069
61725 1.58999
61740 1.58979
61755 1.5891
61770 1.58928
61785 1.58869
61800 1.5886
61815 1.58901
61830 1.58878
61845 1.58885
61860 1.58903
61875 1.58913
61890 1.58947
61905 1.58967
61920 1.58965
61935 1.58867
61950 1.58857
61965 1.58881
61980 1.58875
61995 1.58879
62010 1.58954
62025 1.58874
62040 1.58894
62055 1.5888
62070 1.58875
62085 1.5885
62100 1.5883
62115 1.58777
62130 1.587
62145 1.58612
62160 1.58634
62175 1.58661
62190 1.58576
62205 1.58562
62220 1.58407
62235 1.58395
62250 1.58391
62265 1.5827
62280 1.58127
62295 1.57982
62310 1.57925
62325 1.57954
62340 1.57939
62355 1.57892
62370 1.57927
62385 1.5789
62400 1.57899
62415 1.57787
62430 1.57668
62445 1.57672
62460 1.57639
62475 1.57509
62490 1.57498
62505 1.57494
62520 1.57423
62535 1.5742
62550 1.57359
62565 1.57318
62580 1.57265
62595 1.57269
62610 1.57238
62625 1.57174
62640 1.57107
62655 1.57074
62670 1.56993
62685 1.56928
62700 1.56795
62715 1.56788
62730 1.56788
62745 1.56723
62760 1.56615
62775 1.56683
62790 1.56696
62805 1.56708
62820 1.56701
62835 1.56626
62850 1.56468
62865 1.5649
62880 1.56369
62895 1.56223
62910 1.5625
62925 1.56163
62940 1.56224
62955 1.56237
62970 1.56222
62985 1.56022
63000 1.56005
63015 1.55991
63030 1.55932
63045 1.559
63060 1.55903
63075 1.55744
63090 1.5572
63105 1.55604
63120 1.55542
63135 1.55516
63150 1.55468
63165 1.55376
63180 1.55369
63195 1.55353
63210 1.55334
63225 1.5532
63240 1.55284
63255 1.55232
63270 1.55219
63285 1.55177
63300 1.55167
63315 1.5514
63330 1.55115
63345 1.55042
63360 1.5506
63375 1.54907
63390 1.54927
63405 1.54924
63420 1.54867
63435 1.5487
63450 1.54875
63465 1.54848
63480 1.54579
63495 1.54581
63510 1.54544
63525 1.54395
63540 1.5442
63555 1.54426
63570 1.54436
63585 1.54311
63600 1.54297
63615 1.54191
63630 1.54177
63645 1.54163
63660 1.54176
63675 1.5418
63690 1.54159
63705 1.54174
63720 1.54168
63735 1.54157
63750 1.54083
63765 1.5408
63780 1.5398
63795 1.53966
63810 1.53954
63825 1.53921
63840 1.53924
63855 1.53803
63870 1.53802
63885 1.53781
63900 1.5363
63915 1.53654
63930 1.53626
63945 1.53594
63960 1.53515
63975 1.53539
63990 1.53486
64005 1.53425
64020 1.53414
64035 1.53349
64050 1.5333
64065 1.53363
64080 1.53363
64095 1.53177
64110 1.53166
64125 1.53165
64140 1.53154
64155 1.53113
64170 1.53091
64185 1.53072
64200 1.53038
64215 1.53053
64230 1.5302
64245 1.52953
64260 1.52981
64275 1.52914
64290 1.52822
64305 1.52821
64320 1.52802
64335 1.52825
64350 1.52758
64365 1.52724
64380 1.52741
64395 1.52734
64410 1.52729
64425 1.5271
64440 1.52536
64455 1.52523
64470 1.52514
64485 1.52485
64500 1.52526
64515 1.5245
64530 1.52475
64545 1.52469
64560 1.52302
64575 1.52276
64590 1.52294
64605 1.52301
64620 1.523
64635 1.52188
64650 1.52172
64665 1.52134
64680 1.52147
64695 1.52119
64710 1.52134
64725 1.52182
64740 1.52137
64755 1.52079
64770 1.51864
64785 1.51787
64800 1.51802
64815 1.51758
64830 1.51709
64845 1.51668
64860 1.51653
64875 1.51673
64890 1.51696
64905 1.51544
64920 1.51521
64935 1.51522
64950 1.51393
64965 1.51393
64980 1.51282
64995 1.51216
65010 1.51135
65025 1.51087
65040 1.51061
65055 1.51005
65070 1.51
65085 1.50954
65100 1.50952
65115 1.50933
65130 1.50892
65145 1.50873
65160 1.50836
65175 1.5084
65190 1.50664
65205 1.50638
65220 1.50593
65235 1.50543
65250 1.50568
65265 1.50557
65280 1.50553
65295 1.50546
65310 1.50542
65325 1.50559
65340 1.50579
65355 1.50567
65370 1.50425
65385 1.50394
65400 1.50372
65415 1.50321
65430 1.50284
65445 1.50256
65460 1.50271
65475 1.50233
65490 1.50259
65505 1.50209
65520 1.50222
65535 1.50212
65550 1.50237
65565 1.50174
65580 1.50172
65595 1.50152
65610 1.50105
65625 1.50071
65640 1.50038
65655 1.50024
65670 1.50025
65685 1.50007
65700 1.49998
65715 1.49937
65730 1.49935
65745 1.49904
65760 1.49879
65775 1.49842
65790 1.49739
65805 1.49738
65820 1.49465
65835 1.49474
65850 1.49481
65865 1.4947
65880 1.49354
65895 1.49334
65910 1.49322
65925 1.49314
65940 1.49313
65955 1.49321
65970 1.49281
65985 1.49243
66000 1.4917
66015 1.49135
66030 1.49099
66045 1.49005
66060 1.48979
66075 1.48988
66090 1.49022
66105 1.49059
66120 1.49024
66135 1.4901
66150 1.48985
66165 1.49001
66180 1.48989
66195 1.48813
66210 1.48838
66225 1.48859
66240 1.48728
66255 1.48679
66270 1.48606
66285 1.48575
66300 1.48578
66315 1.48556
66330 1.48561
66345 1.4855
66360 1.48432
66375 1.48425
66390 1.48322
66405 1.48265
66420 1.48214
66435 1.48141
66450 1.48136
66465 1.4811
66480 1.48117
66495 1.48123
66510 1.48089
66525 1.4808
66540 1.48062
66555 1.48061
66570 1.47975
66585 1.47987
66600 1.47986
66615 1.47962
66630 1.47928
66645 1.4794
66660 1.4755
66675 1.47476
66690 1.47323
66705 1.47333
66720 1.47257
66735 1.47051
66750 1.47023
66765 1.47036
66780 1.47013
66795 1.47014
66810 1.46859
66825 1.46751
66840 1.4675
66855 1.46617
66870 1.46573
66885 1.46546
66900 1.46526
66915 1.46532
66930 1.46461
66945 1.46424
66960 1.46363
66975 1.46326
66990 1.46314
67005 1.463
67020 1.46315
67035 1.46294
67050 1.46309
67065 1.46177
67080 1.46182
67095 1.46017
67110 1.45941
67125 1.45886
67140 1.45865
67155 1.45821
67170 1.45803
67185 1.45794
67200 1.45773
67215 1.45719
67230 1.4571
67245 1.45681
67260 1.45662
67275 1.45665
67290 1.45599
67305 1.45569
67320 1.45622
67335 1.45604
67350 1.45619
67365 1.45588
67380 1.45565
67395 1.45537
67410 1.45419
67425 1.45403
67440 1.45411
67455 1.45372
67470 1.45382
67485 1.45298
67500 1.4534
67515 1.45311
67530 1.45289
67545 1.45268
67560 1.45263
67575 1.4524
67590 1.45208
67605 1.45157
67620 1.45077
67635 1.45079
67650 1.44973
67665 1.44884
67680 1.44927
67695 1.44889
67710 1.44835
67725 1.44821
67740 1.44724
67755 1.44709
67770 1.44689
67785 1.44642
67800 1.44662
67815 1.44645
67830 1.44665
67845 1.44608
67860 1.44644
67875 1.44583
67890 1.446
67905 1.44608
67920 1.44609
67935 1.44611
67950 1.44584
67965 1.44579
67980 1.4459
67995 1.4458
68010 1.44507
68025 1.44491
68040 1.4449
68055 1.44466
68070 1.44449
68085 1.44457
68100 1.44435
68115 1.44419
68130 1.44458
68145 1.44472
68160 1.44481
68175 1.44419
68190 1.44423
68205 1.44355
68220 1.44363
68235 1.44342
68250 1.4427
68265 1.44275
68280 1.4426
68295 1.44217
68310 1.44215
68325 1.44167
68340 1.44153
68355 1.44099
68370 1.44116
68385 1.44072
68400 1.43908
68415 1.4388
68430 1.43873
68445 1.43872
68460 1.43877
68475 1.43847
68490 1.43822
68505 1.438
68520 1.43779
68535 1.43802
68550 1.43767
68565 1.43763
68580 1.43736
68595 1.43754
68610 1.43679
68625 1.43644
68640 1.4362
68655 1.43592
68670 1.43536
68685 1.43451
68700 1.43389
68715 1.43224
68730 1.43182
68745 1.43145
68760 1.43009
68775 1.43004
68790 1.43052
68805 1.43033
68820 1.43028
68835 1.42978
68850 1.42908
68865 1.42917
68880 1.42868
68895 1.42889
68910 1.42837
68925 1.42812
68940 1.42804
68955 1.42779
68970 1.42744
68985 1.42685
69000 1.42653
69015 1.42643
69030 1.42553
69045 1.42569
69060 1.42517
69075 1.42501
69090 1.4248
69105 1.42474
69120 1.42524
69135 1.42519
69150 1.42526
69165 1.42421
69180 1.4239
69195 1.42372
69210 1.42363
69225 1.42351
69240 1.42346
69255 1.42355
69270 1.42338
69285 1.42262
69300 1.42243
69315 1.42228
69330 1.42221
69345 1.42083
69360 1.42094
69375 1.42114
69390 1.42093
69405 1.4197
69420 1.41924
69435 1.41935
69450 1.41866
69465 1.41863
69480 1.41839
69495 1.41762
69510 1.41664
69525 1.41623
69540 1.4155
69555 1.41478
69570 1.4143
69585 1.41416
69600 1.41416
69615 1.41293
69630 1.41258
69645 1.41256
69660 1.41243
69675 1.41233
69690 1.41245
69705 1.41269
69720 1.41298
69735 1.41271
69750 1.41283
69765 1.41263
69780 1.41249
69795 1.41257
69810 1.41223
69825 1.41241
69840 1.41251
69855 1.41174
69870 1.41194
69885 1.41158
69900 1.41162
69915 1.41052
69930 1.41062
69945 1.41046
69960 1.41059
69975 1.41062
69990 1.40975
70005 1.40973
70020 1.40975
70035 1.40988
70050 1.41015
70065 1.41055
70080 1.41061
70095 1.41062
70110 1.41018
70125 1.41016
70140 1.40981
70155 1.40807
70170 1.4078
70185 1.40836
70200 1.40856
70215 1.4084
70230 1.40838
70245 1.40716
70260 1.40715
70275 1.40681
70290 1.40705
70305 1.40673
70320 1.40689
70335 1.40655
70350 1.40634
70365 1.40563
70380 1.40532
70395 1.40477
70410 1.40483
70425 1.40436
70440 1.40348
70455 1.40358
70470 1.40342
70485 1.40307
70500 1.40197
70515 1.40186
70530 1.40161
70545 1.40132
70560 1.40069
70575 1.40044
70590 1.40048
70605 1.4006
70620 1.40006
70635 1.40015
70650 1.39985
70665 1.39978
70680 1.39988
70695 1.39983
70710 1.39985
70725 1.39972
70740 1.39955
70755 1.39955
70770 1.39938
70785 1.39901
70800 1.39897
70815 1.39862
70830 1.39837
70845 1.39847
70860 1.39803
70875 1.3982
70890 1.39763
70905 1.39745
70920 1.39686
70935 1.39706
70950 1.39704
70965 1.39575
70980 1.39537
70995 1.39545
71010 1.39332
71025 1.39316
71040 1.39309
71055 1.39292
71070 1.39272
71085 1.3927
71100 1.39258
71115 1.3931
71130 1.39305
71145 1.39283
71160 1.39298
71175 1.393
71190 1.39286
71205 1.39282
71220 1.39288
71235 1.39297
71250 1.39288
71265 1.39266
71280 1.39224
71295 1.39225
71310 1.39231
71325 1.39243
71340 1.39185
71355 1.39154
71370 1.39164
71385 1.39064
71400 1.39054
71415 1.3904
71430 1.39015
71445 1.39022
71460 1.38972
71475 1.38953
71490 1.38934
71505 1.38946
71520 1.38928
71535 1.38906
71550 1.38817
71565 1.38839
71580 1.38879
71595 1.38832
71610 1.38869
71625 1.38866
71640 1.38832
71655 1.38714
71670 1.3871
71685 1.38684
71700 1.38678
71715 1.38683
71730 1.38661
71745 1.38634
71760 1.38635
71775 1.38642
71790 1.38617
71805 1.38646
71820 1.38607
71835 1.38599
71850 1.38603
71865 1.38573
71880 1.38538
71895 1.38516
71910 1.38532
71925 1.3857
71940 1.38555
71955 1.38541
71970 1.38526
71985 1.38507
72000 1.38501
72015 1.38431
72030 1.38439
72045 1.38431
72060 1.38413
72075 1.38423
72090 1.3842
72105 1.3844
72120 1.3836
72135 1.38393
72150 1.38395
72165 1.3839
72180 1.38286
72195 1.38275
72210 1.38283
72225 1.38284
72240 1.38263
72255 1.38255
72270 1.38263
72285 1.38198
72300 1.38173
72315 1.3816
72330 1.38171
72345 1.38185
72360 1.38132
72375 1.38156
72390 1.38142
72405 1.38141
72420 1.38135
72435 1.38144
72450 1.38088
72465 1.37988
72480 1.37992
72495 1.37976
72510 1.37915
72525 1.37828
72540 1.37714
72555 1.37702
72570 1.37633
72585 1.37545
72600 1.3743
72615 1.37431
72630 1.37348
72645 1.37275
72660 1.37279
72675 1.37267
72690 1.37271
72705 1.37151
72720 1.37153
72735 1.3712
72750 1.37115
72765 1.37119
72780 1.37129
72795 1.37103
72810 1.37082
72825 1.37048
72840 1.37056
72855 1.37013
72870 1.37009
72885 1.36684
72900 1.36694
72915 1.36665
72930 1.36678
72945 1.36677
72960 1.36654
72975 1.36661
72990 1.36618
73005 1.36609
73020 1.36639
73035 1.36574
73050 1.36558
73065 1.36556
73080 1.36535
73095 1.36539
73110 1.36483
73125 1.36462
73140 1.36474
73155 1.36487
73170 1.36491
73185 1.36489
73200 1.36515
73215 1.36526
73230 1.36508
73245 1.36507
73260 1.36497
73275 1.36526
73290 1.36438
73305 1.36395
73320 1.36364
73335 1.36377
73350 1.36371
73365 1.36386
73380 1.36278
73395 1.3613
73410 1.3615
73425 1.36152
73440 1.36135
73455 1.36146
73470 1.36141
73485 1.36148
73500 1.36102
73515 1.36085
73530 1.36075
73545 1.36091
73560 1.361
73575 1.36122
73590 1.36092
73605 1.36006
73620 1.36007
73635 1.36008
73650 1.3601
73665 1.35957
73680 1.35998
73695 1.35995
73710 1.36032
73725 1.36012
73740 1.36019
73755 1.35978
73770 1.35976
73785 1.35994
73800 1.35976
73815 1.35934
73830 1.35913
73845 1.35906
73860 1.35957
73875 1.35929
73890 1.35952
73905 1.35968
73920 1.35978
73935 1.36003
73950 1.36003
73965 1.35992
73980 1.35974
73995 1.35962
74010 1.3598
74025 1.35971
74040 1.35954
74055 1.35947
74070 1.35883
74085 1.35863
74100 1.35764
74115 1.3577
74130 1.35754
74145 1.35754
74160 1.35736
74175 1.35686
74190 1.35623
74205 1.35598
74220 1.35535
74235 1.35548
74250 1.3546
74265 1.35493
74280 1.35499
74295 1.35509
74310 1.35526
74325 1.35467
74340 1.35422
74355 1.35428
74370 1.35415
74385 1.35304
74400 1.35297
74415 1.35287
74430 1.35321
74445 1.35311
74460 1.35271
74475 1.35248
74490 1.35229
74505 1.35188
74520 1.35174
74535 1.35185
74550 1.35164
74565 1.35068
74580 1.3509
74595 1.35086
74610 1.35095
74625 1.35097
74640 1.35102
74655 1.35114
74670 1.35082
74685 1.35009
74700 1.34994
74715 1.34987
74730 1.34955
74745 1.34922
74760 1.34749
74775 1.34713
74790 1.34757
74805 1.34764
74820 1.34779
74835 1.34781
74850 1.34737
74865 1.34735
74880 1.34712
74895 1.34635
74910 1.34633
74925 1.34581
74940 1.34592
74955 1.34592
74970 1.3454
74985 1.34548
