0 1
15 1.00011
30 1.00017
45 1.00023
60 1.00029
75 1.0007
90 1.00124
105 1.00189
120 1.00213
135 1.00354
150 1.00454
165 1.00637
180 1.00689
195 1.00741
210 1.00882
225 1.0094
240 1.00999
255 1.01057
270 1.01115
285 1.01175
300 1.01231
315 1.0129
330 1.01348
345 1.01404
360 1.01459
375 1.01516
390 1.01575
405 1.01633
420 1.0169
435 1.01744
450 1.01797
465 1.01851
480 1.01904
495 1.0196
510 1.02016
525 1.02083
540 1.02152
555 1.02205
570 1.02264
585 1.02321
600 1.02376
615 1.02434
630 1.02491
645 1.02546
660 1.02606
675 1.02664
690 1.02715
705 1.02791
720 1.02845
735 1.02903
750 1.02957
765 1.03015
780 1.03069
795 1.03154
810 1.03241
825 1.03295
840 1.03353
855 1.03411
870 1.03469
885 1.03574
900 1.03673
915 1.03733
930 1.03792
945 1.03853
960 1.03915
975 1.03975
990 1.04034
1005 1.04138
1020 1.04196
1035 1.04303
1050 1.04365
1065 1.04435
1080 1.04495
1095 1.04556
1110 1.04618
1125 1.04678
1140 1.04742
1155 1.04806
1170 1.04867
1185 1.04931
1200 1.04996
1215 1.05058
1230 1.05122
1245 1.05184
1260 1.05243
1275 1.05364
1290 1.05426
1305 1.05492
1320 1.05559
1335 1.0563
1350 1.05692
1365 1.05757
1380 1.05824
1395 1.0589
1410 1.05966
1425 1.06033
1440 1.061
1455 1.06163
1470 1.06228
1485 1.06297
1500 1.06363
1515 1.06427
1530 1.06495
1545 1.06562
1560 1.06628
1575 1.06691
1590 1.0676
1605 1.06826
1620 1.06893
1635 1.06957
1650 1.07039
1665 1.07108
1680 1.07199
1695 1.07265
1710 1.07328
1725 1.07392
1740 1.07461
1755 1.07526
1770 1.0759
1785 1.07652
1800 1.07719
1815 1.07788
1830 1.07853
1845 1.07923
1860 1.07991
1875 1.08068
1890 1.08136
1905 1.08199
1920 1.08264
1935 1.0833
1950 1.08403
1965 1.0847
1980 1.08538
1995 1.08668
2010 1.08739
2025 1.08809
2040 1.08878
2055 1.08948
2070 1.0902
2085 1.09093
2100 1.09159
2115 1.09226
2130 1.09295
2145 1.0937
2160 1.09439
2175 1.09507
2190 1.09579
2205 1.09651
2220 1.09718
2235 1.09791
2250 1.09863
2265 1.09933
2280 1.10004
2295 1.10072
2310 1.10145
2325 1.10215
2340 1.10291
2355 1.10368
2370 1.10435
2385 1.10507
2400 1.10575
2415 1.10644
2430 1.10719
2445 1.10791
2460 1.10861
2475 1.10931
2490 1.11008
2505 1.1108
2520 1.11148
2535 1.1122
2550 1.11347
2565 1.11416
2580 1.1149
2595 1.11562
2610 1.11636
2625 1.11712
2640 1.11782
2655 1.11853
2670 1.11931
2685 1.12011
2700 1.1208
2715 1.12159
2730 1.12256
2745 1.12338
2760 1.1241
2775 1.12484
2790 1.12559
2805 1.12668
2820 1.12747
2835 1.12821
2850 1.12894
2865 1.12969
2880 1.13041
2895 1.13117
2910 1.13193
2925 1.13267
2940 1.13338
2955 1.13408
2970 1.13485
2985 1.13558
3000 1.13629
3015 1.13708
3030 1.1378
3045 1.13847
3060 1.13926
3075 1.13995
3090 1.14073
3105 1.14146
3120 1.14224
3135 1.14306
3150 1.14384
3165 1.14481
3180 1.14562
3195 1.14641
3210 1.14721
3225 1.14804
3240 1.14889
3255 1.14968
3270 1.1505
3285 1.1515
3300 1.15226
3315 1.15303
3330 1.15377
3345 1.15451
3360 1.15516
3375 1.15588
3390 1.15673
3405 1.15752
3420 1.1585
3435 1.15935
3450 1.16009
3465 1.16093
3480 1.16173
3495 1.16249
3510 1.16332
3525 1.16411
3540 1.16497
3555 1.16578
3570 1.16657
3585 1.16734
3600 1.16816
3615 1.16898
3630 1.16976
3645 1.17059
3660 1.17142
3675 1.17217
3690 1.17296
3705 1.17383
3720 1.17461
3735 1.17539
3750 1.17615
3765 1.17696
3780 1.17782
3795 1.17872
3810 1.17957
3825 1.1804
3840 1.18119
3855 1.18224
3870 1.18297
3885 1.18381
3900 1.1847
3915 1.18553
3930 1.18639
3945 1.1872
3960 1.18807
3975 1.1889
3990 1.18965
4005 1.19061
4020 1.1915
4035 1.1924
4050 1.19322
4065 1.19402
4080 1.19497
4095 1.19585
4110 1.19665
4125 1.19745
4140 1.19828
4155 1.19913
4170 1.19993
4185 1.20079
4200 1.20165
4215 1.20246
4230 1.2033
4245 1.20417
4260 1.20497
4275 1.20583
4290 1.20662
4305 1.20744
4320 1.2084
4335 1.20923
4350 1.2101
4365 1.21092
4380 1.21209
4395 1.21295
4410 1.21378
4425 1.21472
4440 1.21561
4455 1.21654
4470 1.21732
4485 1.21812
4500 1.21892
4515 1.21976
4530 1.22061
4545 1.22151
4560 1.22242
4575 1.22328
4590 1.22411
4605 1.22496
4620 1.22584
4635 1.22663
4650 1.22746
4665 1.22834
4680 1.2292
4695 1.23016
4710 1.23108
4725 1.2319
4740 1.23276
4755 1.23376
4770 1.23466
4785 1.2356
4800 1.23657
4815 1.23746
4830 1.23831
4845 1.23923
4860 1.24013
4875 1.24101
4890 1.24188
4905 1.24283
4920 1.24368
4935 1.24453
4950 1.24549
4965 1.2464
4980 1.24725
4995 1.24839
5010 1.24938
5025 1.25032
5040 1.25122
5055 1.25209
5070 1.25298
5085 1.2539
5100 1.25481
5115 1.25577
5130 1.25674
5145 1.25766
5160 1.25852
5175 1.25944
5190 1.26034
5205 1.26133
5220 1.26224
5235 1.2632
5250 1.26411
5265 1.26495
5280 1.26598
5295 1.26693
5310 1.26784
5325 1.26884
5340 1.26996
5355 1.27093
5370 1.27184
5385 1.27268
5400 1.27362
5415 1.27461
5430 1.27558
5445 1.27661
5460 1.27757
5475 1.27883
5490 1.27979
5505 1.28078
5520 1.28171
5535 1.28263
5550 1.28368
5565 1.28461
5580 1.28564
5595 1.28653
5610 1.28741
5625 1.28832
5640 1.28941
5655 1.29033
5670 1.29139
5685 1.29238
5700 1.29334
5715 1.29428
5730 1.29523
5745 1.2962
5760 1.29718
5775 1.29821
5790 1.29923
5805 1.30019
5820 1.30118
5835 1.30222
5850 1.30316
5865 1.3042
5880 1.30522
5895 1.30624
5910 1.30724
5925 1.30823
5940 1.30929
5955 1.31032
5970 1.31122
5985 1.31229
6000 1.31331
6015 1.31439
6030 1.31542
6045 1.31637
6060 1.31742
6075 1.31845
6090 1.31934
6105 1.32028
6120 1.32135
6135 1.32243
6150 1.32339
6165 1.32435
6180 1.32556
6195 1.32658
6210 1.32786
6225 1.3289
6240 1.32971
6255 1.33074
6270 1.33181
6285 1.33286
6300 1.33389
6315 1.33495
6330 1.33588
6345 1.33759
6360 1.33878
6375 1.33981
6390 1.34121
6405 1.34237
6420 1.34349
6435 1.34457
6450 1.34547
6465 1.34675
6480 1.34795
6495 1.34901
6510 1.35006
6525 1.35124
6540 1.35233
6555 1.35371
6570 1.35475
6585 1.35594
6600 1.35687
6615 1.35793
6630 1.35897
6645 1.36022
6660 1.36136
6675 1.36237
6690 1.36334
6705 1.36457
6720 1.36566
6735 1.36653
6750 1.36759
6765 1.36875
6780 1.36978
6795 1.37083
6810 1.37188
6825 1.37301
6840 1.37417
6855 1.37529
6870 1.37665
6885 1.3779
6900 1.37901
6915 1.38015
6930 1.3815
6945 1.38248
6960 1.38374
6975 1.3848
6990 1.38594
7005 1.38681
7020 1.38788
7035 1.38901
7050 1.39029
7065 1.39124
7080 1.39243
7095 1.39366
7110 1.39484
7125 1.3959
7140 1.39697
7155 1.3981
7170 1.39928
7185 1.40058
7200 1.4017
7215 1.40279
7230 1.40394
7245 1.4052
7260 1.40633
7275 1.40743
7290 1.40852
7305 1.40977
7320 1.41098
7335 1.41222
7350 1.41365
7365 1.41484
7380 1.41604
7395 1.41705
7410 1.41838
7425 1.41966
7440 1.42082
7455 1.42187
7470 1.42298
7485 1.42404
7500 1.42516
7515 1.42635
7530 1.42744
7545 1.42865
7560 1.42987
7575 1.43103
7590 1.43224
7605 1.4335
7620 1.43476
7635 1.43608
7650 1.43718
7665 1.43832
7680 1.43932
7695 1.44067
7710 1.44207
7725 1.44326
7740 1.44456
7755 1.44576
7770 1.44688
7785 1.44806
7800 1.44919
7815 1.45023
7830 1.45152
7845 1.45278
7860 1.45404
7875 1.45515
7890 1.45631
7905 1.4574
7920 1.45872
7935 1.46038
7950 1.46174
7965 1.46304
7980 1.4645
7995 1.46566
8010 1.4668
8025 1.46802
8040 1.46931
8055 1.47069
8070 1.47178
8085 1.47297
8100 1.47422
8115 1.47563
8130 1.47707
8145 1.47851
8160 1.47967
8175 1.48097
8190 1.48216
8205 1.48332
8220 1.48444
8235 1.48614
8250 1.4874
8265 1.48858
8280 1.48973
8295 1.49098
8310 1.49215
8325 1.49336
8340 1.49466
8355 1.49599
8370 1.4973
8385 1.49863
8400 1.49998
8415 1.50133
8430 1.50263
8445 1.504
8460 1.50523
8475 1.50662
8490 1.50795
8505 1.50895
8520 1.51031
8535 1.51171
8550 1.51308
8565 1.51469
8580 1.51597
8595 1.51716
8610 1.51894
8625 1.52013
8640 1.52142
8655 1.52266
8670 1.52404
8685 1.52524
8700 1.52669
8715 1.52802
8730 1.52942
8745 1.53076
8760 1.53338
8775 1.53496
8790 1.53649
8805 1.53809
8820 1.53979
8835 1.54091
8850 1.54248
8865 1.54374
8880 1.54555
8895 1.54709
8910 1.5488
8925 1.55012
8940 1.55155
8955 1.55255
8970 1.55373
8985 1.55515
9000 1.55664
9015 1.55807
9030 1.55968
9045 1.56126
9060 1.56271
9075 1.5642
9090 1.5657
9105 1.56707
9120 1.56833
9135 1.56948
9150 1.57069
9165 1.57201
9180 1.57331
9195 1.57486
9210 1.57634
9225 1.5779
9240 1.57985
9255 1.58164
9270 1.58315
9285 1.58478
9300 1.58613
9315 1.5874
9330 1.58892
9345 1.59067
9360 1.59204
9375 1.59355
9390 1.5952
9405 1.59653
9420 1.59835
9435 1.59956
9450 1.6011
9465 1.60255
9480 1.60414
9495 1.60614
9510 1.6077
9525 1.60911
9540 1.61101
9555 1.61241
9570 1.61344
9585 1.61516
9600 1.6167
9615 1.61826
9630 1.61991
9645 1.62137
9660 1.6231
9675 1.6244
9690 1.62604
9705 1.62766
9720 1.62916
9735 1.63077
9750 1.6323
9765 1.63381
9780 1.63534
9795 1.63681
9810 1.6384
9825 1.6405
9840 1.64202
9855 1.64357
9870 1.64527
9885 1.64672
9900 1.6491
9915 1.65055
9930 1.65221
9945 1.65409
9960 1.65552
9975 1.65696
9990 1.65844
10005 1.66
10020 1.66172
10035 1.66339
10050 1.66496
10065 1.66675
10080 1.66858
10095 1.67033
10110 1.67206
10125 1.67372
10140 1.67522
10155 1.67675
10170 1.6781
10185 1.6794
10200 1.68081
10215 1.68242
10230 1.68423
10245 1.68623
10260 1.68781
10275 1.68941
10290 1.69104
10305 1.69284
10320 1.69442
10335 1.69639
10350 1.69793
10365 1.6998
10380 1.70168
10395 1.70344
10410 1.70543
10425 1.70781
10440 1.70924
10455 1.71096
10470 1.7125
10485 1.71409
10500 1.71607
10515 1.71776
10530 1.71976
10545 1.72166
10560 1.72338
10575 1.72488
10590 1.72671
10605 1.72849
10620 1.73053
10635 1.7324
10650 1.73417
10665 1.73607
10680 1.73773
10695 1.73978
10710 1.74151
10725 1.74317
10740 1.74475
10755 1.74663
10770 1.74827
10785 1.74983
10800 1.75164
10815 1.75331
10830 1.75504
10845 1.75691
10860 1.75884
10875 1.76069
10890 1.76247
10905 1.76433
10920 1.76629
10935 1.76805
10950 1.77004
10965 1.77241
10980 1.77441
10995 1.77666
11010 1.7787
11025 1.7808
11040 1.78293
11055 1.78472
11070 1.78625
11085 1.78819
11100 1.79038
11115 1.79245
11130 1.79395
11145 1.79566
11160 1.79754
11175 1.79953
11190 1.80143
11205 1.80318
11220 1.80487
11235 1.80662
11250 1.80857
11265 1.8101
11280 1.81189
11295 1.81382
11310 1.81576
11325 1.81779
11340 1.81947
11355 1.82143
11370 1.82321
11385 1.82567
11400 1.82755
11415 1.82973
11430 1.83151
11445 1.83358
11460 1.83549
11475 1.83714
11490 1.83904
11505 1.84103
11520 1.84291
11535 1.84392
11550 1.84642
11565 1.8486
11580 1.85085
11595 1.8526
11610 1.85426
11625 1.85623
11640 1.85813
11655 1.8601
11670 1.86194
11685 1.86369
11700 1.86561
11715 1.86715
11730 1.86933
11745 1.87178
11760 1.87402
11775 1.87645
11790 1.87913
11805 1.8816
11820 1.88362
11835 1.88575
11850 1.88793
11865 1.88974
11880 1.89157
11895 1.89359
11910 1.89574
11925 1.89753
11940 1.89948
11955 1.90165
11970 1.90383
11985 1.90572
12000 1.90782
12015 1.91002
12030 1.91234
12045 1.91452
12060 1.91665
12075 1.91889
12090 1.92111
12105 1.92345
12120 1.92551
12135 1.92797
12150 1.9297
12165 1.93191
12180 1.93427
12195 1.93637
12210 1.93838
12225 1.94119
12240 1.94297
12255 1.94477
12270 1.9471
12285 1.94901
12300 1.95124
12315 1.95323
12330 1.95545
12345 1.95778
12360 1.96024
12375 1.96277
12390 1.96427
12405 1.96651
12420 1.96896
12435 1.97108
12450 1.97318
12465 1.97588
12480 1.97861
12495 1.98062
12510 1.9828
12525 1.98467
12540 1.98652
12555 1.98824
12570 1.99079
12585 1.99278
12600 1.9959
12615 1.99807
12630 2.00058
12645 2.00307
12660 2.00546
12675 2.00981
12690 2.01251
12705 2.015
12720 2.01706
12735 2.01927
12750 2.0222
12765 2.02459
12780 2.02716
12795 2.02957
12810 2.03206
12825 2.03385
12840 2.03705
12855 2.0391
12870 2.04172
12885 2.04443
12900 2.04724
12915 2.04972
12930 2.05262
12945 2.05519
12960 2.05781
12975 2.06062
12990 2.06355
13005 2.06567
13020 2.06788
13035 2.07078
13050 2.07326
13065 2.07585
13080 2.07825
13095 2.08054
13110 2.08312
13125 2.08579
13140 2.08815
13155 2.09177
13170 2.09434
13185 2.09677
13200 2.09972
13215 2.10321
13230 2.10591
13245 2.10852
13260 2.11103
13275 2.1128
13290 2.11571
13305 2.11787
13320 2.11992
13335 2.12272
13350 2.12608
13365 2.12865
13380 2.13055
13395 2.1334
13410 2.13606
13425 2.13903
13440 2.14203
13455 2.14486
13470 2.14821
13485 2.15145
13500 2.15411
13515 2.15698
13530 2.16081
13545 2.16321
13560 2.16658
13575 2.16944
13590 2.17223
13605 2.17492
13620 2.17879
13635 2.18148
13650 2.1836
13665 2.18642
13680 2.18947
13695 2.19227
13710 2.19464
13725 2.19712
13740 2.19975
13755 2.20214
13770 2.20463
13785 2.20741
13800 2.21008
13815 2.21347
13830 2.21662
13845 2.21927
13860 2.22236
13875 2.22476
13890 2.22792
13905 2.23067
13920 2.23439
13935 2.23729
13950 2.23967
13965 2.24348
13980 2.2465
13995 2.24971
14010 2.25264
14025 2.25513
14040 2.25888
14055 2.2621
14070 2.26575
14085 2.26923
14100 2.27183
14115 2.27481
14130 2.27765
14145 2.28067
14160 2.28347
14175 2.28566
14190 2.28964
14205 2.29257
14220 2.2956
14235 2.29834
14250 2.3012
14265 2.3053
14280 2.30848
14295 2.31205
14310 2.31463
14325 2.31822
14340 2.32214
14355 2.3254
14370 2.32856
14385 2.3312
14400 2.33398
14415 2.33732
14430 2.34181
14445 2.34532
14460 2.3487
14475 2.35203
14490 2.35452
14505 2.35788
14520 2.36081
14535 2.36383
14550 2.36696
14565 2.37066
14580 2.37413
14595 2.3772
14610 2.38026
14625 2.38277
14640 2.38679
14655 2.39117
14670 2.39492
14685 2.39883
14700 2.40215
14715 2.40626
14730 2.40926
14745 2.4133
14760 2.41698
14775 2.42005
14790 2.42488
14805 2.42857
14820 2.43142
14835 2.43487
14850 2.43813
14865 2.44102
14880 2.44455
14895 2.44758
14910 2.44995
14925 2.45314
14940 2.45657
14955 2.46042
14970 2.46306
14985 2.46645
15000 2.47016
15015 2.47283
15030 2.47792
15045 2.48044
15060 2.48384
15075 2.48773
15090 2.49064
15105 2.49303
15120 2.49686
15135 2.50296
15150 2.50648
15165 2.51025
15180 2.51489
15195 2.51837
15210 2.52199
15225 2.52538
15240 2.52878
15255 2.53223
15270 2.53623
15285 2.53983
15300 2.5434
15315 2.54699
15330 2.5504
15345 2.5538
15360 2.55725
15375 2.56023
15390 2.56593
15405 2.56957
15420 2.57318
15435 2.58199
15450 2.58531
15465 2.59154
15480 2.5956
15495 2.59623
15510 2.60019
15525 2.6046
15540 2.60807
15555 2.61117
15570 2.6145
15585 2.61906
15600 2.62342
15615 2.62767
15630 2.63205
15645 2.63581
15660 2.64103
15675 2.64487
15690 2.64749
15705 2.65215
15720 2.65707
15735 2.6612
15750 2.66465
15765 2.66977
15780 2.67391
15795 2.67841
15810 2.68286
15825 2.68742
15840 2.69303
15855 2.69781
15870 2.70149
15885 2.70605
15900 2.71134
15915 2.71536
15930 2.72026
15945 2.72447
15960 2.72938
15975 2.73243
15990 2.73149
16005 2.73618
16020 2.74877
16035 2.75333
16050 2.7588
16065 2.76318
16080 2.76832
16095 2.77379
16110 2.77749
16125 2.78093
16140 2.78494
16155 2.78925
16170 2.79284
16185 2.79794
16200 2.80249
16215 2.80663
16230 2.81072
16245 2.81728
16260 2.82209
16275 2.82823
16290 2.83253
16305 2.83619
16320 2.83868
16335 2.84501
16350 2.84918
16365 2.85172
16380 2.85609
16395 2.86001
16410 2.86635
16425 2.87219
16440 2.87692
16455 2.88145
16470 2.88668
16485 2.89637
16500 2.90072
16515 2.90399
16530 2.90911
16545 2.91642
16560 2.92083
16575 2.9253
16590 2.93004
16605 2.93415
16620 2.93779
16635 2.9434
16650 2.94926
16665 2.9555
16680 2.95912
16695 2.9639
16710 2.96961
16725 2.97394
16740 2.97934
16755 2.98328
16770 2.98816
16785 2.99057
16800 2.99576
16815 3.00204
16830 3.00637
16845 3.0121
16860 3.01558
16875 3.02152
16890 3.02921
16905 3.03735
16920 3.04293
16935 3.04893
16950 3.05401
16965 3.06174
16980 3.06732
16995 3.07198
17010 3.07786
17025 3.08238
17040 3.08665
17055 3.09222
17070 3.09829
17085 3.1033
17100 3.1074
17115 3.11269
17130 3.11885
17145 3.12348
17160 3.12914
17175 3.1352
17190 3.14141
17205 3.14616
17220 3.15233
17235 3.15682
17250 3.15939
17265 3.16666
17280 3.17281
17295 3.17876
17310 3.18875
17325 3.19377
17340 3.20103
17355 3.2078
17370 3.214
17385 3.21927
17400 3.22539
17415 3.22958
17430 3.23401
17445 3.24187
17460 3.24821
17475 3.25199
17490 3.25839
17505 3.2647
17520 3.27136
17535 3.27783
17550 3.28575
17565 3.29331
17580 3.29901
17595 3.30554
17610 3.31237
17625 3.31824
17640 3.32513
17655 3.33079
17670 3.33627
17685 3.34155
17700 3.34835
17715 3.35341
17730 3.35938
17745 3.36679
17760 3.37542
17775 3.38368
17790 3.39056
17805 3.39599
17820 3.40202
17835 3.40778
17850 3.4171
17865 3.42438
17880 3.43171
17895 3.4385
17910 3.44533
17925 3.4507
17940 3.45906
17955 3.47335
17970 3.47889
17985 3.48481
18000 3.49167
18015 3.49943
18030 3.50797
18045 3.51634
18060 3.52279
18075 3.52878
18090 3.5356
18105 3.54104
18120 3.54579
18135 3.55367
18150 3.5604
18165 3.56669
18180 3.57212
18195 3.58043
18210 3.58691
18225 3.59429
18240 3.60027
18255 3.60886
18270 3.61725
18285 3.62331
18300 3.62824
18315 3.6375
18330 3.64555
18345 3.65493
18360 3.66173
18375 3.66845
18390 3.67538
18405 3.68227
18420 3.67904
18435 3.68692
18450 3.69514
18465 3.7109
18480 3.71782
18495 3.72364
18510 3.73212
18525 3.74511
18540 3.75429
18555 3.76464
18570 3.7712
18585 3.77895
18600 3.79069
18615 3.79983
18630 3.80979
18645 3.81607
18660 3.82582
18675 3.8354
18690 3.84382
18705 3.85303
18720 3.86399
18735 3.87266
18750 3.88026
18765 3.88695
18780 3.89643
18795 3.90352
18810 3.91256
18825 3.9189
18840 3.92677
18855 3.93995
18870 3.95513
18885 3.96182
18900 3.96946
18915 3.97679
18930 3.99083
18945 4.00124
18960 4.01041
18975 4.02282
18990 4.03127
19005 4.03771
19020 4.04515
19035 4.05423
19050 4.06185
19065 4.07053
19080 4.07872
19095 4.08711
19110 4.09437
19125 4.10283
19140 4.11333
19155 4.12151
19170 4.13079
19185 4.13994
19200 4.14927
19215 4.15507
19230 4.16163
19245 4.17031
19260 4.18091
19275 4.19192
19290 4.2093
19305 4.21941
19320 4.23051
19335 4.24198
19350 4.25675
19365 4.26619
19380 4.27356
19395 4.28139
19410 4.29788
19425 4.31023
19440 4.32254
19455 4.33028
19470 4.34781
19485 4.35913
19500 4.36924
19515 4.38835
19530 4.39877
19545 4.4088
19560 4.41559
19575 4.43045
19590 4.43816
19605 4.45099
19620 4.45884
19635 4.4677
19650 4.47893
19665 4.48995
19680 4.50357
19695 4.5135
19710 4.52384
19725 4.53584
19740 4.54524
19755 4.56075
19770 4.57109
19785 4.58247
19800 4.59263
19815 4.60536
19830 4.61621
19845 4.62899
19860 4.63866
19875 4.64843
19890 4.65854
19905 4.67086
19920 4.68516
19935 4.69764
19950 4.70435
19965 4.71421
19980 4.73148
19995 4.74183
20010 4.75097
20025 4.76194
20040 4.7833
20055 4.79337
20070 4.80788
20085 4.83129
20100 4.84089
20115 4.85843
20130 4.87316
20145 4.88822
20160 4.89874
20175 4.91883
20190 4.93355
20205 4.94576
20220 4.96994
20235 4.9997
20250 5.01338
20265 5.02766
20280 5.04111
20295 5.05816
20310 5.06755
20325 5.08907
20340 5.10029
20355 5.11511
20370 5.13235
20385 5.14211
20400 5.15683
20415 5.17659
20430 5.18829
20445 5.20304
20460 5.21578
20475 5.23351
20490 5.24419
20505 5.2609
20520 5.28931
20535 5.31424
20550 5.33258
20565 5.34299
20580 5.35872
20595 5.37171
20610 5.38581
20625 5.40033
20640 5.41005
20655 5.4305
20670 5.44061
20685 5.46403
20700 5.47667
20715 5.50709
20730 5.52305
20745 5.54632
20760 5.56332
20775 5.58007
20790 5.59407
20805 5.61178
20820 5.63021
20835 5.65566
20850 5.67003
20865 5.68719
20880 5.70313
20895 5.73018
20910 5.74274
20925 5.76976
20940 5.78612
20955 5.80403
20970 5.82263
20985 5.83692
21000 5.85026
21015 5.87302
21030 5.89023
21045 5.90798
21060 5.92762
21075 5.96637
21090 5.98085
21105 5.99851
21120 6.01816
21135 6.03782
21150 6.05722
21165 6.07616
21180 6.09819
21195 6.11946
21210 6.13734
21225 6.15384
21240 6.17037
21255 6.1855
21270 6.21017
21285 6.23592
21300 6.25662
21315 6.26553
21330 6.28835
21345 6.30832
21360 6.32611
21375 6.3608
21390 6.38395
21405 6.41013
21420 6.43589
21435 6.46874
21450 6.48654
21465 6.49229
21480 6.50286
21495 6.51983
21510 6.54133
21525 6.60591
21540 6.63417
21555 6.67274
21570 6.68876
21585 6.71036
21600 6.74169
21615 6.75876
21630 6.77835
21645 6.80961
21660 6.8311
21675 6.85663
21690 6.89409
21705 6.91289
21720 6.93443
21735 6.96264
21750 6.99174
21765 7.02584
21780 7.05391
21795 7.09272
21810 7.11184
21825 7.1601
21840 7.17961
21855 7.21538
21870 7.23644
21885 7.27194
21900 7.3049
21915 7.32533
21930 7.34674
21945 7.37863
21960 7.39197
21975 7.43127
21990 7.46918
22005 7.50017
22020 7.53505
22035 7.56427
22050 7.59395
22065 7.62685
22080 7.6187
22095 7.65673
22110 7.68542
22125 7.70216
22140 7.72544
22155 7.74711
22170 7.76461
22185 7.80706
22200 7.84
22215 7.86441
22230 7.88675
22245 7.93674
22260 7.95239
22275 7.98607
22290 8.0074
22305 8.04414
22320 8.07762
22335 8.10083
22350 8.13364
22365 8.19117
22380 8.25137
22395 8.28537
22410 8.3345
22425 8.35094
22440 8.39174
22455 8.41911
22470 8.4602
22485 8.48282
22500 8.51785
22515 8.53268
22530 8.56077
22545 8.60659
22560 8.65646
22575 8.69403
22590 8.71741
22605 8.75497
22620 8.81478
22635 8.84477
22650 8.89853
22665 8.92518
22680 8.9645
22695 8.99421
22710 9.0356
22725 9.11569
22740 9.16755
22755 9.21035
22770 9.20409
22785 9.25113
22800 9.29823
22815 9.33337
22830 9.39567
22845 9.51134
22860 9.55026
22875 9.59539
22890 9.64585
22905 9.68842
22920 9.74481
22935 9.77227
22950 9.78298
22965 9.81983
22980 9.90791
22995 9.94379
23010 10.0248
23025 10.0625
23040 10.1071
23055 10.1476
23070 10.1826
23085 10.2921
23100 10.3547
23115 10.3974
23130 10.4453
23145 10.466
23160 10.5328
23175 10.5608
23190 10.6792
23205 10.7279
23220 10.7794
23235 10.8505
23250 10.9196
23265 11.0592
23280 11.1103
23295 11.2372
23310 11.2994
23325 11.3262
23340 11.36
23355 11.4478
23370 11.6153
23385 11.7021
23400 11.6225
23415 11.6931
23430 11.7503
23445 11.7849
23460 11.8475
23475 11.8832
23490 11.9244
23505 11.9502
23520 11.9969
23535 12.0659
23550 12.1045
23565 12.287
23580 12.3957
23595 12.5921
23610 12.6638
23625 12.7144
23640 12.7743
23655 12.8604
23670 13.0528
23685 13.1757
23700 13.2387
23715 13.283
23730 13.4174
23745 13.5017
23760 13.5402
23775 13.5998
23790 13.6209
23805 13.7201
23820 13.8891
23835 14.0538
23850 14.2004
23865 14.2845
23880 14.3693
23895 14.5665
23910 14.674
23925 14.7275
23940 14.7867
23955 15.0508
23970 15.14
23985 15.1915
24000 15.4016
24015 15.4464
24030 15.484
24045 15.5354
24060 15.5781
24075 15.6677
24090 15.7296
24105 15.8173
24120 15.9196
24135 15.9741
24150 16.0545
24165 16.3009
24180 16.3491
24195 16.4511
24210 16.5314
24225 17.1897
24240 17.3205
24255 17.4409
24270 17.6924
24285 17.7702
24300 18.047
24315 18.2256
24330 18.4173
24345 18.5987
24360 18.6828
24375 18.7796
24390 18.9916
24405 18.993
24420 19.1084
24435 19.3175
24450 19.6766
24465 19.8144
24480 19.8693
24495 19.728
24510 19.9464
24525 20.1696
24540 20.2234
24555 20.4746
24570 20.631
24585 20.6922
24600 20.9474
24615 21.1537
24630 21.4791
24645 21.6421
24660 21.7355
24675 21.8922
24690 22.0242
24705 20.3275
24720 20.6354
24735 20.8473
24750 20.9766
24765 21.1142
24780 21.1927
24795 21.3699
24810 21.5264
24825 21.0235
24840 21.2499
24855 21.4926
24870 21.5675
24885 21.843
24900 22.6263
24915 22.7973
24930 23.2618
24945 23.626
24960 23.7718
24975 24.0353
24990 24.2189
25005 23.8928
25020 23.8988
25035 24.0983
25050 24.3027
25065 24.5033
25080 24.5711
25095 24.9658
25110 24.5826
25125 24.6174
25140 24.6669
25155 24.5951
25170 24.6726
25185 25.0495
25200 25.1703
25215 25.5618
25230 25.6453
25245 25.9147
25260 26.0419
25275 26.6374
25290 26.8158
25305 27.1398
25320 27.2277
25335 27.324
25350 27.4759
25365 27.7435
25380 28.0182
25395 27.6519
25410 26.7706
25425 26.9684
25440 26.871
25455 26.8886
25470 26.9826
25485 27.9451
25500 28.3082
25515 28.6396
25530 28.7674
25545 28.9532
25560 29.3595
25575 31.4768
25590 31.9145
25605 32.0547
25620 32.1593
25635 32.0991
25650 30.1945
25665 30.3623
25680 32.8705
25695 33.0634
25710 33.2877
25725 33.6351
25740 34.5979
25755 34.7074
25770 35.0009
25785 35.6517
25800 35.2714
25815 35.6068
25830 32.8152
25845 33.6573
25860 33.7503
25875 33.7977
25890 33.8052
25905 33.8797
25920 34.2645
25935 35.6497
25950 32.6894
25965 32.9325
25980 33.1556
25995 33.1659
26010 34.0337
26025 34.6045
26040 34.7162
26055 34.7767
26070 32.1824
26085 26.2181
26100 26.3546
26115 26.3594
26130 26.4206
26145 26.4599
26160 26.8291
26175 26.7972
26190 26.9356
26205 27.0514
26220 24.3776
26235 24.4674
26250 23.5173
26265 23.526
26280 24.5849
26295 24.7769
26310 24.9698
26325 25.002
26340 24.8081
26355 25.0534
26370 24.5101
26385 24.8486
26400 24.9213
26415 25.9231
26430 26.3392
26445 28.4907
26460 29.2957
26475 29.4452
26490 29.524
26505 29.8362
26520 29.449
26535 29.9469
26550 28.863
26565 28.986
26580 29.1509
26595 29.2152
26610 29.6241
26625 29.8946
26640 28.4483
26655 28.6582
26670 28.8548
26685 28.1078
26700 28.1789
26715 28.2459
26730 28.1221
26745 28.2316
26760 28.3299
26775 28.5393
26790 28.9153
26805 28.9731
26820 29.0472
26835 32.9362
26850 33.0194
26865 23.098
26880 22.8936
26895 23.9805
26910 23.8654
26925 23.8124
26940 24.7717
26955 17.2262
26970 17.1319
26985 17.3032
27000 15.4344
27015 15.4643
27030 15.5032
27045 15.3671
27060 15.4527
27075 15.7012
27090 15.2675
27105 15.2003
27120 15.2112
27135 15.2214
27150 15.0656
27165 15.0153
27180 14.2009
27195 14.1383
27210 14.3909
27225 14.442
27240 14.5417
27255 14.4647
27270 14.5653
27285 14.4044
27300 14.4237
27315 14.1469
27330 14.3055
27345 14.3467
27360 12.8674
27375 12.8418
27390 12.8351
27405 12.9323
27420 12.7813
27435 12.0285
27450 12.0621
27465 11.7339
27480 11.6641
27495 11.9
27510 11.8503
27525 11.6405
27540 11.47
27555 11.3879
27570 11.2751
27585 11.2409
27600 11.2923
27615 11.2834
27630 10.7887
27645 10.7994
27660 10.7936
27675 10.7449
27690 10.7586
27705 10.5414
27720 10.4856
27735 10.5311
27750 9.95914
27765 9.99485
27780 9.97301
27795 10.0161
27810 10.0472
27825 10.0388
27840 9.94701
27855 9.90529
27870 9.9292
27885 9.94465
27900 9.96062
27915 9.99356
27930 10.0976
27945 10.0967
27960 10.0798
27975 10.0965
27990 10.2994
28005 9.98462
28020 9.99279
28035 10.0271
28050 9.31648
28065 9.2541
28080 9.16181
28095 9.07108
28110 9.05517
28125 9.21807
28140 7.83424
28155 7.82969
28170 7.78307
28185 7.75584
28200 7.73688
28215 7.71207
28230 7.73612
28245 7.74939
28260 7.67198
28275 7.6098
28290 7.53234
28305 7.53851
28320 7.5758
28335 7.61291
28350 7.57126
28365 7.59942
28380 7.62376
28395 7.51817
28410 7.49679
28425 7.47832
28440 7.48613
28455 7.44325
28470 7.44976
28485 7.444
28500 7.41554
28515 7.46887
28530 7.45483
28545 7.45414
28560 7.38157
28575 7.36098
28590 7.37086
28605 7.2938
28620 7.27572
28635 7.28737
28650 7.29615
28665 7.22575
28680 7.16103
28695 7.154
28710 7.17881
28725 7.18618
28740 7.20477
28755 7.19561
28770 7.17822
28785 7.19012
28800 7.21087
28815 7.15162
28830 7.06176
28845 7.05574
28860 7.06277
28875 7.07865
28890 7.04567
28905 7.04754
28920 7.1462
28935 7.15388
28950 7.1584
28965 7.15507
28980 7.1572
28995 7.14292
29010 6.94413
29025 6.79076
29040 6.78549
29055 6.77929
29070 6.67299
29085 6.67632
29100 6.65187
29115 6.53846
29130 6.46144
29145 6.46526
29160 6.43536
29175 6.45004
29190 6.41147
29205 6.41028
29220 6.38226
29235 6.32456
29250 6.23687
29265 6.15435
29280 6.16421
29295 6.17201
29310 6.16127
29325 6.1934
29340 6.07599
29355 6.08046
29370 6.0955
29385 6.08308
29400 6.08378
29415 6.07947
29430 6.06462
29445 5.90192
29460 5.89263
29475 5.88173
29490 5.88423
29505 5.83112
29520 5.81335
29535 5.77728
29550 5.78561
29565 5.78312
29580 5.75524
29595 5.76455
29610 5.75474
29625 5.74121
29640 5.7393
29655 5.61533
29670 5.57883
29685 5.57657
29700 5.56026
29715 5.53862
29730 5.52397
29745 5.51688
29760 5.52108
29775 5.52706
29790 5.50607
29805 5.50484
29820 5.48781
29835 5.49657
29850 5.45175
29865 5.45213
29880 5.46434
29895 5.46855
29910 5.44654
29925 5.43925
29940 5.43954
29955 5.4436
29970 5.4127
29985 5.33974
30000 5.34655
30015 5.35108
30030 5.29427
30045 5.30022
30060 5.27888
30075 5.27614
30090 5.28395
30105 5.28146
30120 5.32547
30135 5.32697
30150 5.29097
30165 5.28936
30180 5.29469
30195 5.2685
30210 5.27331
30225 5.28217
30240 5.28675
30255 5.28599
30270 5.28082
30285 5.28029
30300 5.29043
30315 5.29206
30330 5.28102
30345 5.24872
30360 5.20392
30375 5.22685
30390 5.21795
30405 5.17452
30420 5.17491
30435 5.17223
30450 5.16173
30465 5.16725
30480 5.13037
30495 5.11736
30510 5.13752
30525 5.12598
30540 5.06975
30555 4.99027
30570 4.98606
30585 4.98823
30600 4.96837
30615 4.96453
30630 4.96092
30645 4.97051
30660 4.97122
30675 4.9761
30690 4.96085
30705 4.96043
30720 4.94487
30735 4.88295
30750 4.85994
30765 4.86341
30780 4.85264
30795 4.8036
30810 4.79031
30825 4.77473
30840 4.76021
30855 4.76036
30870 4.73441
30885 4.73738
30900 4.74114
30915 4.74416
30930 4.69914
30945 4.69592
30960 4.69248
30975 4.67638
30990 4.68184
31005 4.68395
31020 4.66361
31035 4.65549
31050 4.64105
31065 4.63744
31080 4.63526
31095 4.63239
31110 4.64801
31125 4.6429
31140 4.63818
31155 4.63468
31170 4.62737
31185 4.63413
31200 4.64007
31215 4.57804
31230 4.55714
31245 4.55887
31260 4.56483
31275 4.57345
31290 4.5725
31305 4.57698
31320 4.64055
31335 4.6229
31350 4.59605
31365 4.59294
31380 4.59028
31395 4.58892
31410 4.58548
31425 4.5775
31440 4.57289
31455 4.41179
31470 4.40375
31485 4.39694
31500 4.39823
31515 4.39739
31530 4.37753
31545 4.37072
31560 4.37485
31575 4.36486
31590 4.36489
31605 4.35951
31620 4.37088
31635 4.37434
31650 4.37269
31665 4.35973
31680 4.36343
31695 4.34128
31710 4.33695
31725 4.34547
31740 4.34553
31755 4.34507
31770 4.28601
31785 4.27543
31800 4.26802
31815 4.29567
31830 4.30254
31845 4.24957
31860 4.22396
31875 4.22319
31890 4.21601
31905 4.2113
31920 4.19854
31935 4.18951
31950 4.1631
31965 4.1648
31980 4.1525
31995 4.1385
32010 4.13463
32025 4.12234
32040 4.11487
32055 4.10314
32070 4.10085
32085 4.09224
32100 4.09432
32115 4.08212
32130 4.07536
32145 4.07457
32160 4.07339
32175 4.06775
32190 4.05564
32205 4.04636
32220 4.04952
32235 4.05151
32250 4.04551
32265 4.04302
32280 4.04177
32295 3.97734
32310 3.97252
32325 3.95947
32340 3.95562
32355 3.94373
32370 3.94037
32385 3.94185
32400 3.9336
32415 3.92644
32430 3.92258
32445 3.92479
32460 3.92073
32475 3.9226
32490 3.92128
32505 3.9226
32520 3.92387
32535 3.92144
32550 3.91792
32565 3.91479
32580 3.9076
32595 3.90414
32610 3.90698
32625 3.9105
32640 3.90796
32655 3.88786
32670 3.88731
32685 3.88964
32700 3.88378
32715 3.88025
32730 3.88275
32745 3.87638
32760 3.87399
32775 3.86769
32790 3.87133
32805 3.86769
32820 3.85152
32835 3.85553
32850 3.82843
32865 3.82709
32880 3.82569
32895 3.82369
32910 3.80757
32925 3.81044
32940 3.80563
32955 3.79168
32970 3.78787
32985 3.78796
33000 3.77867
33015 3.78261
33030 3.75483
33045 3.74248
33060 3.74828
33075 3.74743
33090 3.73974
33105 3.73572
33120 3.73201
33135 3.73279
33150 3.72864
33165 3.7067
33180 3.69784
33195 3.68833
33210 3.68741
33225 3.67773
33240 3.68048
33255 3.67744
33270 3.67134
33285 3.63268
33300 3.62726
33315 3.63053
33330 3.62516
33345 3.62627
33360 3.62432
33375 3.62383
33390 3.62048
33405 3.61162
33420 3.59543
33435 3.59525
33450 3.59657
33465 3.5754
33480 3.56268
33495 3.55675
33510 3.55507
33525 3.55164
33540 3.55078
33555 3.54397
33570 3.54358
33585 3.5339
33600 3.53771
33615 3.52574
33630 3.5172
33645 3.51486
33660 3.50895
33675 3.50169
33690 3.49793
33705 3.48552
33720 3.47968
33735 3.48164
33750 3.44837
33765 3.45089
33780 3.44763
33795 3.43962
33810 3.43485
33825 3.41522
33840 3.41859
33855 3.4095
33870 3.41654
33885 3.40565
33900 3.40709
33915 3.40304
33930 3.39582
33945 3.38871
33960 3.38471
33975 3.38504
33990 3.37937
34005 3.38334
34020 3.38454
34035 3.38468
34050 3.37994
34065 3.36572
34080 3.36176
34095 3.35392
34110 3.35261
34125 3.35348
34140 3.3538
34155 3.35661
34170 3.34835
34185 3.34229
34200 3.34657
34215 3.32981
34230 3.33115
34245 3.33366
34260 3.32555
34275 3.32114
34290 3.32234
34305 3.32128
34320 3.3103
34335 3.30751
34350 3.30861
34365 3.30409
34380 3.30014
34395 3.2979
34410 3.30024
34425 3.30205
34440 3.30258
34455 3.29412
34470 3.29606
34485 3.2971
34500 3.29272
34515 3.28912
34530 3.28632
34545 3.2868
34560 3.28612
34575 3.28364
34590 3.28366
34605 3.27671
34620 3.26551
34635 3.26091
34650 3.26127
34665 3.26279
34680 3.2567
34695 3.25825
34710 3.23784
34725 3.22786
34740 3.2292
34755 3.22718
34770 3.22597
34785 3.21311
34800 3.2025
34815 3.19952
34830 3.2025
34845 3.2032
34860 3.19204
34875 3.19136
34890 3.18575
34905 3.18192
34920 3.1819
34935 3.18177
34950 3.17995
34965 3.17469
34980 3.17613
34995 3.17804
35010 3.17631
35025 3.17797
35040 3.1748
35055 3.17223
35070 3.17119
35085 3.15826
35100 3.15527
35115 3.15246
35130 3.13221
35145 3.13312
35160 3.1275
35175 3.12706
35190 3.12849
35205 3.13184
35220 3.12293
35235 3.11951
35250 3.1244
35265 3.11804
35280 3.11427
35295 3.11266
35310 3.10719
35325 3.10832
35340 3.10637
35355 3.10359
35370 3.09201
35385 3.08296
35400 3.0838
35415 3.08361
35430 3.08419
35445 3.08405
35460 3.07578
35475 3.07363
35490 3.07479
35505 3.07425
35520 3.07487
35535 3.07329
35550 3.068
35565 3.06875
35580 3.06948
35595 3.06194
35610 3.06044
35625 3.05194
35640 3.05068
35655 3.04967
35670 3.04944
35685 3.03738
35700 3.03891
35715 3.03664
35730 3.02519
35745 3.02197
35760 3.01581
35775 3.01395
35790 3.0156
35805 3.00603
35820 2.99989
35835 2.99847
35850 2.9943
35865 2.98998
35880 2.9802
35895 2.98106
35910 2.97765
35925 2.97901
35940 2.97777
35955 2.9718
35970 2.96908
35985 2.96976
36000 2.952
36015 2.95289
36030 2.95508
36045 2.94511
36060 2.9396
36075 2.93763
36090 2.93909
36105 2.93879
36120 2.93748
36135 2.93563
36150 2.93268
36165 2.93143
36180 2.92669
36195 2.92073
36210 2.91629
36225 2.9136
36240 2.90826
36255 2.90976
36270 2.90547
36285 2.90112
36300 2.9
36315 2.89921
36330 2.89902
36345 2.89631
36360 2.90087
36375 2.89064
36390 2.88832
36405 2.89053
36420 2.89323
36435 2.88978
36450 2.88787
36465 2.88865
36480 2.88546
36495 2.88265
36510 2.88374
36525 2.88481
36540 2.88508
36555 2.88375
36570 2.87761
36585 2.87501
36600 2.87462
36615 2.87612
36630 2.86623
36645 2.86452
36660 2.86306
36675 2.858
36690 2.84927
36705 2.84546
36720 2.84159
36735 2.83814
36750 2.83819
36765 2.83617
36780 2.83431
36795 2.8168
36810 2.81401
36825 2.81375
36840 2.81472
36855 2.81409
36870 2.81388
36885 2.81139
36900 2.81093
36915 2.8098
36930 2.79835
36945 2.79961
36960 2.79474
36975 2.79434
36990 2.79167
37005 2.78853
37020 2.78632
37035 2.78247
37050 2.78328
37065 2.77025
37080 2.77047
37095 2.76949
37110 2.76351
37125 2.76109
37140 2.7554
37155 2.75951
37170 2.75001
37185 2.75215
37200 2.74972
37215 2.74721
37230 2.74076
37245 2.73976
37260 2.74052
37275 2.73937
37290 2.73786
37305 2.73092
37320 2.73092
37335 2.72591
37350 2.72425
37365 2.71555
37380 2.71561
37395 2.71489
37410 2.71483
37425 2.70867
37440 2.69892
37455 2.69496
37470 2.69326
37485 2.69134
37500 2.68931
37515 2.68618
37530 2.68415
37545 2.6812
37560 2.67944
37575 2.67758
37590 2.67826
37605 2.67574
37620 2.6705
37635 2.66599
37650 2.66229
37665 2.65717
37680 2.64492
37695 2.64474
37710 2.6406
37725 2.63688
37740 2.63526
37755 2.63418
37770 2.6234
37785 2.6252
37800 2.62444
37815 2.61886
37830 2.61565
37845 2.61004
37860 2.60585
37875 2.60634
37890 2.59454
37905 2.59503
37920 2.59578
37935 2.59223
37950 2.58939
37965 2.57588
37980 2.57854
37995 2.57826
38010 2.57765
38025 2.57545
38040 2.57347
38055 2.57026
38070 2.57029
38085 2.56741
38100 2.56751
38115 2.56745
38130 2.56957
38145 2.56837
38160 2.56963
38175 2.5693
38190 2.56781
38205 2.56733
38220 2.56789
38235 2.56856
38250 2.56731
38265 2.57057
38280 2.56789
38295 2.56536
38310 2.56149
38325 2.55876
38340 2.55693
38355 2.5576
38370 2.55773
38385 2.55808
38400 2.55211
38415 2.55302
38430 2.54531
38445 2.54266
38460 2.54166
38475 2.54062
38490 2.53279
38505 2.53439
38520 2.52681
38535 2.52671
38550 2.52523
38565 2.52066
38580 2.51601
38595 2.5144
38610 2.51186
38625 2.50767
38640 2.50536
38655 2.50059
38670 2.4988
38685 2.49557
38700 2.49382
38715 2.49487
38730 2.49307
38745 2.4937
38760 2.49178
38775 2.48913
38790 2.48406
38805 2.48219
38820 2.48065
38835 2.47
38850 2.46898
38865 2.46975
38880 2.46995
38895 2.4682
38910 2.46316
38925 2.4626
38940 2.46071
38955 2.45498
38970 2.45195
38985 2.45162
39000 2.4507
39015 2.45034
39030 2.44958
39045 2.44993
39060 2.44165
39075 2.43814
39090 2.42791
39105 2.42534
39120 2.41317
39135 2.41058
39150 2.40981
39165 2.40936
39180 2.40666
39195 2.40742
39210 2.40626
39225 2.4069
39240 2.40048
39255 2.40059
39270 2.40157
39285 2.40032
39300 2.40033
39315 2.39949
39330 2.39804
39345 2.39852
39360 2.39956
39375 2.39899
39390 2.3986
39405 2.39768
39420 2.39442
39435 2.38991
39450 2.38665
39465 2.38597
39480 2.38291
39495 2.37786
39510 2.37486
39525 2.37531
39540 2.37484
39555 2.37458
39570 2.37186
39585 2.37226
39600 2.3726
39615 2.36959
39630 2.36911
39645 2.37086
39660 2.3719
39675 2.36951
39690 2.37014
39705 2.37009
39720 2.36844
39735 2.3689
39750 2.36627
39765 2.36375
39780 2.36419
39795 2.3608
39810 2.35903
39825 2.3586
39840 2.35983
39855 2.36007
39870 2.35917
39885 2.35322
39900 2.35112
39915 2.35006
39930 2.34811
39945 2.34821
39960 2.3458
39975 2.34245
39990 2.34162
40005 2.3417
40020 2.34142
40035 2.34134
40050 2.33849
40065 2.33811
40080 2.33123
40095 2.32714
40110 2.32586
40125 2.32519
40140 2.32543
40155 2.32276
40170 2.3225
40185 2.31978
40200 2.31864
40215 2.31806
40230 2.31685
40245 2.31667
40260 2.31243
40275 2.30491
40290 2.30528
40305 2.30256
40320 2.30426
40335 2.30172
40350 2.30178
40365 2.30025
40380 2.30117
40395 2.30236
40410 2.30116
40425 2.29463
40440 2.29426
40455 2.29414
40470 2.29008
40485 2.29005
40500 2.29013
40515 2.28876
40530 2.28455
40545 2.28358
40560 2.28528
40575 2.28275
40590 2.28162
40605 2.28179
40620 2.28198
40635 2.28211
40650 2.28178
40665 2.27787
40680 2.27726
40695 2.27116
40710 2.27032
40725 2.27032
40740 2.26462
40755 2.26132
40770 2.258
40785 2.25669
40800 2.25401
40815 2.25392
40830 2.2522
40845 2.25309
40860 2.25294
40875 2.25216
40890 2.25147
40905 2.25011
40920 2.24805
40935 2.24804
40950 2.24537
40965 2.24381
40980 2.24337
40995 2.24235
41010 2.24058
41025 2.23983
41040 2.23808
41055 2.23884
41070 2.23605
41085 2.23616
41100 2.23621
41115 2.23705
41130 2.23544
41145 2.23361
41160 2.23222
41175 2.23049
41190 2.22862
41205 2.22886
41220 2.22795
41235 2.22779
41250 2.22643
41265 2.22476
41280 2.22447
41295 2.21859
41310 2.21772
41325 2.21672
41340 2.21398
41355 2.21323
41370 2.21263
41385 2.21048
41400 2.20798
41415 2.20451
41430 2.20425
41445 2.20389
41460 2.20127
41475 2.201
41490 2.19904
41505 2.19687
41520 2.19601
41535 2.19482
41550 2.19484
41565 2.19352
41580 2.1935
41595 2.19241
41610 2.19139
41625 2.1892
41640 2.18934
41655 2.18957
41670 2.18824
41685 2.18683
41700 2.1871
41715 2.18433
41730 2.1837
41745 2.18259
41760 2.18103
41775 2.17982
41790 2.17548
41805 2.17565
41820 2.17269
41835 2.1703
41850 2.17042
41865 2.16952
41880 2.16437
41895 2.16405
41910 2.1626
41925 2.16429
41940 2.16494
41955 2.16421
41970 2.16224
41985 2.15923
42000 2.15844
42015 2.15763
42030 2.15709
42045 2.15738
42060 2.15367
42075 2.15445
42090 2.14851
42105 2.1481
42120 2.1492
42135 2.14717
42150 2.14504
42165 2.14508
42180 2.14544
42195 2.1438
42210 2.14345
42225 2.1443
42240 2.14285
42255 2.14233
42270 2.14201
42285 2.13996
42300 2.13709
42315 2.13527
42330 2.13178
42345 2.13041
42360 2.12989
42375 2.12939
42390 2.12937
42405 2.1277
42420 2.12432
42435 2.12216
42450 2.12132
42465 2.12017
42480 2.11946
42495 2.1192
42510 2.11755
42525 2.11683
42540 2.11623
42555 2.11524
42570 2.11316
42585 2.11251
42600 2.11264
42615 2.11371
42630 2.11402
42645 2.11492
42660 2.11463
42675 2.11451
42690 2.11147
42705 2.10908
42720 2.10649
42735 2.10402
42750 2.09862
42765 2.09494
42780 2.09459
42795 2.09319
42810 2.09309
42825 2.09101
42840 2.08968
42855 2.08829
42870 2.08822
42885 2.08786
42900 2.08693
42915 2.08628
42930 2.0853
42945 2.0855
42960 2.08468
42975 2.0834
42990 2.08434
43005 2.08246
43020 2.08115
43035 2.07823
43050 2.07349
43065 2.07285
43080 2.07126
43095 2.07098
43110 2.0704
43125 2.06991
43140 2.06758
43155 2.0652
43170 2.06277
43185 2.06248
43200 2.06035
43215 2.05871
43230 2.05737
43245 2.05722
43260 2.05632
43275 2.05595
43290 2.05321
43305 2.05213
43320 2.05097
43335 2.05109
43350 2.05053
43365 2.04876
43380 2.0483
43395 2.0476
43410 2.04398
43425 2.04401
43440 2.04363
43455 2.04199
43470 2.04101
43485 2.04102
43500 2.03923
43515 2.03754
43530 2.0356
43545 2.03445
43560 2.03249
43575 2.03193
43590 2.0302
43605 2.03105
43620 2.03005
43635 2.02706
43650 2.0269
43665 2.0258
43680 2.02553
43695 2.02247
43710 2.02134
43725 2.02148
43740 2.02045
43755 2.0193
43770 2.01969
43785 2.01888
43800 2.01769
43815 2.01728
43830 2.01633
43845 2.01393
43860 2.01338
43875 2.01365
43890 2.01237
43905 2.01232
43920 2.01039
43935 2.01077
43950 2.00963
43965 2.00769
43980 2.00788
43995 2.00705
44010 2.00668
44025 2.00629
44040 2.00617
44055 2.00584
44070 2.00644
44085 2.00648
44100 2.00515
44115 2.00432
44130 2.00305
44145 2.00134
44160 1.99989
44175 2.00023
44190 1.99979
44205 2.00014
44220 1.99874
44235 1.99764
44250 1.99642
44265 1.99556
44280 1.99423
44295 1.99365
44310 1.99143
44325 1.99082
44340 1.98915
44355 1.98677
44370 1.98591
44385 1.98638
44400 1.98444
44415 1.9845
44430 1.97892
44445 1.97962
44460 1.97778
44475 1.97651
44490 1.97632
44505 1.97609
44520 1.97544
44535 1.97517
44550 1.97455
44565 1.97437
44580 1.97402
44595 1.97275
44610 1.97237
44625 1.97203
44640 1.96967
44655 1.96879
44670 1.96912
44685 1.96914
44700 1.96857
44715 1.9682
44730 1.96693
44745 1.96605
44760 1.96582
44775 1.96563
44790 1.96548
44805 1.96563
44820 1.96506
44835 1.96467
44850 1.96507
44865 1.96504
44880 1.96357
44895 1.9611
44910 1.96106
44925 1.96011
44940 1.95963
44955 1.95652
44970 1.95508
44985 1.9544
45000 1.95359
45015 1.95204
45030 1.94854
45045 1.94808
45060 1.94616
45075 1.94584
45090 1.94442
45105 1.94379
45120 1.93873
45135 1.93732
45150 1.93622
45165 1.93613
45180 1.9355
45195 1.93455
45210 1.9332
45225 1.93134
45240 1.93101
45255 1.93093
45270 1.93069
45285 1.93076
45300 1.92999
45315 1.92771
45330 1.92735
45345 1.92599
45360 1.92573
45375 1.92544
45390 1.92421
45405 1.92432
45420 1.92301
45435 1.92289
45450 1.92102
45465 1.92084
45480 1.92089
45495 1.9208
45510 1.9198
45525 1.91975
45540 1.91795
45555 1.91716
45570 1.91934
45585 1.91914
45600 1.91565
45615 1.91539
45630 1.91274
45645 1.90988
45660 1.90976
45675 1.90795
45690 1.90705
45705 1.90664
45720 1.90563
45735 1.90584
45750 1.9021
45765 1.90064
45780 1.89997
45795 1.89599
45810 1.89603
45825 1.8955
45840 1.8932
45855 1.89357
45870 1.89166
45885 1.89072
45900 1.89043
45915 1.89038
45930 1.89012
45945 1.88826
45960 1.88769
45975 1.88702
45990 1.88664
46005 1.88552
46020 1.88504
46035 1.88392
46050 1.88192
46065 1.88137
46080 1.88249
46095 1.88136
46110 1.88135
46125 1.88144
46140 1.87922
46155 1.87916
46170 1.8789
46185 1.87789
46200 1.87716
46215 1.87727
46230 1.87608
46245 1.8752
46260 1.87397
46275 1.87393
46290 1.87359
46305 1.87241
46320 1.87196
46335 1.87073
46350 1.86844
46365 1.8668
46380 1.86721
46395 1.86681
46410 1.86686
46425 1.86616
46440 1.86602
46455 1.86557
46470 1.86439
46485 1.86315
46500 1.86108
46515 1.86074
46530 1.85971
46545 1.85855
46560 1.85631
46575 1.85576
46590 1.85502
46605 1.85487
46620 1.8552
46635 1.85359
46650 1.85315
46665 1.84846
46680 1.84762
46695 1.84615
46710 1.84503
46725 1.84511
46740 1.84434
46755 1.84467
46770 1.84433
46785 1.84498
46800 1.84475
46815 1.84442
46830 1.84231
46845 1.84251
46860 1.84173
46875 1.84072
46890 1.83726
46905 1.83776
46920 1.83746
46935 1.8352
46950 1.8331
46965 1.83156
46980 1.83093
46995 1.82932
47010 1.82669
47025 1.82678
47040 1.82679
47055 1.8261
47070 1.82565
47085 1.82552
47100 1.8244
47115 1.82463
47130 1.82265
47145 1.82236
47160 1.82261
47175 1.82281
47190 1.82185
47205 1.82167
47220 1.82065
47235 1.81893
47250 1.81704
47265 1.81633
47280 1.81623
47295 1.81635
47310 1.81617
47325 1.81609
47340 1.81689
47355 1.81676
47370 1.81495
47385 1.81375
47400 1.8136
47415 1.81235
47430 1.81232
47445 1.81107
47460 1.81086
47475 1.80933
47490 1.80924
47505 1.8083
47520 1.80757
47535 1.80692
47550 1.80586
47565 1.80461
47580 1.80426
47595 1.80199
47610 1.79944
47625 1.79904
47640 1.79757
47655 1.79725
47670 1.79699
47685 1.7973
47700 1.79678
47715 1.79535
47730 1.79486
47745 1.7948
47760 1.79479
47775 1.79471
47790 1.79476
47805 1.79418
47820 1.79419
47835 1.7932
47850 1.79264
47865 1.79051
47880 1.78933
47895 1.79043
47910 1.78993
47925 1.78842
47940 1.78653
47955 1.7857
47970 1.78541
47985 1.78507
48000 1.78446
48015 1.78328
48030 1.78343
48045 1.78309
48060 1.78259
48075 1.78216
48090 1.78137
48105 1.78105
48120 1.77904
48135 1.77762
48150 1.77633
48165 1.77478
48180 1.77486
48195 1.77585
48210 1.77578
48225 1.77648
48240 1.77648
48255 1.77511
48270 1.77483
48285 1.77104
48300 1.77076
48315 1.77036
48330 1.76888
48345 1.76867
48360 1.76802
48375 1.7678
48390 1.76745
48405 1.76757
48420 1.76643
48435 1.76549
48450 1.7656
48465 1.76538
48480 1.76531
48495 1.76545
48510 1.76447
48525 1.76514
48540 1.76396
48555 1.76395
48570 1.76277
48585 1.76184
48600 1.76185
48615 1.76142
48630 1.76155
48645 1.76173
48660 1.76145
48675 1.76202
48690 1.76156
48705 1.75766
48720 1.75772
48735 1.75718
48750 1.75696
48765 1.75539
48780 1.75038
48795 1.74977
48810 1.74763
48825 1.7472
48840 1.74602
48855 1.74624
48870 1.74574
48885 1.74548
48900 1.74498
48915 1.74363
48930 1.74363
48945 1.7436
48960 1.74235
48975 1.74134
48990 1.74089
49005 1.74083
49020 1.74009
49035 1.7403
49050 1.7407
49065 1.7407
49080 1.74026
49095 1.73808
49110 1.73791
49125 1.73726
49140 1.73734
49155 1.73703
49170 1.73687
49185 1.73714
49200 1.73675
49215 1.73616
49230 1.73617
49245 1.7361
49260 1.73466
49275 1.73361
49290 1.73347
49305 1.73288
49320 1.73242
49335 1.73248
49350 1.73219
49365 1.7308
49380 1.73071
49395 1.7305
49410 1.73045
49425 1.72938
49440 1.72978
49455 1.72984
49470 1.72811
49485 1.72599
49500 1.72565
49515 1.72584
49530 1.72603
49545 1.72568
49560 1.72578
49575 1.72588
49590 1.726
49605 1.72552
49620 1.72575
49635 1.72558
49650 1.72436
49665 1.72393
49680 1.72366
49695 1.72211
49710 1.72274
49725 1.72241
49740 1.72186
49755 1.72117
49770 1.72105
49785 1.71945
49800 1.71964
49815 1.71796
49830 1.71762
49845 1.7173
49860 1.71698
49875 1.71693
49890 1.71602
49905 1.71438
49920 1.7149
49935 1.71434
49950 1.71421
49965 1.71279
49980 1.71233
49995 1.71148
50010 1.70399
50025 1.70404
50040 1.7037
50055 1.70083
50070 1.70068
50085 1.70085
50100 1.70042
50115 1.69876
50130 1.69844
50145 1.69771
50160 1.69798
50175 1.69797
50190 1.69786
50205 1.69728
50220 1.69728
50235 1.69722
50250 1.69651
50265 1.69607
50280 1.69519
50295 1.69357
50310 1.69272
50325 1.69238
50340 1.69239
50355 1.68941
50370 1.68909
50385 1.68858
50400 1.68793
50415 1.68642
50430 1.68625
50445 1.68476
50460 1.68489
50475 1.68548
50490 1.68424
50505 1.6842
50520 1.68456
50535 1.68443
50550 1.6832
50565 1.68268
50580 1.68216
50595 1.68166
50610 1.68137
50625 1.68068
50640 1.67967
50655 1.67888
50670 1.67895
50685 1.67667
50700 1.67616
50715 1.67506
50730 1.67539
50745 1.67386
50760 1.6736
50775 1.67321
50790 1.6726
50805 1.67227
50820 1.67163
50835 1.67185
50850 1.67171
50865 1.67022
50880 1.66843
50895 1.66841
50910 1.66819
50925 1.66865
50940 1.66879
50955 1.66869
50970 1.66924
50985 1.66782
51000 1.66508
51015 1.66405
51030 1.66372
51045 1.66269
51060 1.66068
51075 1.66026
51090 1.66059
51105 1.66069
51120 1.66082
51135 1.65967
51150 1.65883
51165 1.65729
51180 1.65508
51195 1.65416
51210 1.65388
51225 1.65363
51240 1.65294
51255 1.65221
51270 1.65227
51285 1.65166
51300 1.65198
51315 1.64988
51330 1.64874
51345 1.64836
51360 1.64794
51375 1.64728
51390 1.64648
51405 1.64658
51420 1.64673
51435 1.64628
51450 1.64595
51465 1.64575
51480 1.64515
51495 1.64464
51510 1.64473
51525 1.64409
51540 1.64391
51555 1.64361
51570 1.64278
51585 1.64183
51600 1.64133
51615 1.6417
51630 1.6411
51645 1.64098
51660 1.64057
51675 1.64023
51690 1.6398
51705 1.63894
51720 1.63785
51735 1.63722
51750 1.63618
51765 1.63377
51780 1.63389
51795 1.63229
51810 1.63135
51825 1.63115
51840 1.63112
51855 1.63091
51870 1.63079
51885 1.63007
51900 1.62972
51915 1.62969
51930 1.62961
51945 1.6298
51960 1.62853
51975 1.62881
51990 1.62735
52005 1.62748
52020 1.62707
52035 1.62701
52050 1.62614
52065 1.62497
52080 1.62496
52095 1.62424
52110 1.62455
52125 1.62423
52140 1.62272
52155 1.62198
52170 1.62107
52185 1.62096
52200 1.62132
52215 1.61959
52230 1.61932
52245 1.61876
52260 1.61817
52275 1.61612
52290 1.61511
52305 1.61272
52320 1.61224
52335 1.61227
52350 1.61213
52365 1.61171
52380 1.61106
52395 1.6109
52410 1.61108
52425 1.60949
52440 1.60891
52455 1.60874
52470 1.60805
52485 1.6082
52500 1.6083
52515 1.60821
52530 1.60742
52545 1.60672
52560 1.60658
52575 1.60652
52590 1.60623
52605 1.60616
52620 1.6039
52635 1.60358
52650 1.60414
52665 1.60337
52680 1.60379
52695 1.6033
52710 1.60188
52725 1.60167
52740 1.60003
52755 1.59973
52770 1.59991
52785 1.59967
52800 1.59965
52815 1.59923
52830 1.5987
52845 1.59787
52860 1.59631
52875 1.59576
52890 1.59536
52905 1.59586
52920 1.59541
52935 1.5948
52950 1.59439
52965 1.59302
52980 1.59236
52995 1.59039
53010 1.5904
53025 1.58946
53040 1.58971
53055 1.58946
53070 1.58589
53085 1.58592
53100 1.58488
53115 1.58403
53130 1.58266
53145 1.58174
53160 1.58159
53175 1.58147
53190 1.58064
53205 1.58049
53220 1.57601
53235 1.57711
53250 1.57671
53265 1.57601
53280 1.57582
53295 1.57542
53310 1.57551
53325 1.57569
53340 1.57561
53355 1.57513
53370 1.57519
53385 1.57482
53400 1.57393
53415 1.57227
53430 1.57197
53445 1.57199
53460 1.57088
53475 1.56757
53490 1.56778
53505 1.56827
53520 1.56712
53535 1.56666
53550 1.56653
53565 1.56592
53580 1.56438
53595 1.56436
53610 1.56465
53625 1.5636
53640 1.56299
53655 1.56301
53670 1.56243
53685 1.56175
53700 1.56146
53715 1.56157
53730 1.56166
53745 1.56151
53760 1.56139
53775 1.56108
53790 1.56097
53805 1.56038
53820 1.56013
53835 1.5598
53850 1.55975
53865 1.55991
53880 1.55866
53895 1.55871
53910 1.55915
53925 1.55878
53940 1.55847
53955 1.55908
53970 1.55731
53985 1.55688
54000 1.55531
54015 1.5551
54030 1.55437
54045 1.55522
54060 1.5549
54075 1.55489
54090 1.55396
54105 1.55386
54120 1.55413
54135 1.55432
54150 1.55401
54165 1.55361
54180 1.5537
54195 1.5536
54210 1.55323
54225 1.55166
54240 1.55132
54255 1.5513
54270 1.55069
54285 1.55037
54300 1.55013
54315 1.55022
54330 1.55021
54345 1.55064
54360 1.54853
54375 1.54761
54390 1.54752
54405 1.54642
54420 1.54596
54435 1.54603
54450 1.54437
54465 1.54237
54480 1.54221
54495 1.54153
54510 1.54001
54525 1.5389
54540 1.53865
54555 1.53871
54570 1.53777
54585 1.53785
54600 1.53769
54615 1.53767
54630 1.53707
54645 1.53703
54660 1.53664
54675 1.53635
54690 1.53648
54705 1.53631
54720 1.53615
54735 1.53573
54750 1.53569
54765 1.53584
54780 1.53586
54795 1.53582
54810 1.53537
54825 1.53534
54840 1.53485
54855 1.53423
54870 1.53422
54885 1.53432
54900 1.5336
54915 1.53277
54930 1.53254
54945 1.53248
54960 1.53258
54975 1.53258
54990 1.53266
55005 1.53239
55020 1.5327
55035 1.53125
55050 1.53086
55065 1.53058
55080 1.53008
55095 1.52932
55110 1.52964
55125 1.52917
55140 1.52903
55155 1.52906
55170 1.52891
55185 1.52838
55200 1.52847
55215 1.52805
55230 1.52685
55245 1.52664
55260 1.52621
55275 1.52567
55290 1.52499
55305 1.52441
55320 1.52391
55335 1.52313
55350 1.52175
55365 1.52132
55380 1.52091
55395 1.52084
55410 1.52045
55425 1.52036
55440 1.52041
55455 1.51985
55470 1.51995
55485 1.51914
55500 1.51625
55515 1.51516
55530 1.51458
55545 1.51502
55560 1.51537
55575 1.5155
55590 1.5155
55605 1.51532
55620 1.51501
55635 1.5143
55650 1.51408
55665 1.51332
55680 1.51242
55695 1.51247
55710 1.51232
55725 1.51198
55740 1.51179
55755 1.51007
55770 1.51
55785 1.50982
55800 1.50972
55815 1.50913
55830 1.50903
55845 1.50869
55860 1.50841
55875 1.50822
55890 1.50806
55905 1.50782
55920 1.50748
55935 1.50706
55950 1.50672
55965 1.50606
55980 1.50399
55995 1.50271
56010 1.50134
56025 1.50133
56040 1.50156
56055 1.50145
56070 1.50076
56085 1.50066
56100 1.50087
56115 1.50097
56130 1.50149
56145 1.50141
56160 1.50115
56175 1.50054
56190 1.50064
56205 1.49847
56220 1.49839
56235 1.49843
56250 1.49835
56265 1.49644
56280 1.49537
56295 1.49435
56310 1.49414
56325 1.49312
56340 1.49302
56355 1.4911
56370 1.49094
56385 1.49076
56400 1.49074
56415 1.49013
56430 1.49012
56445 1.48829
56460 1.48799
56475 1.48715
56490 1.48729
56505 1.48737
56520 1.48683
56535 1.48645
56550 1.48648
56565 1.48611
56580 1.48523
56595 1.48345
56610 1.48282
56625 1.48199
56640 1.48205
56655 1.4805
56670 1.47999
56685 1.47984
56700 1.47948
56715 1.47898
56730 1.47781
56745 1.47706
56760 1.47698
56775 1.47637
56790 1.4763
56805 1.47516
56820 1.47467
56835 1.47479
56850 1.47507
56865 1.47517
56880 1.4751
56895 1.47437
56910 1.47371
56925 1.47356
56940 1.47343
56955 1.47353
56970 1.47283
56985 1.4733
57000 1.47259
57015 1.47196
57030 1.47141
57045 1.47103
57060 1.47038
57075 1.47011
57090 1.46906
57105 1.4689
57120 1.46829
57135 1.46805
57150 1.46822
57165 1.46705
57180 1.46606
57195 1.4661
57210 1.46623
57225 1.46536
57240 1.46476
57255 1.46405
57270 1.46449
57285 1.46478
57300 1.46381
57315 1.46371
57330 1.46328
57345 1.46307
57360 1.46308
57375 1.46293
57390 1.46262
57405 1.46292
57420 1.46248
57435 1.46244
57450 1.46251
57465 1.46196
57480 1.46139
57495 1.46099
57510 1.46013
57525 1.45789
57540 1.45789
57555 1.45782
57570 1.45692
57585 1.45674
57600 1.45501
57615 1.45503
57630 1.45495
57645 1.45463
57660 1.45321
57675 1.45323
57690 1.4534
57705 1.45209
57720 1.45204
57735 1.45178
57750 1.45158
57765 1.4515
57780 1.45141
57795 1.45144
57810 1.45101
57825 1.4514
57840 1.44973
57855 1.4499
57870 1.44951
57885 1.44949
57900 1.44911
57915 1.44897
57930 1.44867
57945 1.44799
57960 1.44749
57975 1.44708
57990 1.4471
58005 1.44516
58020 1.4451
58035 1.44532
58050 1.44369
58065 1.4435
58080 1.44342
58095 1.44302
58110 1.44292
58125 1.44245
58140 1.44247
58155 1.44196
58170 1.4419
58185 1.4405
58200 1.44032
58215 1.4404
58230 1.43937
58245 1.43914
58260 1.4387
58275 1.43865
58290 1.43635
58305 1.43599
58320 1.43598
58335 1.43569
58350 1.43551
58365 1.43456
58380 1.43402
58395 1.43405
58410 1.43405
58425 1.43398
58440 1.43414
58455 1.43438
58470 1.43409
58485 1.43413
58500 1.43381
58515 1.43389
58530 1.43354
58545 1.43357
58560 1.43267
58575 1.43188
58590 1.43167
58605 1.4316
58620 1.43154
58635 1.42982
58650 1.42978
58665 1.42962
58680 1.42967
58695 1.42965
58710 1.42872
58725 1.42935
58740 1.42916
58755 1.42814
58770 1.42792
58785 1.42762
58800 1.42734
58815 1.42638
58830 1.42639
58845 1.42593
58860 1.4256
58875 1.42535
58890 1.42573
58905 1.42597
58920 1.42644
58935 1.42597
58950 1.42421
58965 1.42228
58980 1.42247
58995 1.42214
59010 1.42205
59025 1.42178
59040 1.42193
59055 1.4219
59070 1.42175
59085 1.42164
59100 1.42099
59115 1.42111
59130 1.42029
59145 1.42006
59160 1.41984
59175 1.41972
59190 1.41909
59205 1.41904
59220 1.41882
59235 1.41887
59250 1.41742
59265 1.41699
59280 1.41637
59295 1.41583
59310 1.41581
59325 1.41389
59340 1.41355
59355 1.41313
59370 1.41306
59385 1.41211
59400 1.41187
59415 1.41201
59430 1.41192
59445 1.41163
59460 1.41139
59475 1.41005
59490 1.40995
59505 1.40896
59520 1.40891
59535 1.40902
59550 1.40879
59565 1.40849
59580 1.4084
59595 1.4081
59610 1.40818
59625 1.40821
59640 1.40796
59655 1.40784
59670 1.40811
59685 1.40781
59700 1.4076
59715 1.40786
59730 1.40784
59745 1.40794
59760 1.40731
59775 1.40676
59790 1.40681
59805 1.40608
59820 1.40582
59835 1.40608
59850 1.40564
59865 1.40576
59880 1.40522
59895 1.40501
59910 1.40501
59925 1.40502
59940 1.40456
59955 1.40466
59970 1.40382
59985 1.40351
60000 1.40268
60015 1.40258
60030 1.40234
60045 1.40204
60060 1.40202
60075 1.4019
60090 1.40168
60105 1.40113
60120 1.40129
60135 1.40188
60150 1.40162
60165 1.40168
60180 1.4014
60195 1.40143
60210 1.40046
60225 1.40039
60240 1.40034
60255 1.40056
60270 1.40058
60285 1.39996
60300 1.40008
60315 1.40019
60330 1.40053
60345 1.40139
60360 1.40074
60375 1.40039
60390 1.40051
60405 1.40026
60420 1.3997
60435 1.39945
60450 1.3994
60465 1.3985
60480 1.39851
60495 1.39844
60510 1.3977
60525 1.3973
60540 1.39716
60555 1.39728
60570 1.39651
60585 1.39631
60600 1.39594
60615 1.39568
60630 1.3949
60645 1.39452
60660 1.3944
60675 1.39278
60690 1.39304
60705 1.39298
60720 1.39297
60735 1.39294
60750 1.39273
60765 1.39244
60780 1.39249
60795 1.39267
60810 1.39213
60825 1.39221
60840 1.39148
60855 1.39196
60870 1.39195
60885 1.39153
60900 1.39139
60915 1.39043
60930 1.39036
60945 1.38934
60960 1.38956
60975 1.38956
60990 1.38926
61005 1.38939
61020 1.38958
61035 1.38884
61050 1.38844
61065 1.38847
61080 1.38845
61095 1.38799
61110 1.38772
61125 1.38746
61140 1.38734
61155 1.38762
61170 1.38674
61185 1.38663
61200 1.38624
61215 1.38623
61230 1.38612
61245 1.38643
61260 1.3864
61275 1.38637
61290 1.38647
61305 1.38601
61320 1.38553
61335 1.38483
61350 1.38495
61365 1.38473
61380 1.38432
61395 1.38443
61410 1.38292
61425 1.38281
61440 1.3818
61455 1.38138
61470 1.38134
61485 1.38123
61500 1.38095
61515 1.38101
61530 1.38007
61545 1.37973
61560 1.37971
61575 1.37975
61590 1.37986
61605 1.37987
61620 1.37991
61635 1.37963
61650 1.37947
61665 1.37919
61680 1.3791
61695 1.3786
61710 1.37743
61725 1.37764
61740 1.37768
61755 1.37756
61770 1.37725
61785 1.37678
61800 1.37668
61815 1.37674
61830 1.37582
61845 1.37574
61860 1.37554
61875 1.37544
61890 1.37554
61905 1.37551
61920 1.37563
61935 1.37526
61950 1.3745
61965 1.37427
61980 1.37445
61995 1.37403
62010 1.37397
62025 1.37366
62040 1.37321
62055 1.37261
62070 1.37277
62085 1.37273
62100 1.37251
62115 1.37193
62130 1.3718
62145 1.37181
62160 1.37178
62175 1.37051
62190 1.3704
62205 1.36993
62220 1.36988
62235 1.36938
62250 1.36929
62265 1.369
62280 1.3691
62295 1.36901
62310 1.3691
62325 1.36906
62340 1.36913
62355 1.3685
62370 1.36813
62385 1.36804
62400 1.3677
62415 1.36772
62430 1.36791
62445 1.36796
62460 1.36834
62475 1.36842
62490 1.36822
62505 1.36794
62520 1.36791
62535 1.36775
62550 1.368
62565 1.36801
62580 1.36771
62595 1.36728
62610 1.36741
62625 1.36732
62640 1.3668
62655 1.36627
62670 1.36611
62685 1.36587
62700 1.36584
62715 1.36577
62730 1.36577
62745 1.36528
62760 1.36365
62775 1.36361
62790 1.36349
62805 1.3634
62820 1.3633
62835 1.36255
62850 1.36171
62865 1.36148
62880 1.36128
62895 1.36121
62910 1.36096
62925 1.36102
62940 1.36127
62955 1.36124
62970 1.36099
62985 1.3611
63000 1.36037
63015 1.36052
63030 1.35958
63045 1.35823
63060 1.35798
63075 1.3575
63090 1.35758
63105 1.35713
63120 1.35625
63135 1.3561
63150 1.35567
63165 1.35606
63180 1.35548
63195 1.35546
63210 1.35501
63225 1.35497
63240 1.3552
63255 1.35497
63270 1.35434
63285 1.35403
63300 1.35344
63315 1.35275
63330 1.35271
63345 1.35098
63360 1.35085
63375 1.3509
63390 1.35058
63405 1.35064
63420 1.35082
63435 1.35094
63450 1.35093
63465 1.3502
63480 1.35031
63495 1.35011
63510 1.34957
63525 1.349
63540 1.34875
63555 1.34879
63570 1.3486
63585 1.3486
63600 1.34837
63615 1.34748
63630 1.34681
63645 1.34602
63660 1.3459
63675 1.34612
63690 1.34577
63705 1.34571
63720 1.34534
63735 1.34543
63750 1.34514
63765 1.34517
63780 1.34481
63795 1.34414
63810 1.34369
63825 1.34403
63840 1.34303
63855 1.3428
63870 1.34259
63885 1.34217
63900 1.34215
63915 1.34192
63930 1.34177
63945 1.3417
63960 1.34175
63975 1.34204
63990 1.34195
64005 1.34191
64020 1.34187
64035 1.34119
64050 1.34085
64065 1.34027
64080 1.33993
64095 1.33976
64110 1.33808
64125 1.33762
64140 1.33782
64155 1.33796
64170 1.33782
64185 1.33762
64200 1.33648
64215 1.33644
64230 1.33677
64245 1.33617
64260 1.33547
64275 1.33479
64290 1.33457
64305 1.33469
64320 1.33437
64335 1.33428
64350 1.3343
64365 1.33368
64380 1.33308
64395 1.33241
64410 1.33259
64425 1.33263
64440 1.33244
64455 1.33204
64470 1.33226
64485 1.33219
64500 1.33174
64515 1.33149
64530 1.33094
64545 1.33086
64560 1.33095
64575 1.33091
64590 1.33072
64605 1.33109
64620 1.33114
64635 1.33105
64650 1.33155
64665 1.33159
64680 1.33143
64695 1.33123
64710 1.33152
64725 1.33152
64740 1.33005
64755 1.32986
64770 1.32951
64785 1.32911
64800 1.32914
64815 1.32944
64830 1.32922
64845 1.32916
64860 1.32907
64875 1.32867
64890 1.32803
64905 1.3277
64920 1.32756
64935 1.32751
64950 1.32673
64965 1.3264
64980 1.32631
64995 1.32647
65010 1.32562
65025 1.32422
65040 1.32424
65055 1.32424
65070 1.32429
65085 1.32432
65100 1.32414
65115 1.32398
65130 1.32379
65145 1.32298
65160 1.32309
65175 1.32288
65190 1.32228
65205 1.3217
65220 1.3218
65235 1.32164
65250 1.32168
65265 1.32209
65280 1.32207
65295 1.32203
65310 1.32184
65325 1.32202
65340 1.32185
65355 1.32156
65370 1.32175
65385 1.32169
65400 1.3217
65415 1.32169
65430 1.32112
65445 1.32108
65460 1.32173
65475 1.32153
65490 1.32144
65505 1.32147
65520 1.32175
65535 1.32165
65550 1.32171
65565 1.32152
65580 1.32153
65595 1.32099
65610 1.32096
65625 1.32083
65640 1.32083
65655 1.32072
65670 1.32065
65685 1.32091
65700 1.32106
65715 1.32121
65730 1.32057
65745 1.32044
65760 1.32074
65775 1.32059
65790 1.32041
65805 1.31975
65820 1.31969
65835 1.31802
65850 1.31711
65865 1.3169
65880 1.31701
65895 1.3155
65910 1.31535
65925 1.31542
65940 1.31546
65955 1.3145
65970 1.31424
65985 1.31422
66000 1.31433
66015 1.31376
66030 1.31374
66045 1.31326
66060 1.3127
66075 1.31187
66090 1.31157
66105 1.31165
66120 1.31175
66135 1.31183
66150 1.31173
66165 1.31227
66180 1.31227
66195 1.31078
66210 1.31072
66225 1.31033
66240 1.3091
66255 1.30911
66270 1.30929
66285 1.30837
66300 1.30802
66315 1.30804
66330 1.30775
66345 1.30769
66360 1.3075
66375 1.30753
66390 1.30769
66405 1.30751
66420 1.30785
66435 1.30781
66450 1.30737
66465 1.30705
66480 1.30712
66495 1.30705
66510 1.30662
66525 1.30665
66540 1.30659
66555 1.30648
66570 1.3064
66585 1.30643
66600 1.3061
66615 1.30533
66630 1.30496
66645 1.3049
66660 1.30489
66675 1.30471
66690 1.30419
66705 1.30427
66720 1.30368
66735 1.30344
66750 1.30327
66765 1.30203
66780 1.30171
66795 1.30156
66810 1.3012
66825 1.29998
66840 1.29991
66855 1.2996
66870 1.29983
66885 1.29989
66900 1.29988
66915 1.3
66930 1.30003
66945 1.30005
66960 1.29975
66975 1.29961
66990 1.29975
67005 1.29956
67020 1.29969
67035 1.29964
67050 1.29971
67065 1.29936
67080 1.29935
67095 1.29893
67110 1.29884
67125 1.29892
67140 1.29893
67155 1.29894
67170 1.29845
67185 1.2986
67200 1.29861
67215 1.29835
67230 1.29838
67245 1.29823
67260 1.29833
67275 1.2982
67290 1.29835
67305 1.29814
67320 1.29809
67335 1.298
67350 1.29766
67365 1.29716
67380 1.2975
67395 1.29733
67410 1.29742
67425 1.2972
67440 1.29703
67455 1.2968
67470 1.29689
67485 1.29664
67500 1.29678
67515 1.29688
67530 1.29593
67545 1.29553
67560 1.29562
67575 1.29623
67590 1.29606
67605 1.29607
67620 1.29571
67635 1.2958
67650 1.29579
67665 1.29587
67680 1.29566
67695 1.29517
67710 1.29523
67725 1.29557
67740 1.29575
67755 1.29573
67770 1.29557
67785 1.29534
67800 1.29533
67815 1.29462
67830 1.29436
67845 1.29322
67860 1.2933
67875 1.29317
67890 1.29305
67905 1.29302
67920 1.29302
67935 1.29291
67950 1.29289
67965 1.29251
67980 1.29239
67995 1.29241
68010 1.29195
68025 1.29173
68040 1.29154
68055 1.29121
68070 1.2908
68085 1.29085
68100 1.29053
68115 1.29
68130 1.28967
68145 1.28962
68160 1.28931
68175 1.28947
68190 1.28932
68205 1.28881
68220 1.28835
68235 1.28822
68250 1.28792
68265 1.2875
68280 1.28754
68295 1.28736
68310 1.28738
68325 1.28714
68340 1.28651
68355 1.28601
68370 1.28589
68385 1.28553
68400 1.28519
68415 1.28501
68430 1.28502
68445 1.28498
68460 1.28488
68475 1.28481
68490 1.28484
68505 1.28475
68520 1.28528
68535 1.28495
68550 1.28459
68565 1.28459
68580 1.28404
68595 1.28435
68610 1.28439
68625 1.28431
68640 1.28396
68655 1.28392
68670 1.28387
68685 1.2838
68700 1.28376
68715 1.28385
68730 1.28382
68745 1.28327
68760 1.28334
68775 1.28336
68790 1.28334
68805 1.28278
68820 1.28205
68835 1.28242
68850 1.28242
68865 1.28121
68880 1.28071
68895 1.28049
68910 1.27951
68925 1.27957
68940 1.27943
68955 1.27924
68970 1.27937
68985 1.2794
69000 1.27959
69015 1.27931
69030 1.27933
69045 1.27924
69060 1.27929
69075 1.27916
69090 1.27931
69105 1.27928
69120 1.27871
69135 1.27805
69150 1.27776
69165 1.27766
69180 1.27731
69195 1.2767
69210 1.27664
69225 1.27655
69240 1.27638
69255 1.27585
69270 1.27555
69285 1.27564
69300 1.27538
69315 1.27549
69330 1.27537
69345 1.2753
69360 1.27513
69375 1.27527
69390 1.27521
69405 1.27499
69420 1.27502
69435 1.27497
69450 1.27447
69465 1.27435
69480 1.27371
69495 1.27377
69510 1.2737
69525 1.27336
69540 1.27294
69555 1.27272
69570 1.27278
69585 1.27264
69600 1.27258
69615 1.27282
69630 1.27266
69645 1.27271
69660 1.27257
69675 1.2726
69690 1.27164
69705 1.27116
69720 1.27119
69735 1.27111
69750 1.27116
69765 1.27126
69780 1.27151
69795 1.27144
69810 1.27141
69825 1.27111
69840 1.27086
69855 1.2709
69870 1.27073
69885 1.27089
69900 1.2709
69915 1.27103
69930 1.27099
69945 1.27049
69960 1.27042
69975 1.27053
69990 1.27015
70005 1.26982
70020 1.26553
70035 1.26417
70050 1.26403
70065 1.26406
70080 1.2642
70095 1.26406
70110 1.26375
70125 1.26382
70140 1.26379
70155 1.26395
70170 1.26383
70185 1.26384
70200 1.26362
70215 1.26378
70230 1.26355
70245 1.26362
70260 1.26346
70275 1.26353
70290 1.26373
70305 1.26379
70320 1.26339
70335 1.26335
70350 1.26311
70365 1.26301
70380 1.26294
70395 1.26258
70410 1.26285
70425 1.26242
70440 1.26211
70455 1.26266
70470 1.26255
70485 1.2624
70500 1.26187
70515 1.26162
70530 1.26176
70545 1.26104
70560 1.261
70575 1.26068
70590 1.26038
70605 1.25999
70620 1.25941
70635 1.25947
70650 1.25899
70665 1.25808
70680 1.25777
70695 1.25708
70710 1.25705
70725 1.25683
70740 1.25705
70755 1.25713
70770 1.25713
70785 1.25693
70800 1.25695
70815 1.25607
70830 1.25587
70845 1.2559
70860 1.25607
70875 1.25606
70890 1.25576
70905 1.25561
70920 1.2554
70935 1.25548
70950 1.25548
70965 1.25525
70980 1.25445
70995 1.25413
71010 1.25417
71025 1.25338
71040 1.25348
71055 1.25345
71070 1.25318
71085 1.25295
71100 1.25322
71115 1.25223
71130 1.25242
71145 1.25183
71160 1.25155
71175 1.25135
71190 1.2514
71205 1.2515
71220 1.25143
71235 1.25077
71250 1.25051
71265 1.25032
71280 1.25015
71295 1.2502
71310 1.25003
71325 1.24973
71340 1.24933
71355 1.24943
71370 1.2491
71385 1.24902
71400 1.24847
71415 1.24845
71430 1.24867
71445 1.24859
71460 1.24838
71475 1.24786
71490 1.24786
71505 1.24749
71520 1.2474
71535 1.24687
71550 1.24664
71565 1.24587
71580 1.24586
71595 1.24596
71610 1.24553
71625 1.24588
71640 1.24575
71655 1.24563
71670 1.24537
71685 1.24517
71700 1.2451
71715 1.24524
71730 1.24543
71745 1.24531
71760 1.2451
71775 1.24486
71790 1.2443
71805 1.24417
71820 1.24369
71835 1.24391
71850 1.24376
71865 1.24386
71880 1.24393
71895 1.24407
71910 1.24439
71925 1.24447
71940 1.24411
71955 1.24418
71970 1.24441
71985 1.24459
72000 1.24435
72015 1.24446
72030 1.24478
72045 1.2448
72060 1.24493
72075 1.24491
72090 1.24498
72105 1.24518
72120 1.24467
72135 1.24472
72150 1.24446
72165 1.24397
72180 1.24389
72195 1.24371
72210 1.24379
72225 1.24373
72240 1.24316
72255 1.24304
72270 1.24219
72285 1.24234
72300 1.24236
72315 1.24266
72330 1.24281
72345 1.24294
72360 1.243
72375 1.24288
72390 1.24273
72405 1.24265
72420 1.24259
72435 1.24246
72450 1.24233
72465 1.24236
72480 1.24224
72495 1.24127
72510 1.24136
72525 1.24112
72540 1.24095
72555 1.24077
72570 1.24043
72585 1.24058
72600 1.24042
72615 1.24042
72630 1.24008
72645 1.24
72660 1.23982
72675 1.23967
72690 1.23921
72705 1.23967
72720 1.23956
72735 1.23934
72750 1.23927
72765 1.2392
72780 1.23899
72795 1.23861
72810 1.23855
72825 1.2381
72840 1.23769
72855 1.23796
72870 1.23792
72885 1.23788
72900 1.2377
72915 1.23776
72930 1.23776
72945 1.23713
72960 1.23703
72975 1.23692
72990 1.23689
73005 1.23662
73020 1.23662
73035 1.23596
73050 1.23592
73065 1.23568
73080 1.23547
73095 1.23586
73110 1.2359
73125 1.23586
73140 1.23579
73155 1.23545
73170 1.23466
73185 1.23469
73200 1.23431
73215 1.23399
73230 1.23331
73245 1.23334
73260 1.23355
73275 1.23355
73290 1.23333
73305 1.23342
73320 1.23349
73335 1.23351
73350 1.2337
73365 1.23376
73380 1.2338
73395 1.23359
73410 1.23349
73425 1.23353
73440 1.23344
73455 1.23318
73470 1.23316
73485 1.23319
73500 1.23324
73515 1.23325
73530 1.23316
73545 1.23311
73560 1.23295
73575 1.2328
73590 1.23286
73605 1.23258
73620 1.232
73635 1.23198
73650 1.23177
73665 1.23191
73680 1.2314
73695 1.23155
73710 1.23133
73725 1.2314
73740 1.23144
73755 1.23107
73770 1.23095
73785 1.23077
73800 1.2303
73815 1.22989
73830 1.23
73845 1.22987
73860 1.22997
73875 1.22989
73890 1.22987
73905 1.2298
73920 1.22948
73935 1.22949
73950 1.22945
73965 1.22969
73980 1.22938
73995 1.22908
74010 1.229
74025 1.22858
74040 1.22823
74055 1.2281
74070 1.22772
74085 1.22767
74100 1.22777
74115 1.22742
74130 1.22734
74145 1.22729
74160 1.22726
74175 1.22604
74190 1.22604
74205 1.22606
74220 1.22611
74235 1.22581
74250 1.22568
74265 1.2258
74280 1.22581
74295 1.22551
74310 1.22531
74325 1.22528
74340 1.22494
74355 1.22494
74370 1.22483
74385 1.22487
74400 1.22459
74415 1.22468
74430 1.22396
74445 1.22395
74460 1.22401
74475 1.22422
74490 1.22392
74505 1.22396
74520 1.22299
74535 1.22282
74550 1.22289
74565 1.22295
74580 1.22308
74595 1.22305
74610 1.22305
74625 1.22292
74640 1.22288
74655 1.22258
74670 1.22132
74685 1.22131
74700 1.22111
74715 1.2212
74730 1.2213
74745 1.22131
74760 1.22129
74775 1.2213
74790 1.221
74805 1.22109
74820 1.22128
74835 1.22113
74850 1.22128
74865 1.22086
74880 1.22087
74895 1.22069
74910 1.22075
74925 1.22069
74940 1.22062
74955 1.22042
74970 1.22043
74985 1.2206
