0 1
15 1
30 1
45 1
60 1
75 1
90 1
105 1
120 1
135 1
150 1
165 1
180 1
195 1
210 1
225 1
240 1.01005
255 1.01065
270 1.01125
285 1.03546
300 1.03727
315 1.05212
330 1.05452
345 1.05692
360 1.05932
375 1.06165
390 1.06405
405 1.06645
420 1.06885
435 1.07095
450 1.07324
465 1.09425
480 1.09711
495 1.09989
510 1.10282
525 1.10553
540 1.10846
555 1.11125
570 1.11411
585 1.11653
600 1.11947
615 1.12218
630 1.12483
645 1.12748
660 1.13005
675 1.13277
690 1.13528
705 1.13786
720 1.14066
735 1.14325
750 1.14612
765 1.14885
780 1.1513
795 1.15354
810 1.15606
825 1.15845
840 1.16097
855 1.16372
870 1.16632
885 1.16892
900 1.17146
915 1.17379
930 1.17587
945 1.17841
960 1.18082
975 1.18281
990 1.18501
1005 1.18736
1020 1.19475
1035 1.19741
1050 1.20018
1065 1.20833
1080 1.21106
1095 1.21395
1110 1.21687
1125 1.21989
1140 1.22271
1155 1.23246
1170 1.23557
1185 1.23818
1200 1.24136
1215 1.24431
1230 1.24741
1245 1.25032
1260 1.26189
1275 1.26512
1290 1.26795
1305 1.28121
1320 1.28485
1335 1.28816
1350 1.29151
1365 1.29516
1380 1.29872
1395 1.30175
1410 1.30648
1425 1.30997
1440 1.31348
1455 1.31737
1470 1.321
1485 1.32489
1500 1.32858
1515 1.3323
1530 1.33582
1545 1.33938
1560 1.3429
1575 1.34663
1590 1.35035
1605 1.35382
1620 1.35741
1635 1.36127
1650 1.36458
1665 1.36839
1680 1.37199
1695 1.37529
1710 1.37906
1725 1.38294
1740 1.38669
1755 1.3904
1770 1.39404
1785 1.39743
1800 1.40104
1815 1.40484
1830 1.4091
1845 1.41286
1860 1.41638
1875 1.42001
1890 1.4237
1905 1.42726
1920 1.43069
1935 1.43412
1950 1.4381
1965 1.44208
1980 1.44577
1995 1.45224
2010 1.4597
2025 1.46371
2040 1.46808
2055 1.47213
2070 1.48085
2085 1.48501
2100 1.48922
2115 1.49345
2130 1.49761
2145 1.50198
2160 1.50576
2175 1.51458
2190 1.5192
2205 1.52382
2220 1.52808
2235 1.53262
2250 1.53727
2265 1.54185
2280 1.54666
2295 1.55116
2310 1.55597
2325 1.56012
2340 1.56513
2355 1.57002
2370 1.57503
2385 1.57959
2400 1.58398
2415 1.58811
2430 1.59224
2445 1.59669
2460 1.60113
2475 1.6049
2490 1.60884
2505 1.61312
2520 1.61831
2535 1.62351
2550 1.62859
2565 1.63334
2580 1.63761
2595 1.64278
2610 1.64684
2625 1.65133
2640 1.65618
2655 1.66095
2670 1.66613
2685 1.67113
2700 1.6796
2715 1.68445
2730 1.68956
2745 1.69391
2760 1.6986
2775 1.70299
2790 1.70861
2805 1.71989
2820 1.7254
2835 1.73063
2850 1.74129
2865 1.74661
2880 1.75142
2895 1.75678
2910 1.76131
2925 1.76668
2940 1.77181
2955 1.7773
2970 1.78235
2985 1.78781
3000 1.79313
3015 1.79915
3030 1.80502
3045 1.80949
3060 1.81393
3075 1.81965
3090 1.82604
3105 1.83093
3120 1.84715
3135 1.85329
3150 1.85935
3165 1.86511
3180 1.87064
3195 1.8769
3210 1.88227
3225 1.89114
3240 1.89735
3255 1.90288
3270 1.90845
3285 1.91431
3300 1.921
3315 1.92606
3330 1.93234
3345 1.93798
3360 1.94397
3375 1.95047
3390 1.96108
3405 1.96693
3420 1.9738
3435 1.97969
3450 1.98591
3465 1.99167
3480 1.99874
3495 2.00497
3510 2.01095
3525 2.01801
3540 2.02404
3555 2.02973
3570 2.0347
3585 2.0507
3600 2.05795
3615 2.0647
3630 2.07298
3645 2.08577
3660 2.09271
3675 2.10013
3690 2.10723
3705 2.11421
3720 2.12107
3735 2.12879
3750 2.1369
3765 2.14496
3780 2.15275
3795 2.16604
3810 2.17338
3825 2.18125
3840 2.18911
3855 2.19512
3870 2.20157
3885 2.20929
3900 2.21786
3915 2.22487
3930 2.23523
3945 2.24252
3960 2.25082
3975 2.26004
3990 2.27707
4005 2.28567
4020 2.2939
4035 2.30277
4050 2.31192
4065 2.32142
4080 2.33484
4095 2.34345
4110 2.35619
4125 2.36442
4140 2.37429
4155 2.38351
4170 2.38988
4185 2.39812
4200 2.40864
4215 2.41747
4230 2.42839
4245 2.43739
4260 2.45163
4275 2.4615
4290 2.46906
4305 2.47788
4320 2.48619
4335 2.49518
4350 2.50606
4365 2.51541
4380 2.52509
4395 2.53545
4410 2.5459
4425 2.55506
4440 2.56604
4455 2.57463
4470 2.58533
4485 2.5943
4500 2.61216
4515 2.62288
4530 2.63189
4545 2.6416
4560 2.65233
4575 2.6636
4590 2.67311
4605 2.68091
4620 2.70329
4635 2.71461
4650 2.72462
4665 2.73554
4680 2.74482
4695 2.75547
4710 2.76641
4725 2.7947
4740 2.80606
4755 2.81727
4770 2.82705
4785 2.84087
4800 2.8499
4815 2.86306
4830 2.87757
4845 2.8906
4860 2.90164
4875 2.91925
4890 2.93159
4905 2.94348
4920 2.95542
4935 2.96868
4950 2.98813
4965 3.00094
4980 3.01323
4995 3.02902
5010 3.04148
5025 3.0545
5040 3.07096
5055 3.0837
5070 3.09726
5085 3.11389
5100 3.12554
5115 3.13931
5130 3.15663
5145 3.18793
5160 3.20292
5175 3.21399
5190 3.22835
5205 3.24216
5220 3.25694
5235 3.27768
5250 3.29023
5265 3.31195
5280 3.32619
5295 3.34047
5310 3.35714
5325 3.37475
5340 3.40392
5355 3.42572
5370 3.43944
5385 3.45479
5400 3.48074
5415 3.50868
5430 3.52528
5445 3.54151
5460 3.56396
5475 3.58226
5490 3.60152
5505 3.61775
5520 3.63605
5535 3.65584
5550 3.67735
5565 3.69657
5580 3.72193
5595 3.74209
5610 3.76485
5625 3.78512
5640 3.80884
5655 3.83086
5670 3.85181
5685 3.87116
5700 3.88786
5715 3.90899
5730 3.93386
5745 3.95924
5760 3.98175
5775 4.00483
5790 4.01869
5805 4.05341
5820 4.09182
5835 4.10735
5850 4.1221
5865 4.14666
5880 4.17434
5895 4.1968
5910 4.2295
5925 4.25713
5940 4.28127
5955 4.30667
5970 4.34122
5985 4.36546
6000 4.38568
6015 4.41492
6030 4.43982
6045 4.46834
6060 4.49175
6075 4.52063
6090 4.54921
6105 4.59309
6120 4.63075
6135 4.65859
6150 4.69636
6165 4.72421
6180 4.75133
6195 4.77698
6210 4.80849
6225 4.83619
6240 4.86964
6255 4.89611
6270 4.92105
6285 4.95134
6300 4.98937
6315 5.01572
6330 5.05085
6345 5.09407
6360 5.14005
6375 5.17616
6390 5.20716
6405 5.24565
6420 5.28672
6435 5.32815
6450 5.37199
6465 5.42526
6480 5.4712
6495 5.514
6510 5.55104
6525 5.58289
6540 5.63762
6555 5.68961
6570 5.72431
6585 5.77107
6600 5.82154
6615 5.86532
6630 5.9203
6645 5.96503
6660 6.00703
6675 6.05467
6690 6.10528
6705 6.14987
6720 6.20833
6735 6.27239
6750 6.32521
6765 6.37957
6780 6.42889
6795 6.48078
6810 6.52629
6825 6.58533
6840 6.65253
6855 6.71008
6870 6.75044
6885 6.82136
6900 6.89826
6915 6.94245
6930 7.01074
6945 7.07477
6960 7.14505
6975 7.20938
6990 7.27495
7005 7.33025
7020 7.38151
7035 7.44477
7050 7.49832
7065 7.56858
7080 7.67675
7095 7.74851
7110 7.84339
7125 7.93434
7140 8.01293
7155 8.10165
7170 8.19745
7185 8.28734
7200 8.38698
7215 8.47864
7230 8.5754
7245 8.67082
7260 8.78487
7275 8.85715
7290 8.95246
7305 9.05144
7320 9.15207
7335 9.24649
7350 9.3608
7365 9.44685
7380 9.58767
7395 9.68405
7410 9.76825
7425 9.92212
7440 10.0436
7455 10.1561
7470 10.2742
7485 10.3738
7500 10.5015
7515 10.6277
7530 10.7703
7545 10.9638
7560 11.1191
7575 11.3312
7590 11.488
7605 11.6595
7620 11.7892
7635 11.8959
7650 12.0848
7665 12.2643
7680 12.4865
7695 12.6987
7710 12.8857
7725 13.1411
7740 13.3784
7755 13.5639
7770 13.8302
7785 14.0571
7800 14.3017
7815 14.4921
7830 14.7793
7845 15.0255
7860 15.2874
7875 15.6126
7890 15.8343
7905 16.1128
7920 16.4645
7935 16.6755
7950 16.947
7965 17.3532
7980 17.6861
7995 18.0289
8010 18.3618
8025 18.6799
8040 19.1038
8055 19.457
8070 20.1008
8085 20.4739
8100 20.9024
8115 21.3018
8130 21.8259
8145 22.3418
8160 22.8175
8175 23.3482
8190 23.9348
8205 24.6789
8220 25.2337
8235 25.6885
8250 26.6695
8265 27.4884
8280 28.2119
8295 29.0223
8310 29.8616
8325 30.8739
8340 31.6376
8355 32.8681
8370 34.09
8385 35.4583
8400 36.8349
8415 39.0904
8430 40.395
8445 42.4374
8460 44.6231
8475 46.9618
8490 48.4097
8505 50.4797
8520 52.3037
8535 54.3981
8550 56.5961
8565 61.2346
8580 65.5043
8595 68.3475
8610 72.0571
8625 74.9059
8640 80.3924
8655 87.8315
8670 94.124
8685 104.463
8700 112.853
8715 123.454
8730 128.683
8745 155.927
8760 170.116
8775 202.369
8790 199.176
8805 166.875
8820 120.959
8835 106.505
8850 130.668
8865 111.89
8880 113.812
8895 74.696
8910 61.4706
8925 24.6958
8940 15.7252
8955 11.5164
8970 10.1285
8985 8.45499
9000 7.8376
9015 7.14152
9030 6.84617
9045 6.16673
9060 6.16294
9075 5.24301
9090 5.20502
9105 5.1448
9120 5.23607
9135 4.88181
9150 4.57059
9165 4.4018
9180 4.334
9195 4.16836
9210 3.99844
9225 3.79877
9240 3.70608
9255 3.59429
9270 3.51219
9285 3.34039
9300 3.34145
9315 3.23985
9330 3.20402
9345 3.24129
9360 3.20628
9375 3.20227
9390 3.00816
9405 3.01163
9420 2.97711
9435 2.96283
9450 2.95424
9465 2.87906
9480 2.79081
9495 2.74606
9510 2.76259
9525 2.64149
9540 2.61782
9555 2.53876
9570 2.47591
9585 2.42677
9600 2.41633
9615 2.38635
9630 2.37238
9645 2.37742
9660 2.35722
9675 2.32017
9690 2.30433
9705 2.27186
9720 2.25852
9735 2.24802
9750 2.18281
9765 2.17894
9780 2.14913
9795 2.14662
9810 2.12168
9825 2.08552
9840 2.08415
9855 2.0584
9870 2.03581
9885 2.0296
9900 2.00625
9915 1.97535
9930 1.93748
9945 1.93428
9960 1.90765
9975 1.89071
9990 1.85226
10005 1.86464
10020 1.86745
10035 1.84315
10050 1.83693
10065 1.81782
10080 1.78562
10095 1.77794
10110 1.76722
10125 1.74719
10140 1.73053
10155 1.73073
10170 1.72858
10185 1.71622
10200 1.69007
10215 1.68723
10230 1.66212
10245 1.66291
10260 1.65256
10275 1.6471
10290 1.62068
10305 1.61093
10320 1.59876
10335 1.59175
10350 1.58176
10365 1.57712
10380 1.56231
10395 1.56166
10410 1.55825
10425 1.5479
10440 1.54437
10455 1.53238
10470 1.52195
10485 1.52312
10500 1.52491
10515 1.52476
10530 1.52431
10545 1.52314
10560 1.51173
10575 1.51337
10590 1.51222
10605 1.51115
10620 1.51242
10635 1.50308
10650 1.49263
10665 1.48993
10680 1.4761
10695 1.4805
10710 1.48112
10725 1.47365
10740 1.45481
10755 1.45414
10770 1.45226
10785 1.451
10800 1.45095
10815 1.44432
10830 1.44507
10845 1.43645
10860 1.41652
10875 1.41513
10890 1.39548
10905 1.39461
10920 1.38774
10935 1.38678
10950 1.38544
10965 1.38477
10980 1.36995
10995 1.36087
11010 1.35624
11025 1.3579
11040 1.3581
11055 1.35982
11070 1.35379
11085 1.35249
11100 1.35306
11115 1.35347
11130 1.35293
11145 1.34509
11160 1.34705
11175 1.34553
11190 1.34533
11205 1.33639
11220 1.32826
11235 1.32758
11250 1.31591
11265 1.31553
11280 1.31586
11295 1.31375
11310 1.31322
11325 1.31038
11340 1.30888
11355 1.30873
11370 1.29376
11385 1.29201
11400 1.29411
11415 1.28958
11430 1.29213
11445 1.28739
11460 1.27733
11475 1.27876
11490 1.27563
11505 1.27025
11520 1.24778
11535 1.24772
11550 1.2484
11565 1.24967
11580 1.24971
11595 1.25157
11610 1.25208
11625 1.24983
11640 1.25019
11655 1.25081
11670 1.249
11685 1.23488
11700 1.22709
11715 1.22708
11730 1.21836
11745 1.21836
11760 1.21705
11775 1.22164
11790 1.22009
11805 1.21926
11820 1.21926
11835 1.21605
11850 1.21725
11865 1.21412
11880 1.21426
11895 1.20409
11910 1.20474
11925 1.20382
11940 1.20005
11955 1.19742
11970 1.1971
11985 1.19523
12000 1.1928
12015 1.19273
12030 1.19262
12045 1.19305
12060 1.19143
12075 1.18595
12090 1.18433
12105 1.1838
12120 1.18133
12135 1.17629
12150 1.17465
12165 1.17467
12180 1.17457
12195 1.17267
12210 1.17297
12225 1.14584
12240 1.14557
12255 1.14476
12270 1.14294
12285 1.12946
12300 1.1287
12315 1.12445
12330 1.12456
12345 1.12495
12360 1.12577
12375 1.1245
12390 1.12492
12405 1.12527
12420 1.11788
12435 1.11204
12450 1.11225
12465 1.11015
12480 1.10401
12495 1.10429
12510 1.10454
12525 1.08936
12540 1.08077
12555 1.08132
12570 1.08175
12585 1.0821
12600 1.08114
12615 1.08201
12630 1.08226
12645 1.08072
12660 1.07937
12675 1.07981
12690 1.08012
12705 1.07836
12720 1.06198
12735 1.06225
12750 1.03081
12765 1.03097
12780 1.03118
12795 1.03124
12810 1.0313
12825 1.03167
12840 1.03184
12855 1.03195
12870 1.01206
12885 1.01218
12900 1.01218
12915 1.01224
12930 1.01237
12945 1.01244
12960 1.0125
12975 1.01053
12990 1.01058
13005 1.0107
13020 1.0107
13035 1.0107
13050 1.01075
13065 1.00874
13080 1.00884
13095 1.00889
13110 1.00889
13125 1.00894
13140 1.00904
13155 1.00914
13170 1.00914
13185 1.0092
13200 1.0092
13215 1.0093
13230 1.00947
13245 1.00952
13260 1.03222
13275 1.03228
13290 1.03266
13305 1.03289
13320 1.0304
13335 1.0304
13350 1.03062
13365 1.0308
13380 1.03087
13395 1.03102
13410 1.03102
13425 1.03102
13440 1.03131
13455 1.03144
13470 1.03144
13485 1.01039
13500 1.01046
13515 1.01053
13530 1.0106
13545 1.0106
13560 1.01074
13575 1.01074
13590 1.01074
13605 1.01088
13620 1.01111
13635 1.01111
13650 1.01119
13665 1.01127
13680 1.01143
13695 1.01151
13710 1.00889
13725 1.00889
13740 1.00889
13755 1.00902
13770 1.00611
13785 -nan
13800 -nan
13815 -nan
13830 -nan
13845 -nan
13860 -nan
13875 -nan
13890 -nan
13905 -nan
13920 -nan
13935 -nan
13950 -nan
13965 -nan
13980 -nan
13995 -nan
14010 -nan
14025 -nan
14040 -nan
14055 -nan
14070 -nan
14085 -nan
14100 -nan
14115 -nan
14130 -nan
14145 -nan
14160 -nan
14175 -nan
14190 -nan
14205 -nan
14220 -nan
14235 -nan
14250 -nan
14265 -nan
14280 -nan
14295 -nan
14310 -nan
14325 -nan
14340 -nan
14355 -nan
14370 -nan
14385 -nan
14400 -nan
14415 -nan
14430 -nan
14445 -nan
14460 -nan
14475 -nan
14490 -nan
14505 -nan
14520 -nan
14535 -nan
14550 -nan
14565 -nan
14580 -nan
14595 -nan
14610 -nan
14625 -nan
14640 -nan
14655 -nan
14670 -nan
14685 -nan
14700 -nan
14715 -nan
14730 -nan
14745 -nan
14760 -nan
14775 -nan
14790 -nan
14805 -nan
14820 -nan
14835 -nan
14850 -nan
14865 -nan
14880 -nan
14895 -nan
14910 -nan
14925 -nan
14940 -nan
14955 -nan
14970 -nan
14985 -nan
