0 1
15 1
30 1
45 1
60 1
75 1
90 1
105 1
120 1
135 1
150 1
165 1
180 1
195 1
210 1
225 1
240 1
255 1
270 1
285 1
300 1
315 1.00131
330 1.00137
345 1.00143
360 1.00149
375 1.00155
390 1.00161
405 1.00167
420 1.00173
435 1.00179
450 1.00185
465 1.00191
480 1.00197
495 1.00203
510 1.00209
525 1.00215
540 1.00442
555 1.00454
570 1.00466
585 1.00718
600 1.00736
615 1.00754
630 1.00772
645 1.01316
660 1.01346
675 1.01375
690 1.01405
705 1.01435
720 1.01758
735 1.01793
750 1.02133
765 1.02175
780 1.02534
795 1.02905
810 1.02958
825 1.03012
840 1.03066
855 1.0312
870 1.03173
885 1.03227
900 1.03279
915 1.03332
930 1.03386
945 1.0344
960 1.03882
975 1.03941
990 1.04001
1005 1.04061
1020 1.04121
1035 1.04181
1050 1.0424
1065 1.04299
1080 1.04358
1095 1.04418
1110 1.04478
1125 1.04538
1140 1.04598
1155 1.04656
1170 1.04716
1185 1.04775
1200 1.04835
1215 1.04894
1230 1.04953
1245 1.05011
1260 1.05071
1275 1.05131
1290 1.05188
1305 1.05246
1320 1.05303
1335 1.05362
1350 1.05422
1365 1.0548
1380 1.05536
1395 1.05592
1410 1.0565
1425 1.05709
1440 1.05769
1455 1.05826
1470 1.05884
1485 1.05943
1500 1.06003
1515 1.06063
1530 1.06124
1545 1.06183
1560 1.0624
1575 1.06295
1590 1.06353
1605 1.0641
1620 1.06467
1635 1.06526
1650 1.06584
1665 1.06639
1680 1.06699
1695 1.06758
1710 1.06816
1725 1.06875
1740 1.06934
1755 1.06991
1770 1.07045
1785 1.07103
1800 1.07161
1815 1.07219
1830 1.07276
1845 1.07332
1860 1.07388
1875 1.07444
1890 1.07501
1905 1.07558
1920 1.07616
1935 1.07673
1950 1.0773
1965 1.07787
1980 1.07844
1995 1.07903
2010 1.07961
2025 1.08018
2040 1.08074
2055 1.08134
2070 1.0819
2085 1.08248
2100 1.08305
2115 1.08362
2130 1.08418
2145 1.08474
2160 1.0853
2175 1.08584
2190 1.08642
2205 1.08701
2220 1.08755
2235 1.08812
2250 1.0887
2265 1.08928
2280 1.08981
2295 1.09039
2310 1.09093
2325 1.0915
2340 1.09208
2355 1.09267
2370 1.09358
2385 1.09414
2400 1.09471
2415 1.09525
2430 1.09583
2445 1.09641
2460 1.097
2475 1.09758
2490 1.09818
2505 1.09875
2520 1.09931
2535 1.09986
2550 1.10042
2565 1.10099
2580 1.10158
2595 1.10213
2610 1.10273
2625 1.1033
2640 1.10385
2655 1.10439
2670 1.10492
2685 1.1055
2700 1.10605
2715 1.10657
2730 1.10713
2745 1.10771
2760 1.10827
2775 1.10884
2790 1.1094
2805 1.10994
2820 1.11052
2835 1.11107
2850 1.11163
2865 1.11218
2880 1.11275
2895 1.11333
2910 1.11387
2925 1.11492
2940 1.11546
2955 1.11604
2970 1.11659
2985 1.11713
3000 1.11768
3015 1.11823
3030 1.11877
3045 1.11933
3060 1.11991
3075 1.12042
3090 1.12097
3105 1.12154
3120 1.1221
3135 1.12268
3150 1.12324
3165 1.12376
3180 1.12436
3195 1.12493
3210 1.12551
3225 1.12607
3240 1.12738
3255 1.12795
3270 1.12851
3285 1.12999
3300 1.13059
3315 1.13115
3330 1.13171
3345 1.1323
3360 1.13289
3375 1.1335
3390 1.13406
3405 1.13464
3420 1.13522
3435 1.13581
3450 1.13635
3465 1.13689
3480 1.13747
3495 1.13802
3510 1.13862
3525 1.1392
3540 1.13978
3555 1.14036
3570 1.14093
3585 1.14151
3600 1.14208
3615 1.14267
3630 1.14326
3645 1.14496
3660 1.14554
3675 1.14612
3690 1.14673
3705 1.14732
3720 1.14791
3735 1.14851
3750 1.14911
3765 1.14969
3780 1.15027
3795 1.15084
3810 1.15143
3825 1.152
3840 1.15255
3855 1.15314
3870 1.15374
3885 1.15551
3900 1.15609
3915 1.15783
3930 1.15843
3945 1.15903
3960 1.15964
3975 1.16153
3990 1.16212
4005 1.16277
4020 1.16342
4035 1.16401
4050 1.16462
4065 1.16528
4080 1.16589
4095 1.16651
4110 1.16712
4125 1.16778
4140 1.16842
4155 1.16904
4170 1.16969
4185 1.17032
4200 1.17094
4215 1.17157
4230 1.17219
4245 1.1728
4260 1.17342
4275 1.17405
4290 1.17467
4305 1.17531
4320 1.17595
4335 1.1766
4350 1.1772
4365 1.17782
4380 1.17844
4395 1.17906
4410 1.17971
4425 1.18035
4440 1.18098
4455 1.18325
4470 1.18386
4485 1.18451
4500 1.18517
4515 1.18581
4530 1.18645
4545 1.18902
4560 1.18967
4575 1.19032
4590 1.191
4605 1.19166
4620 1.19231
4635 1.19292
4650 1.19355
4665 1.19421
4680 1.19488
4695 1.19556
4710 1.19624
4725 1.19691
4740 1.19758
4755 1.19823
4770 1.1989
4785 1.19955
4800 1.20019
4815 1.20086
4830 1.20151
4845 1.20216
4860 1.20282
4875 1.20348
4890 1.20415
4905 1.20483
4920 1.20548
4935 1.20618
4950 1.20683
4965 1.20749
4980 1.20817
4995 1.2088
5010 1.20947
5025 1.21015
5040 1.21084
5055 1.21153
5070 1.21222
5085 1.2129
5100 1.21356
5115 1.21424
5130 1.21491
5145 1.21555
5160 1.21622
5175 1.21689
5190 1.21756
5205 1.21823
5220 1.21887
5235 1.21952
5250 1.22019
5265 1.22087
5280 1.22152
5295 1.22218
5310 1.22286
5325 1.22351
5340 1.2242
5355 1.22486
5370 1.22553
5385 1.22619
5400 1.22689
5415 1.22758
5430 1.22824
5445 1.2289
5460 1.22955
5475 1.23024
5490 1.23092
5505 1.23161
5520 1.23223
5535 1.23295
5550 1.23363
5565 1.23437
5580 1.23502
5595 1.23569
5610 1.23638
5625 1.23703
5640 1.23771
5655 1.23838
5670 1.23907
5685 1.23975
5700 1.24041
5715 1.24112
5730 1.24185
5745 1.24251
5760 1.24319
5775 1.2439
5790 1.2446
5805 1.24529
5820 1.24595
5835 1.24663
5850 1.24731
5865 1.2481
5880 1.24877
5895 1.24948
5910 1.25013
5925 1.25081
5940 1.25147
5955 1.25217
5970 1.25288
5985 1.2536
6000 1.25433
6015 1.25505
6030 1.25571
6045 1.25639
6060 1.25708
6075 1.25774
6090 1.25845
6105 1.25916
6120 1.25987
6135 1.26055
6150 1.2612
6165 1.26191
6180 1.26263
6195 1.26334
6210 1.26408
6225 1.26478
6240 1.2655
6255 1.2662
6270 1.26688
6285 1.26761
6300 1.26831
6315 1.269
6330 1.26971
6345 1.27038
6360 1.27108
6375 1.27174
6390 1.27243
6405 1.27309
6420 1.27382
6435 1.27452
6450 1.27521
6465 1.27587
6480 1.27663
6495 1.27737
6510 1.27806
6525 1.27876
6540 1.27946
6555 1.28017
6570 1.28085
6585 1.28155
6600 1.28228
6615 1.28295
6630 1.28364
6645 1.28428
6660 1.28502
6675 1.28573
6690 1.2864
6705 1.28714
6720 1.28785
6735 1.2886
6750 1.28931
6765 1.29002
6780 1.29073
6795 1.29143
6810 1.29216
6825 1.29291
6840 1.29361
6855 1.29429
6870 1.29498
6885 1.29566
6900 1.29636
6915 1.29706
6930 1.29772
6945 1.29843
6960 1.29914
6975 1.29983
6990 1.30054
7005 1.30127
7020 1.30198
7035 1.30268
7050 1.30337
7065 1.3041
7080 1.30478
7095 1.30553
7110 1.30625
7125 1.30694
7140 1.30759
7155 1.30835
7170 1.30906
7185 1.30973
7200 1.31043
7215 1.31115
7230 1.31189
7245 1.31256
7260 1.31329
7275 1.31401
7290 1.31468
7305 1.31537
7320 1.3161
7335 1.31684
7350 1.31761
7365 1.31832
7380 1.31903
7395 1.3197
7410 1.32105
7425 1.32178
7440 1.32247
7455 1.32316
7470 1.32388
7485 1.32467
7500 1.32541
7515 1.32615
7530 1.32681
7545 1.32758
7560 1.32833
7575 1.32906
7590 1.3298
7605 1.33057
7620 1.33128
7635 1.33195
7650 1.33263
7665 1.33335
7680 1.33406
7695 1.33478
7710 1.336
7725 1.33669
7740 1.3374
7755 1.33809
7770 1.33886
7785 1.33959
7800 1.34034
7815 1.34114
7830 1.3419
7845 1.34264
7860 1.34414
7875 1.34487
7890 1.34626
7905 1.34698
7920 1.34772
7935 1.34847
7950 1.34922
7965 1.34996
7980 1.35068
7995 1.35144
8010 1.3522
8025 1.35299
8040 1.35374
8055 1.35452
8070 1.35531
8085 1.35606
8100 1.35678
8115 1.35752
8130 1.3583
8145 1.35903
8160 1.3598
8175 1.36057
8190 1.36136
8205 1.36207
8220 1.36285
8235 1.36362
8250 1.36442
8265 1.36516
8280 1.36591
8295 1.36669
8310 1.36736
8325 1.36812
8340 1.36891
8355 1.36971
8370 1.37046
8385 1.37113
8400 1.37188
8415 1.37261
8430 1.37339
8445 1.37417
8460 1.37496
8475 1.37569
8490 1.37647
8505 1.37719
8520 1.37801
8535 1.3788
8550 1.37956
8565 1.38033
8580 1.38106
8595 1.38188
8610 1.38259
8625 1.38448
8640 1.3853
8655 1.38723
8670 1.38805
8685 1.38883
8700 1.38958
8715 1.39037
8730 1.3912
8745 1.392
8760 1.39277
8775 1.39357
8790 1.39434
8805 1.39515
8820 1.39594
8835 1.39675
8850 1.39757
8865 1.39842
8880 1.39923
8895 1.40003
8910 1.40086
8925 1.40165
8940 1.4025
8955 1.40328
8970 1.4041
8985 1.4049
9000 1.40558
9015 1.40638
9030 1.40715
9045 1.40793
9060 1.40871
9075 1.40946
9090 1.41027
9105 1.41108
9120 1.41184
9135 1.41264
9150 1.41344
9165 1.41427
9180 1.41514
9195 1.41597
9210 1.41671
9225 1.41751
9240 1.41832
9255 1.41918
9270 1.41999
9285 1.42075
9300 1.42154
9315 1.42232
9330 1.4231
9345 1.4239
9360 1.42467
9375 1.4255
9390 1.42823
9405 1.42904
9420 1.4299
9435 1.43071
9450 1.43158
9465 1.4324
9480 1.43323
9495 1.43434
9510 1.43518
9525 1.43605
9540 1.43691
9555 1.43768
9570 1.43848
9585 1.43928
9600 1.44011
9615 1.44092
9630 1.4418
9645 1.44263
9660 1.4435
9675 1.44638
9690 1.44725
9705 1.44802
9720 1.44883
9735 1.44969
9750 1.45047
9765 1.45133
9780 1.4521
9795 1.45291
9810 1.45378
9825 1.45465
9840 1.45546
9855 1.45628
9870 1.45712
9885 1.45796
9900 1.45886
9915 1.45968
9930 1.46051
9945 1.46136
9960 1.46221
9975 1.46305
9990 1.4639
10005 1.46477
10020 1.46557
10035 1.46641
10050 1.46734
10065 1.46817
10080 1.46902
10095 1.46983
10110 1.47064
10125 1.47144
10140 1.47227
10155 1.47316
10170 1.474
10185 1.47482
10200 1.47563
10215 1.47648
10230 1.47745
10245 1.47829
10260 1.47919
10275 1.48009
10290 1.48098
10305 1.48182
10320 1.48267
10335 1.48356
10350 1.4844
10365 1.48529
10380 1.48618
10395 1.48728
10410 1.48816
10425 1.48905
10440 1.48987
10455 1.49077
10470 1.49164
10485 1.49247
10500 1.49336
10515 1.49422
10530 1.49514
10545 1.49598
10560 1.49677
10575 1.49804
10590 1.49895
10605 1.49988
10620 1.50083
10635 1.50174
10650 1.50264
10665 1.50355
10680 1.50472
10695 1.50564
10710 1.50648
10725 1.50731
10740 1.50822
10755 1.50909
10770 1.50996
10785 1.51085
10800 1.5117
10815 1.51257
10830 1.51394
10845 1.51483
10860 1.51578
10875 1.51672
10890 1.51758
10905 1.51855
10920 1.51946
10935 1.52032
10950 1.52125
10965 1.52241
10980 1.52332
10995 1.52419
11010 1.52508
11025 1.52594
11040 1.52683
11055 1.52769
11070 1.52865
11085 1.52956
11100 1.53042
11115 1.5313
11130 1.53227
11145 1.53318
11160 1.53406
11175 1.535
11190 1.53595
11205 1.53684
11220 1.53773
11235 1.53865
11250 1.53961
11265 1.54055
11280 1.54147
11295 1.54236
11310 1.54333
11325 1.54449
11340 1.54543
11355 1.54638
11370 1.54738
11385 1.54835
11400 1.54933
11415 1.55031
11430 1.55129
11445 1.55225
11460 1.55321
11475 1.5541
11490 1.55511
11505 1.55605
11520 1.55693
11535 1.55777
11550 1.55867
11565 1.5596
11580 1.56104
11595 1.56191
11610 1.56296
11625 1.56385
11640 1.56487
11655 1.56584
11670 1.56681
11685 1.56772
11700 1.56868
11715 1.56965
11730 1.5706
11745 1.57152
11760 1.57246
11775 1.57343
11790 1.57442
11805 1.57533
11820 1.57632
11835 1.5773
11850 1.57825
11865 1.57927
11880 1.58019
11895 1.5812
11910 1.5829
11925 1.58381
11940 1.58474
11955 1.58565
11970 1.58661
11985 1.5876
12000 1.58934
12015 1.59034
12030 1.59127
12045 1.59223
12060 1.59315
12075 1.59421
12090 1.59518
12105 1.59619
12120 1.59719
12135 1.59815
12150 1.59915
12165 1.60015
12180 1.60105
12195 1.60203
12210 1.60303
12225 1.60404
12240 1.60504
12255 1.60597
12270 1.60697
12285 1.60795
12300 1.60895
12315 1.60996
12330 1.61099
12345 1.612
12360 1.61295
12375 1.61393
12390 1.61497
12405 1.61597
12420 1.61701
12435 1.61804
12450 1.61904
12465 1.62008
12480 1.62104
12495 1.62203
12510 1.62299
12525 1.62412
12540 1.62514
12555 1.62622
12570 1.62719
12585 1.62824
12600 1.62927
12615 1.63034
12630 1.63136
12645 1.6324
12660 1.63344
12675 1.63444
12690 1.6355
12705 1.63654
12720 1.63757
12735 1.6386
12750 1.63961
12765 1.64059
12780 1.64166
12795 1.64269
12810 1.64371
12825 1.64475
12840 1.6457
12855 1.64672
12870 1.64777
12885 1.64874
12900 1.64978
12915 1.6508
12930 1.65178
12945 1.65286
12960 1.65396
12975 1.65495
12990 1.65594
13005 1.65696
13020 1.65798
13035 1.65903
13050 1.65998
13065 1.66102
13080 1.66201
13095 1.66314
13110 1.66416
13125 1.66524
13140 1.66626
13155 1.66735
13170 1.66867
13185 1.67013
13200 1.67119
13215 1.6722
13230 1.67328
13245 1.6744
13260 1.67545
13275 1.67659
13290 1.6776
13305 1.67864
13320 1.67984
13335 1.68092
13350 1.68198
13365 1.68311
13380 1.68421
13395 1.68527
13410 1.68638
13425 1.68746
13440 1.6886
13455 1.6897
13470 1.69075
13485 1.69175
13500 1.69283
13515 1.69386
13530 1.69493
13545 1.69595
13560 1.69699
13575 1.69807
13590 1.69916
13605 1.70026
13620 1.70129
13635 1.70233
13650 1.70335
13665 1.7045
13680 1.70556
13695 1.70658
13710 1.70778
13725 1.70883
13740 1.70995
13755 1.711
13770 1.71206
13785 1.71314
13800 1.71425
13815 1.71545
13830 1.71652
13845 1.71775
13860 1.7188
13875 1.71992
13890 1.72097
13905 1.72203
13920 1.7231
13935 1.72418
13950 1.72534
13965 1.72654
13980 1.72768
13995 1.72877
14010 1.72991
14025 1.73103
14040 1.73214
14055 1.73331
14070 1.73444
14085 1.73553
14100 1.73663
14115 1.73781
14130 1.73881
14145 1.7399
14160 1.74103
14175 1.74202
14190 1.74315
14205 1.74426
14220 1.74542
14235 1.74653
14250 1.74769
14265 1.74888
14280 1.74999
14295 1.75129
14310 1.75237
14325 1.75349
14340 1.7547
14355 1.75587
14370 1.757
14385 1.75811
14400 1.75928
14415 1.76036
14430 1.76155
14445 1.76269
14460 1.76378
14475 1.76495
14490 1.76616
14505 1.76725
14520 1.7683
14535 1.76938
14550 1.77053
14565 1.77164
14580 1.77274
14595 1.77385
14610 1.7749
14625 1.77609
14640 1.77727
14655 1.77845
14670 1.77957
14685 1.78074
14700 1.78181
14715 1.78286
14730 1.78398
14745 1.78514
14760 1.78624
14775 1.7873
14790 1.78841
14805 1.78951
14820 1.79064
14835 1.79171
14850 1.7937
14865 1.79485
14880 1.79608
14895 1.79737
14910 1.7986
14925 1.79979
14940 1.80098
14955 1.80214
14970 1.80404
14985 1.80524
15000 1.80648
15015 1.8076
15030 1.80877
15045 1.80987
15060 1.81105
15075 1.81238
15090 1.81353
15105 1.81463
15120 1.81649
15135 1.81764
15150 1.81888
15165 1.82019
15180 1.82152
15195 1.82271
15210 1.82384
15225 1.82507
15240 1.82624
15255 1.82747
15270 1.82869
15285 1.82989
15300 1.83106
15315 1.83222
15330 1.83343
15345 1.83471
15360 1.83586
15375 1.83713
15390 1.83836
15405 1.83962
15420 1.84081
15435 1.84203
15450 1.84326
15465 1.8455
15480 1.84672
15495 1.84793
15510 1.84919
15525 1.85129
15540 1.8526
15555 1.85371
15570 1.85494
15585 1.85606
15600 1.85735
15615 1.85864
15630 1.8599
15645 1.86099
15660 1.86224
15675 1.8635
15690 1.86563
15705 1.86688
15720 1.86821
15735 1.86945
15750 1.87076
15765 1.87207
15780 1.87348
15795 1.87468
15810 1.87593
15825 1.87712
15840 1.87839
15855 1.87967
15870 1.88098
15885 1.88224
15900 1.88341
15915 1.88473
15930 1.88603
15945 1.88732
15960 1.88982
15975 1.89115
15990 1.89248
16005 1.89379
16020 1.89497
16035 1.89627
16050 1.89756
16065 1.89893
16080 1.90012
16095 1.90143
16110 1.90282
16125 1.90419
16140 1.90541
16155 1.90653
16170 1.90782
16185 1.90905
16200 1.91045
16215 1.91165
16230 1.91293
16245 1.91432
16260 1.91556
16275 1.91679
16290 1.91812
16305 1.91958
16320 1.92087
16335 1.92245
16350 1.92373
16365 1.92497
16380 1.92624
16395 1.92757
16410 1.92888
16425 1.93028
16440 1.93164
16455 1.93296
16470 1.9342
16485 1.93562
16500 1.93708
16515 1.9385
16530 1.93981
16545 1.94114
16560 1.94251
16575 1.94389
16590 1.94523
16605 1.94668
16620 1.94797
16635 1.94932
16650 1.95073
16665 1.95204
16680 1.95342
16695 1.95472
16710 1.95597
16725 1.95723
16740 1.95855
16755 1.95997
16770 1.96118
16785 1.96261
16800 1.96401
16815 1.96543
16830 1.96681
16845 1.96817
16860 1.96972
16875 1.97105
16890 1.97247
16905 1.97384
16920 1.97526
16935 1.9767
16950 1.97818
16965 1.97962
16980 1.98102
16995 1.9824
17010 1.98372
17025 1.98512
17040 1.98646
17055 1.98786
17070 1.98924
17085 1.9909
17100 1.99211
17115 1.99346
17130 1.99483
17145 1.99617
17160 1.99759
17175 1.99907
17190 2.00063
17205 2.00203
17220 2.0034
17235 2.00495
17250 2.00616
17265 2.00761
17280 2.00891
17295 2.01038
17310 2.01195
17325 2.0134
17340 2.01482
17355 2.01631
17370 2.0177
17385 2.01901
17400 2.02103
17415 2.02256
17430 2.02402
17445 2.02563
17460 2.02713
17475 2.02858
17490 2.02997
17505 2.03144
17520 2.03298
17535 2.03434
17550 2.0358
17565 2.03739
17580 2.03897
17595 2.04041
17610 2.04217
17625 2.04365
17640 2.0449
17655 2.04631
17670 2.04791
17685 2.0494
17700 2.05082
17715 2.05219
17730 2.05368
17745 2.05512
17760 2.0565
17775 2.05798
17790 2.05944
17805 2.06089
17820 2.06234
17835 2.06389
17850 2.06531
17865 2.06769
17880 2.06924
17895 2.07133
17910 2.07291
17925 2.07438
17940 2.07583
17955 2.07744
17970 2.07892
17985 2.0803
18000 2.08173
18015 2.08331
18030 2.08488
18045 2.08636
18060 2.08781
18075 2.08925
18090 2.09077
18105 2.09239
18120 2.09385
18135 2.09527
18150 2.09671
18165 2.09825
18180 2.09985
18195 2.10158
18210 2.10308
18225 2.10458
18240 2.10606
18255 2.10755
18270 2.10919
18285 2.11078
18300 2.11225
18315 2.11389
18330 2.11543
18345 2.11697
18360 2.11865
18375 2.12001
18390 2.12224
18405 2.12381
18420 2.12541
18435 2.12699
18450 2.12837
18465 2.12984
18480 2.13137
18495 2.13296
18510 2.13441
18525 2.13598
18540 2.13743
18555 2.13903
18570 2.14068
18585 2.14349
18600 2.1451
18615 2.1467
18630 2.14831
18645 2.14982
18660 2.15156
18675 2.15325
18690 2.15493
18705 2.15634
18720 2.1579
18735 2.15933
18750 2.16101
18765 2.16258
18780 2.16418
18795 2.16585
18810 2.16746
18825 2.16899
18840 2.17075
18855 2.17266
18870 2.1745
18885 2.1761
18900 2.17791
18915 2.17955
18930 2.18134
18945 2.18284
18960 2.18441
18975 2.18597
18990 2.18781
19005 2.18935
19020 2.19098
19035 2.19263
19050 2.19418
19065 2.19577
19080 2.19754
19095 2.19916
19110 2.20087
19125 2.20271
19140 2.2043
19155 2.20581
19170 2.20751
19185 2.20923
19200 2.21099
19215 2.21348
19230 2.21491
19245 2.21683
19260 2.2186
19275 2.22048
19290 2.22221
19305 2.22375
19320 2.22546
19335 2.22716
19350 2.22898
19365 2.23065
19380 2.23243
19395 2.2341
19410 2.2358
19425 2.23752
19440 2.23921
19455 2.24088
19470 2.24249
19485 2.24416
19500 2.24587
19515 2.24764
19530 2.24947
19545 2.25139
19560 2.25294
19575 2.2547
19590 2.25641
19605 2.25852
19620 2.26009
19635 2.26176
19650 2.26349
19665 2.26506
19680 2.26683
19695 2.26856
19710 2.27026
19725 2.27202
19740 2.2741
19755 2.27586
19770 2.27773
19785 2.27958
19800 2.28144
19815 2.28313
19830 2.28473
19845 2.28654
19860 2.28833
19875 2.29014
19890 2.2924
19905 2.29425
19920 2.2962
19935 2.29806
19950 2.29968
19965 2.30143
19980 2.30327
19995 2.30491
20010 2.30668
20025 2.3084
20040 2.31029
20055 2.31202
20070 2.31396
20085 2.31561
20100 2.31728
20115 2.31901
20130 2.32101
20145 2.32263
20160 2.32455
20175 2.32641
20190 2.32822
20205 2.32998
20220 2.33208
20235 2.33376
20250 2.33548
20265 2.33732
20280 2.33917
20295 2.3426
20310 2.34433
20325 2.34615
20340 2.34791
20355 2.34961
20370 2.35119
20385 2.35293
20400 2.35477
20415 2.3569
20430 2.35884
20445 2.36069
20460 2.36231
20475 2.36414
20490 2.36588
20505 2.36773
20520 2.36951
20535 2.37149
20550 2.3734
20565 2.37525
20580 2.37715
20595 2.37911
20610 2.38099
20625 2.38298
20640 2.38487
20655 2.3869
20670 2.38878
20685 2.39056
20700 2.39236
20715 2.39452
20730 2.39637
20745 2.39845
20760 2.4006
20775 2.4025
20790 2.4043
20805 2.40614
20820 2.40942
20835 2.41137
20850 2.41342
20865 2.41528
20880 2.41725
20895 2.41919
20910 2.42125
20925 2.42316
20940 2.42537
20955 2.42719
20970 2.42909
20985 2.43128
21000 2.43314
21015 2.43517
21030 2.43681
21045 2.43888
21060 2.44098
21075 2.44339
21090 2.44523
21105 2.44745
21120 2.44931
21135 2.45118
21150 2.45324
21165 2.45534
21180 2.45745
21195 2.4595
21210 2.46173
21225 2.46463
21240 2.46663
21255 2.46876
21270 2.47085
21285 2.47291
21300 2.47483
21315 2.47693
21330 2.47893
21345 2.4811
21360 2.48297
21375 2.48519
21390 2.4874
21405 2.4895
21420 2.4917
21435 2.49379
21450 2.49579
21465 2.49772
21480 2.49974
21495 2.50214
21510 2.50423
21525 2.50656
21540 2.50886
21555 2.51113
21570 2.51329
21585 2.5153
21600 2.51735
21615 2.5194
21630 2.52148
21645 2.5236
21660 2.52574
21675 2.52792
21690 2.5301
21705 2.53206
21720 2.53445
21735 2.53664
21750 2.53919
21765 2.54167
21780 2.54367
21795 2.54596
21810 2.54834
21825 2.55017
21840 2.55227
21855 2.55421
21870 2.55633
21885 2.55848
21900 2.56095
21915 2.56297
21930 2.56503
21945 2.56728
21960 2.56959
21975 2.57151
21990 2.5745
22005 2.57666
22020 2.57892
22035 2.58112
22050 2.58346
22065 2.58582
22080 2.58815
22095 2.5903
22110 2.59308
22125 2.59525
22140 2.59771
22155 2.59995
22170 2.60222
22185 2.60458
22200 2.60695
22215 2.6095
22230 2.61173
22245 2.61408
22260 2.61613
22275 2.61823
22290 2.62061
22305 2.62287
22320 2.62488
22335 2.6273
22350 2.62957
22365 2.6319
22380 2.63413
22395 2.6362
22410 2.63866
22425 2.64078
22440 2.64295
22455 2.64517
22470 2.64756
22485 2.64966
22500 2.65226
22515 2.65505
22530 2.65736
22545 2.65952
22560 2.66202
22575 2.66437
22590 2.66691
22605 2.66902
22620 2.67142
22635 2.67352
22650 2.67586
22665 2.67824
22680 2.68052
22695 2.68296
22710 2.68577
22725 2.68816
22740 2.69056
22755 2.69276
22770 2.69526
22785 2.6976
22800 2.7002
22815 2.70287
22830 2.70552
22845 2.70798
22860 2.71067
22875 2.71305
22890 2.71596
22905 2.71852
22920 2.72101
22935 2.72337
22950 2.72566
22965 2.72809
22980 2.73057
22995 2.73293
23010 2.7352
23025 2.73803
23040 2.74067
23055 2.74275
23070 2.74555
23085 2.74802
23100 2.7507
23115 2.75315
23130 2.75557
23145 2.75835
23160 2.76131
23175 2.76383
23190 2.76605
23205 2.76846
23220 2.77066
23235 2.77296
23250 2.77558
23265 2.77835
23280 2.78072
23295 2.78314
23310 2.78572
23325 2.78825
23340 2.79106
23355 2.79371
23370 2.79642
23385 2.79896
23400 2.8014
23415 2.80373
23430 2.80637
23445 2.809
23460 2.81177
23475 2.81459
23490 2.81712
23505 2.81953
23520 2.82202
23535 2.82457
23550 2.82692
23565 2.8294
23580 2.832
23595 2.83463
23610 2.83802
23625 2.84104
23640 2.84382
23655 2.84614
23670 2.84877
23685 2.85119
23700 2.85373
23715 2.85653
23730 2.85926
23745 2.86168
23760 2.8646
23775 2.86737
23790 2.8701
23805 2.87294
23820 2.87545
23835 2.87832
23850 2.8807
23865 2.88344
23880 2.88619
23895 2.88901
23910 2.89158
23925 2.89433
23940 2.89874
23955 2.90165
23970 2.9046
23985 2.90753
24000 2.91021
24015 2.91264
24030 2.91538
24045 2.91826
24060 2.92051
24075 2.9232
24090 2.9258
24105 2.92838
24120 2.93103
24135 2.93386
24150 2.93646
24165 2.9391
24180 2.94228
24195 2.94511
24210 2.94789
24225 2.95092
24240 2.95335
24255 2.95618
24270 2.95894
24285 2.96178
24300 2.96419
24315 2.9672
24330 2.96996
24345 2.97261
24360 2.97576
24375 2.97901
24390 2.98217
24405 2.98462
24420 2.98764
24435 2.99025
24450 2.99309
24465 2.99597
24480 2.99927
24495 3.00234
24510 3.00516
24525 3.00801
24540 3.01075
24555 3.0135
24570 3.01631
24585 3.01888
24600 3.02166
24615 3.02494
24630 3.0278
24645 3.0309
24660 3.0336
24675 3.03643
24690 3.03944
24705 3.04215
24720 3.04498
24735 3.0478
24750 3.05097
24765 3.05412
24780 3.05745
24795 3.06026
24810 3.06337
24825 3.06635
24840 3.06925
24855 3.07204
24870 3.07471
24885 3.07747
24900 3.08024
24915 3.08331
24930 3.08639
24945 3.0895
24960 3.09259
24975 3.09564
24990 3.09912
25005 3.10213
25020 3.10513
25035 3.10805
25050 3.11103
25065 3.11379
25080 3.11694
25095 3.11974
25110 3.12252
25125 3.12572
25140 3.12892
25155 3.13185
25170 3.13491
25185 3.13829
25200 3.14107
25215 3.14454
25230 3.14748
25245 3.15182
25260 3.15505
25275 3.15813
25290 3.16114
25305 3.1645
25320 3.16754
25335 3.17083
25350 3.17414
25365 3.17899
25380 3.18209
25395 3.1856
25410 3.18873
25425 3.19196
25440 3.19497
25455 3.19851
25470 3.20202
25485 3.20508
25500 3.20833
25515 3.21136
25530 3.2149
25545 3.21816
25560 3.22163
25575 3.22465
25590 3.22775
25605 3.23106
25620 3.23438
25635 3.23786
25650 3.24087
25665 3.24491
25680 3.24867
25695 3.25202
25710 3.25514
25725 3.25889
25740 3.26175
25755 3.26484
25770 3.26869
25785 3.27195
25800 3.27517
25815 3.27873
25830 3.28246
25845 3.28583
25860 3.28933
25875 3.29285
25890 3.29621
25905 3.29941
25920 3.30304
25935 3.30649
25950 3.30994
25965 3.31286
25980 3.31595
25995 3.31915
26010 3.32246
26025 3.32566
26040 3.3293
26055 3.33246
26070 3.33774
26085 3.34118
26100 3.34455
26115 3.34841
26130 3.35127
26145 3.35519
26160 3.35878
26175 3.36288
26190 3.3672
26205 3.37107
26220 3.3743
26235 3.37761
26250 3.38101
26265 3.38456
26280 3.38772
26295 3.39165
26310 3.39495
26325 3.39865
26340 3.40215
26355 3.40563
26370 3.40934
26385 3.4125
26400 3.41595
26415 3.41976
26430 3.42388
26445 3.42799
26460 3.43155
26475 3.43497
26490 3.43841
26505 3.4425
26520 3.44621
26535 3.45008
26550 3.45354
26565 3.45742
26580 3.4613
26595 3.46527
26610 3.46968
26625 3.4733
26640 3.47745
26655 3.48102
26670 3.48452
26685 3.48884
26700 3.49232
26715 3.49646
26730 3.50046
26745 3.50433
26760 3.50831
26775 3.51159
26790 3.5153
26805 3.51912
26820 3.52324
26835 3.52704
26850 3.53088
26865 3.53473
26880 3.53912
26895 3.54335
26910 3.54741
26925 3.55095
26940 3.55512
26955 3.55871
26970 3.56312
26985 3.567
27000 3.57074
27015 3.57466
27030 3.57846
27045 3.58235
27060 3.58601
27075 3.58971
27090 3.59366
27105 3.59863
27120 3.60327
27135 3.60692
27150 3.61058
27165 3.61496
27180 3.61844
27195 3.6228
27210 3.62637
27225 3.6307
27240 3.63574
27255 3.63968
27270 3.64335
27285 3.6477
27300 3.65171
27315 3.65543
27330 3.65986
27345 3.66361
27360 3.66757
27375 3.67142
27390 3.67664
27405 3.68119
27420 3.6849
27435 3.68866
27450 3.69251
27465 3.69675
27480 3.70089
27495 3.70476
27510 3.7083
27525 3.71314
27540 3.7173
27555 3.72117
27570 3.72572
27585 3.73021
27600 3.73444
27615 3.73905
27630 3.74285
27645 3.74707
27660 3.75103
27675 3.75532
27690 3.75951
27705 3.76328
27720 3.76783
27735 3.77191
27750 3.77619
27765 3.78035
27780 3.7852
27795 3.78961
27810 3.79398
27825 3.79816
27840 3.80239
27855 3.80637
27870 3.81082
27885 3.81534
27900 3.82097
27915 3.82542
27930 3.8307
27945 3.8356
27960 3.83945
27975 3.8438
27990 3.84853
28005 3.85288
28020 3.85677
28035 3.86079
28050 3.86443
28065 3.86936
28080 3.87355
28095 3.87807
28110 3.88233
28125 3.88656
28140 3.89195
28155 3.89639
28170 3.90113
28185 3.90494
28200 3.9087
28215 3.91382
28230 3.91851
28245 3.92339
28260 3.9281
28275 3.93248
28290 3.93691
28305 3.94112
28320 3.94596
28335 3.95136
28350 3.95818
28365 3.96283
28380 3.96741
28395 3.97286
28410 3.97813
28425 3.98345
28440 3.9874
28455 3.99242
28470 3.99731
28485 4.0024
28500 4.00717
28515 4.01223
28530 4.0167
28545 4.02144
28560 4.02647
28575 4.03193
28590 4.03766
28605 4.04301
28620 4.04757
28635 4.05247
28650 4.05735
28665 4.06238
28680 4.0667
28695 4.07133
28710 4.0769
28725 4.08244
28740 4.08722
28755 4.09229
28770 4.09709
28785 4.10314
28800 4.10881
28815 4.11422
28830 4.1188
28845 4.12445
28860 4.13001
28875 4.13518
28890 4.14013
28905 4.1449
28920 4.15051
28935 4.15565
28950 4.16052
28965 4.1675
28980 4.17256
28995 4.17763
29010 4.18264
29025 4.18767
29040 4.1931
29055 4.19759
29070 4.20218
29085 4.20848
29100 4.21454
29115 4.21992
29130 4.22524
29145 4.23034
29160 4.23498
29175 4.24029
29190 4.24454
29205 4.2497
29220 4.25707
29235 4.26234
29250 4.26782
29265 4.27279
29280 4.27886
29295 4.2846
29310 4.28917
29325 4.29442
29340 4.29967
29355 4.30518
29370 4.31258
29385 4.31857
29400 4.32371
29415 4.32914
29430 4.33478
29445 4.34062
29460 4.3459
29475 4.3518
29490 4.35696
29505 4.36235
29520 4.36787
29535 4.37377
29550 4.37808
29565 4.38402
29580 4.38986
29595 4.39575
29610 4.40162
29625 4.40685
29640 4.41331
29655 4.41915
29670 4.42495
29685 4.43037
29700 4.4365
29715 4.44244
29730 4.44855
29745 4.45472
29760 4.46243
29775 4.46806
29790 4.47368
29805 4.47944
29820 4.48624
29835 4.49258
29850 4.5
29865 4.50611
29880 4.51212
29895 4.51939
29910 4.52615
29925 4.53236
29940 4.5384
29955 4.54431
29970 4.55042
29985 4.55682
30000 4.56415
30015 4.57112
30030 4.57738
30045 4.58239
30060 4.58905
30075 4.59575
30090 4.60155
30105 4.60769
30120 4.61392
30135 4.61901
30150 4.62551
30165 4.63213
30180 4.63772
30195 4.64483
30210 4.65036
30225 4.65684
30240 4.66291
30255 4.66859
30270 4.67552
30285 4.68154
30300 4.68805
30315 4.6961
30330 4.70212
30345 4.7084
30360 4.71508
30375 4.72111
30390 4.72819
30405 4.73472
30420 4.74127
30435 4.74862
30450 4.75431
30465 4.76026
30480 4.76744
30495 4.77447
30510 4.78115
30525 4.78806
30540 4.79415
30555 4.8006
30570 4.80625
30585 4.81285
30600 4.81973
30615 4.82636
30630 4.83285
30645 4.83881
30660 4.8474
30675 4.85396
30690 4.86007
30705 4.86577
30720 4.87296
30735 4.87894
30750 4.88589
30765 4.89326
30780 4.90051
30795 4.90789
30810 4.91428
30825 4.92139
30840 4.92841
30855 4.9348
30870 4.94144
30885 4.94932
30900 4.95607
30915 4.96327
30930 4.972
30945 4.98007
30960 4.98775
30975 4.99451
30990 5.00106
31005 5.00836
31020 5.01579
31035 5.02385
31050 5.03092
31065 5.03906
31080 5.04567
31095 5.05346
31110 5.06016
31125 5.06685
31140 5.074
31155 5.08266
31170 5.0902
31185 5.09706
31200 5.10418
31215 5.11213
31230 5.1197
31245 5.1269
31260 5.13419
31275 5.14222
31290 5.15032
31305 5.15709
31320 5.16476
31335 5.17266
31350 5.17947
31365 5.18751
31380 5.19417
31395 5.20274
31410 5.21005
31425 5.21809
31440 5.22547
31455 5.23409
31470 5.24229
31485 5.25042
31500 5.25801
31515 5.26614
31530 5.27622
31545 5.28284
31560 5.28984
31575 5.29689
31590 5.30406
31605 5.31207
31620 5.31953
31635 5.32779
31650 5.33487
31665 5.34421
31680 5.35262
31695 5.36061
31710 5.36996
31725 5.37797
31740 5.38632
31755 5.39354
31770 5.40301
31785 5.41065
31800 5.41831
31815 5.42602
31830 5.4343
31845 5.44405
31860 5.45232
31875 5.45983
31890 5.46781
31905 5.4765
31920 5.48553
31935 5.49474
31950 5.50382
31965 5.51199
31980 5.52008
31995 5.52864
32010 5.53792
32025 5.54502
32040 5.55416
32055 5.5612
32070 5.57077
32085 5.57944
32100 5.58796
32115 5.59439
32130 5.60353
32145 5.6116
32160 5.6207
32175 5.629
32190 5.63805
32205 5.6477
32220 5.65736
32235 5.66693
32250 5.67536
32265 5.68389
32280 5.6919
32295 5.7005
32310 5.70888
32325 5.71811
32340 5.72618
32355 5.7362
32370 5.74565
32385 5.75426
32400 5.76431
32415 5.7726
32430 5.78064
32445 5.7901
32460 5.79965
32475 5.80998
32490 5.81922
32505 5.8314
32520 5.84112
32535 5.84912
32550 5.85894
32565 5.86902
32580 5.87765
32595 5.88799
32610 5.89653
32625 5.90605
32640 5.915
32655 5.92368
32670 5.93345
32685 5.94213
32700 5.95314
32715 5.96383
32730 5.9724
32745 5.98225
32760 5.99073
32775 6.00174
32790 6.01271
32805 6.02279
32820 6.03164
32835 6.04239
32850 6.05136
32865 6.06326
32880 6.07366
32895 6.08538
32910 6.09867
32925 6.10974
32940 6.11888
32955 6.12765
32970 6.13869
32985 6.1489
33000 6.16138
33015 6.17173
33030 6.18221
33045 6.19403
33060 6.20436
33075 6.21458
33090 6.2266
33105 6.23761
33120 6.24844
33135 6.26016
33150 6.27274
33165 6.28358
33180 6.29406
33195 6.30645
33210 6.31652
33225 6.3286
33240 6.33997
33255 6.35176
33270 6.36248
33285 6.37597
33300 6.38726
33315 6.39741
33330 6.4073
33345 6.41805
33360 6.428
33375 6.43907
33390 6.45015
33405 6.45952
33420 6.47158
33435 6.48375
33450 6.49466
33465 6.50543
33480 6.51828
33495 6.53289
33510 6.54597
33525 6.55735
33540 6.56932
33555 6.58087
33570 6.59359
33585 6.60701
33600 6.61933
33615 6.63033
33630 6.64202
33645 6.65491
33660 6.6686
33675 6.68037
33690 6.69111
33705 6.70271
33720 6.71304
33735 6.72648
33750 6.73736
33765 6.75036
33780 6.76378
33795 6.77725
33810 6.78957
33825 6.80008
33840 6.81434
33855 6.82737
33870 6.83944
33885 6.85361
33900 6.86569
33915 6.88029
33930 6.89287
33945 6.90432
33960 6.91612
33975 6.92743
33990 6.93979
34005 6.95428
34020 6.9681
34035 6.98235
34050 6.9964
34065 7.00968
34080 7.02567
34095 7.03839
34110 7.05183
34125 7.06674
34140 7.0805
34155 7.09407
34170 7.10794
34185 7.12144
34200 7.1348
34215 7.14767
34230 7.16047
34245 7.17545
34260 7.19032
34275 7.20469
34290 7.22206
34305 7.23458
34320 7.24979
34335 7.26201
34350 7.27551
34365 7.28966
34380 7.30427
34395 7.31708
34410 7.33134
34425 7.34473
34440 7.35832
34455 7.37346
34470 7.38941
34485 7.40582
34500 7.41955
34515 7.43479
34530 7.44994
34545 7.46467
34560 7.48066
34575 7.49562
34590 7.50789
34605 7.52004
34620 7.53463
34635 7.54674
34650 7.5652
34665 7.58153
34680 7.60093
34695 7.617
34710 7.63252
34725 7.6452
34740 7.66123
34755 7.67639
34770 7.69186
34785 7.70973
34800 7.72533
34815 7.74266
34830 7.75953
34845 7.77549
34860 7.78939
34875 7.80383
34890 7.82034
34905 7.83783
34920 7.85399
34935 7.87141
34950 7.88614
34965 7.90199
34980 7.91579
34995 7.9381
35010 7.95373
35025 7.97096
35040 7.98867
35055 8.00568
35070 8.02415
35085 8.03931
35100 8.05841
35115 8.07882
35130 8.09592
35145 8.11561
35160 8.13252
35175 8.1535
35190 8.16748
35205 8.18488
35220 8.20027
35235 8.21978
35250 8.23779
35265 8.25247
35280 8.27081
35295 8.29018
35310 8.31034
35325 8.3297
35340 8.35125
35355 8.36937
35370 8.39104
35385 8.40952
35400 8.42829
35415 8.44508
35430 8.46448
35445 8.48321
35460 8.50128
35475 8.51726
35490 8.53632
35505 8.55854
35520 8.57676
35535 8.59474
35550 8.61734
35565 8.6428
35580 8.66314
35595 8.68369
35610 8.70327
35625 8.7238
35640 8.74904
35655 8.76431
35670 8.78532
35685 8.80695
35700 8.8327
35715 8.85683
35730 8.87616
35745 8.89439
35760 8.91812
35775 8.93851
35790 8.96008
35805 8.98088
35820 9.0004
35835 9.02396
35850 9.04656
35865 9.07031
35880 9.09844
35895 9.12252
35910 9.14557
35925 9.16515
35940 9.18883
35955 9.2103
35970 9.23119
35985 9.25311
36000 9.28028
36015 9.30646
36030 9.32654
36045 9.35106
36060 9.37447
36075 9.39743
36090 9.4213
36105 9.44343
36120 9.46538
36135 9.48693
36150 9.51113
36165 9.53486
36180 9.56104
36195 9.58737
36210 9.61064
36225 9.63193
36240 9.6553
36255 9.68671
36270 9.70953
36285 9.73519
36300 9.75922
36315 9.7868
36330 9.81559
36345 9.84267
36360 9.87152
36375 9.89831
36390 9.92307
36405 9.94598
36420 9.97444
36435 10.0006
36450 10.0253
36465 10.0504
36480 10.0839
36495 10.1146
36510 10.1399
36525 10.1642
36540 10.1946
36555 10.2215
36570 10.249
36585 10.2744
36600 10.2999
36615 10.3313
36630 10.3558
36645 10.3831
36660 10.4147
36675 10.436
36690 10.4575
36705 10.4816
36720 10.5096
36735 10.5369
36750 10.5649
36765 10.5997
36780 10.6321
36795 10.661
36810 10.6912
36825 10.7219
36840 10.7491
36855 10.781
36870 10.8058
36885 10.8338
36900 10.8606
36915 10.8902
36930 10.9216
36945 10.9562
36960 10.9938
36975 11.0264
36990 11.0601
37005 11.0936
37020 11.1213
37035 11.1499
37050 11.18
37065 11.211
37080 11.2428
37095 11.2812
37110 11.3124
37125 11.3443
37140 11.3744
37155 11.4063
37170 11.4354
37185 11.4735
37200 11.5119
37215 11.5453
37230 11.5767
37245 11.6116
37260 11.6485
37275 11.6798
37290 11.7162
37305 11.752
37320 11.7891
37335 11.8237
37350 11.8545
37365 11.8849
37380 11.918
37395 11.952
37410 11.9919
37425 12.0282
37440 12.0617
37455 12.0938
37470 12.1287
37485 12.1655
37500 12.1987
37515 12.238
37530 12.2817
37545 12.3229
37560 12.3629
37575 12.4028
37590 12.4425
37605 12.4802
37620 12.5168
37635 12.5688
37650 12.6085
37665 12.6538
37680 12.6968
37695 12.7341
37710 12.7731
37725 12.8087
37740 12.8502
37755 12.8961
37770 12.9353
37785 12.9771
37800 13.0218
37815 13.0569
37830 13.0989
37845 13.1449
37860 13.1872
37875 13.2262
37890 13.2748
37905 13.3244
37920 13.3632
37935 13.4071
37950 13.4518
37965 13.4968
37980 13.5364
37995 13.5849
38010 13.628
38025 13.6712
38040 13.7136
38055 13.7576
38070 13.798
38085 13.8346
38100 13.8741
38115 13.9243
38130 13.9664
38145 14.02
38160 14.0611
38175 14.1066
38190 14.1582
38205 14.2075
38220 14.2573
38235 14.3019
38250 14.3446
38265 14.4022
38280 14.4547
38295 14.5022
38310 14.5599
38325 14.611
38340 14.6722
38355 14.7243
38370 14.7827
38385 14.8363
38400 14.8846
38415 14.9399
38430 14.989
38445 15.0451
38460 15.1008
38475 15.1596
38490 15.2286
38505 15.2808
38520 15.3382
38535 15.3888
38550 15.4343
38565 15.5063
38580 15.5502
38595 15.6075
38610 15.6823
38625 15.734
38640 15.7922
38655 15.8674
38670 15.9252
38685 15.9958
38700 16.049
38715 16.1096
38730 16.1653
38745 16.2284
38760 16.3121
38775 16.3684
38790 16.4202
38805 16.4848
38820 16.554
38835 16.6252
38850 16.705
38865 16.7727
38880 16.8399
38895 16.9117
38910 16.9769
38925 17.0487
38940 17.1231
38955 17.1952
38970 17.2511
38985 17.3422
39000 17.4082
39015 17.4752
39030 17.5356
39045 17.6318
39060 17.7051
39075 17.7741
39090 17.8487
39105 17.9274
39120 18.0242
39135 18.1039
39150 18.1837
39165 18.2566
39180 18.3216
39195 18.4185
39210 18.5081
39225 18.6061
39240 18.6927
39255 18.7613
39270 18.8429
39285 18.9242
39300 18.9941
39315 19.0798
39330 19.15
39345 19.2326
39360 19.3261
39375 19.4075
39390 19.4724
39405 19.5721
39420 19.6509
39435 19.7361
39450 19.8247
39465 19.9055
39480 19.9916
39495 20.066
39510 20.1434
39525 20.2504
39540 20.3699
39555 20.467
39570 20.55
39585 20.643
39600 20.7502
39615 20.8456
39630 20.942
39645 21.0642
39660 21.1536
39675 21.2744
39690 21.3578
39705 21.4589
39720 21.5844
39735 21.7074
39750 21.785
39765 21.8845
39780 22.003
39795 22.1147
39810 22.2453
39825 22.3559
39840 22.489
39855 22.5998
39870 22.7289
39885 22.8394
39900 22.9787
39915 23.1096
39930 23.2561
39945 23.4026
39960 23.5444
39975 23.6818
39990 23.7971
40005 23.9136
40020 24.0856
40035 24.2141
40050 24.3362
40065 24.4397
40080 24.5771
40095 24.688
40110 24.8422
40125 25.0167
40140 25.1744
40155 25.3295
40170 25.4997
40185 25.6645
40200 25.8424
40215 26.0061
40230 26.1542
40245 26.3122
40260 26.4444
40275 26.617
40290 26.7889
40305 26.965
40320 27.137
40335 27.2891
40350 27.4166
40365 27.6058
40380 27.7941
40395 27.9554
40410 28.1002
40425 28.2592
40440 28.4347
40455 28.6194
40470 28.8244
40485 29.0231
40500 29.2072
40515 29.3912
40530 29.6055
40545 29.8081
40560 30.0289
40575 30.2022
40590 30.4336
40605 30.6563
40620 30.8384
40635 31.0485
40650 31.2206
40665 31.4657
40680 31.6865
40695 31.9507
40710 32.1414
40725 32.355
40740 32.5625
40755 32.7898
40770 33.0196
40785 33.1936
40800 33.4888
40815 33.7305
40830 33.9719
40845 34.2545
40860 34.4869
40875 34.8356
40890 35.14
40905 35.4105
40920 35.6619
40935 35.9985
40950 36.2903
40965 36.5718
40980 36.8185
40995 37.1549
41010 37.4016
41025 37.6773
41040 37.9379
41055 38.2368
41070 38.5725
41085 38.9576
41100 39.3152
41115 39.7404
41130 40.0391
41145 40.3942
41160 40.7453
41175 41.2149
41190 41.6185
41205 42.0617
41220 42.4431
41235 42.8481
41250 43.3531
41265 43.7873
41280 44.1762
41295 44.6268
41310 45.0691
41325 45.5892
41340 46.0744
41355 46.4881
41370 46.8203
41385 47.2723
41400 47.7042
41415 48.1144
41430 48.513
41445 49.0097
41460 49.4354
41475 49.9762
41490 50.4269
41505 50.9753
41520 51.55
41535 52.0302
41550 52.8232
41565 53.4047
41580 53.9023
41595 54.4872
41610 54.9509
41625 55.6718
41640 56.3099
41655 57.0644
41670 57.7759
41685 58.2895
41700 58.9222
41715 59.6222
41730 60.2485
41745 60.815
41760 61.691
41775 62.7097
41790 63.437
41805 64.429
41820 65.263
41835 66.0289
41850 67.0969
41865 68.0338
41880 69.1968
41895 70.3712
41910 71.5967
41925 73.0485
41940 74.1673
41955 75.7225
41970 77.0326
41985 78.4719
42000 79.4771
42015 80.526
42030 82.0655
42045 83.4937
42060 84.7103
42075 86.3863
42090 87.9262
42105 90.1457
42120 91.8753
42135 93.1599
42150 95.1774
42165 97.0674
42180 99.3423
42195 101.537
42210 104.368
42225 106.714
42240 109.911
42255 113.353
42270 116.126
42285 118.015
42300 120.941
42315 123.517
42330 128.481
42345 132.079
42360 135.154
42375 138.222
42390 141.767
42405 144.929
42420 150.485
42435 156.872
42450 161.328
42465 168.985
42480 174.901
42495 186.796
42510 192.917
42525 197.349
42540 212.356
42555 216.839
42570 229.934
42585 240.015
42600 257.215
42615 268.94
42630 281.23
42645 292.271
42660 306.952
42675 363.372
42690 437.154
42705 587.777
42720 240.254
42735 226.22
42750 232.911
42765 243.472
42780 256.593
42795 269.506
42810 284.654
42825 303.585
42840 321.65
42855 350.468
42870 375.1
42885 420.644
42900 493.701
42915 558.754
42930 594.62
42945 741.546
42960 900.788
42975 1079.21
42990 461.186
43005 501.694
43020 601.645
43035 662.568
43050 775.748
43065 754.992
43080 810.199
43095 844.103
43110 587.113
43125 546.805
43140 632.608
43155 705.819
43170 1135.04
43185 742.477
43200 452.623
43215 243.708
43230 270.806
43245 267.297
43260 216.879
43275 232.267
43290 202.262
43305 275.146
43320 318.881
43335 296.098
43350 156.561
43365 28.413
43380 26.532
43395 25.3597
43410 25.0609
43425 24.4345
43440 21.3638
43455 19.9322
43470 19.9146
43485 17.9695
43500 16.5574
43515 15.9573
43530 15.8872
43545 15.4634
43560 14.3233
43575 14.2433
43590 14.2747
43605 13.716
43620 12.5937
43635 12.5333
43650 12.4437
43665 12.4555
43680 12.162
43695 12.1889
43710 11.9898
43725 11.8541
43740 11.227
43755 11.1853
43770 10.8738
43785 10.3163
43800 9.80968
43815 9.70387
43830 9.63055
43845 9.28072
43860 9.17452
43875 9.243
43890 9.17886
43905 8.27558
43920 8.25466
43935 8.25267
43950 7.92387
43965 7.68995
43980 7.65558
43995 7.60801
44010 7.58124
44025 7.46823
44040 7.45502
44055 7.41476
44070 7.36512
44085 7.27253
44100 7.24879
44115 7.0175
44130 6.98312
44145 6.88971
44160 6.89465
44175 6.51091
44190 6.49844
44205 6.4711
44220 6.5042
44235 6.44548
44250 6.41545
44265 6.26602
44280 6.25552
44295 6.25182
44310 6.22813
44325 6.25399
44340 6.24843
44355 6.23944
44370 6.19751
44385 6.09322
44400 6.05641
44415 6.01137
44430 5.92548
44445 5.89417
44460 5.87629
44475 5.78671
44490 5.77925
44505 5.70262
44520 5.66032
44535 5.65373
44550 5.6001
44565 5.49776
44580 5.511
44595 5.48693
44610 5.4704
44625 5.47823
44640 5.41583
44655 5.28709
44670 5.19607
44685 5.17016
44700 5.16752
44715 5.17469
44730 5.14016
44745 5.14212
44760 5.12415
44775 5.04296
44790 5.02682
44805 4.9911
44820 4.95803
44835 4.91397
44850 4.77941
44865 4.76309
44880 4.74908
44895 4.70648
44910 4.70284
44925 4.67087
44940 4.65568
44955 4.64278
44970 4.62333
44985 4.58802
45000 4.5867
45015 4.56287
45030 4.52996
45045 4.4976
45060 4.48858
45075 4.46507
45090 4.44389
45105 4.39497
45120 4.32777
45135 4.31552
45150 4.18062
45165 4.17363
45180 4.07848
45195 4.08083
45210 4.07212
45225 4.05721
45240 4.04024
45255 4.00707
45270 3.98931
45285 3.98536
45300 3.9709
45315 3.9513
45330 3.9223
45345 3.9165
45360 3.91245
45375 3.91114
45390 3.90626
45405 3.89587
45420 3.89213
45435 3.87535
45450 3.85992
45465 3.84357
45480 3.80788
45495 3.79924
45510 3.78254
45525 3.77517
45540 3.75253
45555 3.7292
45570 3.71801
45585 3.65943
45600 3.65125
45615 3.61762
45630 3.5917
45645 3.59323
45660 3.56952
45675 3.57029
45690 3.56061
45705 3.54558
45720 3.52514
45735 3.50058
45750 3.48458
45765 3.47003
45780 3.46717
45795 3.45478
45810 3.44258
45825 3.43578
45840 3.42
45855 3.4149
45870 3.40484
45885 3.38835
45900 3.35755
45915 3.35769
45930 3.33922
45945 3.3318
45960 3.32404
45975 3.32345
45990 3.31022
46005 3.30503
46020 3.30214
46035 3.28848
46050 3.28717
46065 3.29104
46080 3.28645
46095 3.27184
46110 3.25389
46125 3.25598
46140 3.24869
46155 3.2493
46170 3.22892
46185 3.22264
46200 3.21447
46215 3.21505
46230 3.21003
46245 3.20257
46260 3.1841
46275 3.16529
46290 3.16128
46305 3.15277
46320 3.15433
46335 3.14754
46350 3.12783
46365 3.10265
46380 3.09965
46395 3.09117
46410 3.0841
46425 3.07242
46440 3.07046
46455 3.06692
46470 3.02147
46485 2.98722
46500 2.98718
46515 2.97716
46530 2.97689
46545 2.96989
46560 2.94676
46575 2.93981
46590 2.91093
46605 2.90555
46620 2.88515
46635 2.87926
46650 2.87675
46665 2.85643
46680 2.85382
46695 2.84333
46710 2.84189
46725 2.83638
46740 2.83211
46755 2.8279
46770 2.81915
46785 2.81434
46800 2.8116
46815 2.80981
46830 2.7997
46845 2.79016
46860 2.7799
46875 2.7797
46890 2.75273
46905 2.74736
46920 2.74558
46935 2.74306
46950 2.73631
46965 2.71587
46980 2.69965
46995 2.69994
47010 2.6922
47025 2.67893
47040 2.67295
47055 2.67043
47070 2.66306
47085 2.64493
47100 2.6357
47115 2.62569
47130 2.62239
47145 2.61686
47160 2.61106
47175 2.60348
47190 2.59693
47205 2.58918
47220 2.58425
47235 2.57611
47250 2.55598
47265 2.55536
47280 2.55118
47295 2.55168
47310 2.54508
47325 2.54533
47340 2.53916
47355 2.53499
47370 2.53183
47385 2.53139
47400 2.52861
47415 2.52482
47430 2.52371
47445 2.49291
47460 2.49018
47475 2.48597
47490 2.47699
47505 2.46525
47520 2.46615
47535 2.46452
47550 2.46426
47565 2.45829
47580 2.45363
47595 2.44818
47610 2.44619
47625 2.42805
47640 2.42198
47655 2.41955
47670 2.41384
47685 2.40537
47700 2.37818
47715 2.36899
47730 2.36292
47745 2.35816
47760 2.34624
47775 2.34547
47790 2.34099
47805 2.34183
47820 2.34177
47835 2.33649
47850 2.32475
47865 2.32382
47880 2.32033
47895 2.31331
47910 2.31159
47925 2.30895
47940 2.30477
47955 2.30026
47970 2.29346
47985 2.28683
48000 2.28748
48015 2.2849
48030 2.28298
48045 2.26876
48060 2.26896
48075 2.26458
48090 2.25869
48105 2.25482
48120 2.24664
48135 2.23095
48150 2.22472
48165 2.22135
48180 2.21904
48195 2.21616
48210 2.21282
48225 2.21093
48240 2.20693
48255 2.18944
48270 2.18863
48285 2.18463
48300 2.18113
48315 2.17554
48330 2.17052
48345 2.16861
48360 2.16893
48375 2.1676
48390 2.1613
48405 2.1578
48420 2.15407
48435 2.12167
48450 2.12035
48465 2.11709
48480 2.11705
48495 2.11404
48510 2.11407
48525 2.1062
48540 2.10156
48555 2.09986
48570 2.09673
48585 2.08426
48600 2.08195
48615 2.08001
48630 2.07806
48645 2.07628
48660 2.07504
48675 2.07184
48690 2.07096
48705 2.06088
48720 2.05947
48735 2.05818
48750 2.05715
48765 2.05258
48780 2.05343
48795 2.05285
48810 2.05055
48825 2.05047
48840 2.04947
48855 2.04778
48870 2.04381
48885 2.03865
48900 2.03543
48915 2.03552
48930 2.02976
48945 2.02954
48960 2.02863
48975 2.02667
48990 2.02523
49005 2.0219
49020 2.01702
49035 2.01195
49050 2.00917
49065 2.00486
49080 2.00332
49095 2.0027
49110 2.00126
49125 2.0026
49140 2.00042
49155 2.00177
49170 2.00094
49185 1.99942
49200 1.99618
49215 1.99577
49230 1.99447
49245 1.99256
49260 1.98936
49275 1.98632
49290 1.98107
49305 1.97593
49320 1.9658
49335 1.96385
49350 1.96159
49365 1.95614
49380 1.95501
49395 1.95443
49410 1.9517
49425 1.95203
49440 1.94827
49455 1.94681
49470 1.94698
49485 1.94551
49500 1.94245
49515 1.94296
49530 1.94006
49545 1.93465
49560 1.93291
49575 1.9191
49590 1.91341
49605 1.91137
49620 1.91064
49635 1.90862
49650 1.90931
49665 1.90754
49680 1.90447
49695 1.89668
49710 1.89464
49725 1.89355
49740 1.89293
49755 1.89214
49770 1.89275
49785 1.89125
49800 1.88435
49815 1.8793
49830 1.8777
49845 1.87908
49860 1.87803
49875 1.876
49890 1.87314
49905 1.87317
49920 1.87232
49935 1.87011
49950 1.86917
49965 1.8677
49980 1.86523
49995 1.86334
50010 1.86008
50025 1.85633
50040 1.85103
50055 1.85038
50070 1.84909
50085 1.84675
50100 1.84578
50115 1.82297
50130 1.82061
50145 1.82291
50160 1.8197
50175 1.81311
50190 1.81252
50205 1.81143
50220 1.80931
50235 1.80955
50250 1.80465
50265 1.8036
50280 1.80155
50295 1.80028
50310 1.80109
50325 1.79955
50340 1.79146
50355 1.79101
50370 1.79032
50385 1.78934
50400 1.78852
50415 1.78787
50430 1.78748
50445 1.78701
50460 1.78477
50475 1.78164
50490 1.77999
50505 1.77604
50520 1.77338
50535 1.77245
50550 1.77151
50565 1.77171
50580 1.77016
50595 1.76801
50610 1.76582
50625 1.76468
50640 1.76063
50655 1.75752
50670 1.75245
50685 1.74876
50700 1.74924
50715 1.7486
50730 1.74836
50745 1.74206
50760 1.73924
50775 1.73742
50790 1.73559
50805 1.73236
50820 1.73286
50835 1.73214
50850 1.73181
50865 1.73275
50880 1.72451
50895 1.72485
50910 1.72326
50925 1.72368
50940 1.7219
50955 1.72176
50970 1.71867
50985 1.71886
51000 1.71818
51015 1.71741
51030 1.71563
51045 1.71096
51060 1.71023
51075 1.70898
51090 1.70656
51105 1.70224
51120 1.69774
51135 1.69571
51150 1.6956
51165 1.69454
51180 1.69305
51195 1.69115
51210 1.68693
51225 1.68713
51240 1.68569
51255 1.68311
51270 1.68206
51285 1.68064
51300 1.67726
51315 1.67673
51330 1.67605
51345 1.67625
51360 1.67324
51375 1.67272
51390 1.67217
51405 1.67027
51420 1.66969
51435 1.6682
51450 1.66846
51465 1.66409
51480 1.66388
51495 1.66366
51510 1.66271
51525 1.66125
51540 1.66198
51555 1.65825
51570 1.65407
51585 1.65291
51600 1.65158
51615 1.64906
51630 1.64822
51645 1.6486
51660 1.64354
51675 1.64162
51690 1.64127
51705 1.64077
51720 1.6415
51735 1.63997
51750 1.63905
51765 1.63879
51780 1.63533
51795 1.63387
51810 1.63354
51825 1.63299
51840 1.63256
51855 1.63063
51870 1.62907
51885 1.62868
51900 1.62809
51915 1.62467
51930 1.62229
51945 1.61604
51960 1.61509
51975 1.61264
51990 1.61129
52005 1.61095
52020 1.60989
52035 1.6104
52050 1.61044
52065 1.6097
52080 1.60927
52095 1.6077
52110 1.60737
52125 1.60753
52140 1.6073
52155 1.60694
52170 1.60703
52185 1.60515
52200 1.60463
52215 1.60411
52230 1.60275
52245 1.60217
52260 1.60254
52275 1.60072
52290 1.59967
52305 1.59932
52320 1.59165
52335 1.59129
52350 1.59126
52365 1.58826
52380 1.58748
52395 1.58511
52410 1.58547
52425 1.58487
52440 1.58353
52455 1.58283
52470 1.58017
52485 1.57852
52500 1.57724
52515 1.5761
52530 1.57446
52545 1.57345
52560 1.57246
52575 1.57044
52590 1.56719
52605 1.56637
52620 1.5655
52635 1.56508
52650 1.56398
52665 1.56225
52680 1.56172
52695 1.56079
52710 1.56007
52725 1.56039
52740 1.56025
52755 1.55928
52770 1.55732
52785 1.55373
52800 1.55328
52815 1.55258
52830 1.55291
52845 1.55263
52860 1.54444
52875 1.54324
52890 1.54151
52905 1.54071
52920 1.53978
52935 1.53947
52950 1.53883
52965 1.53724
52980 1.53759
52995 1.53486
53010 1.53333
53025 1.53154
53040 1.53091
53055 1.52849
53070 1.52745
53085 1.52696
53100 1.52624
53115 1.52599
53130 1.5241
53145 1.52243
53160 1.52359
53175 1.5245
53190 1.52222
53205 1.5217
53220 1.52154
53235 1.51854
53250 1.51747
53265 1.51728
53280 1.51685
53295 1.51588
53310 1.51441
53325 1.51395
53340 1.51414
53355 1.51379
53370 1.51355
53385 1.5131
53400 1.51159
53415 1.51079
53430 1.50934
53445 1.50895
53460 1.50846
53475 1.50644
53490 1.50654
53505 1.50206
53520 1.50207
53535 1.50135
53550 1.50108
53565 1.50125
53580 1.50056
53595 1.49947
53610 1.49938
53625 1.49908
53640 1.49962
53655 1.49705
53670 1.49754
53685 1.49704
53700 1.49698
53715 1.49647
53730 1.49549
53745 1.49554
53760 1.49367
53775 1.49351
53790 1.49392
53805 1.49329
53820 1.49218
53835 1.49061
53850 1.48839
53865 1.4872
53880 1.48526
53895 1.48551
53910 1.48394
53925 1.48344
53940 1.48066
53955 1.48
53970 1.48026
53985 1.48016
54000 1.47938
54015 1.4784
54030 1.47697
54045 1.47712
54060 1.47694
54075 1.47658
54090 1.47585
54105 1.47549
54120 1.47488
54135 1.47541
54150 1.47551
54165 1.47414
54180 1.47416
54195 1.47453
54210 1.47396
54225 1.47426
54240 1.47377
54255 1.47342
54270 1.47258
54285 1.47204
54300 1.47208
54315 1.46954
54330 1.4689
54345 1.46891
54360 1.46862
54375 1.46842
54390 1.46797
54405 1.46685
54420 1.46574
54435 1.46579
54450 1.46513
54465 1.46565
54480 1.46505
54495 1.46487
54510 1.46476
54525 1.463
54540 1.46341
54555 1.46243
54570 1.46204
54585 1.46211
54600 1.45978
54615 1.45979
54630 1.45979
54645 1.45935
54660 1.45898
54675 1.45876
54690 1.45773
54705 1.45701
54720 1.45645
54735 1.4554
54750 1.45531
54765 1.45522
54780 1.45558
54795 1.45552
54810 1.4542
54825 1.45373
54840 1.45366
54855 1.45318
54870 1.45149
54885 1.45012
54900 1.45075
54915 1.45034
54930 1.45021
54945 1.44833
54960 1.44786
54975 1.4461
54990 1.44541
55005 1.44242
55020 1.44129
55035 1.43979
55050 1.43934
55065 1.43834
55080 1.43876
55095 1.43673
55110 1.43676
55125 1.43658
55140 1.43584
55155 1.43408
55170 1.43411
55185 1.43325
55200 1.43301
55215 1.4327
55230 1.43296
55245 1.43296
55260 1.43263
55275 1.43255
55290 1.43251
55305 1.43245
55320 1.43205
55335 1.4309
55350 1.43048
55365 1.43105
55380 1.4302
55395 1.42801
55410 1.42796
55425 1.42807
55440 1.42806
55455 1.42706
55470 1.42489
55485 1.42353
55500 1.41971
55515 1.41985
55530 1.41827
55545 1.41859
55560 1.41798
55575 1.41622
55590 1.41609
55605 1.41382
55620 1.41359
55635 1.41405
55650 1.41348
55665 1.41226
55680 1.40877
55695 1.40794
55710 1.40569
55725 1.40534
55740 1.40454
55755 1.40431
55770 1.4043
55785 1.40384
55800 1.40386
55815 1.40115
55830 1.40062
55845 1.40029
55860 1.39953
55875 1.39864
55890 1.39795
55905 1.39733
55920 1.39714
55935 1.39643
55950 1.39621
55965 1.39654
55980 1.39605
55995 1.39538
56010 1.39522
56025 1.39421
56040 1.39424
56055 1.39331
56070 1.39351
56085 1.39376
56100 1.3927
56115 1.39257
56130 1.39261
56145 1.39335
56160 1.38816
56175 1.38749
56190 1.38725
56205 1.38705
56220 1.38694
56235 1.38635
56250 1.38563
56265 1.38597
56280 1.38521
56295 1.38567
56310 1.38419
56325 1.38442
56340 1.38422
56355 1.38419
56370 1.38352
56385 1.38368
56400 1.38351
56415 1.37945
56430 1.37882
56445 1.3792
56460 1.37924
56475 1.37767
56490 1.37826
56505 1.37797
56520 1.37777
56535 1.37743
56550 1.37491
56565 1.37458
56580 1.37415
56595 1.37119
56610 1.37094
56625 1.3698
56640 1.36869
56655 1.36837
56670 1.36851
56685 1.36714
56700 1.36699
56715 1.36672
56730 1.36672
56745 1.36686
56760 1.36774
56775 1.36685
56790 1.36706
56805 1.36692
56820 1.36455
56835 1.36399
56850 1.36307
56865 1.3633
56880 1.36337
56895 1.36285
56910 1.36225
56925 1.36183
56940 1.3607
56955 1.35987
56970 1.35947
56985 1.35841
57000 1.35861
57015 1.35745
57030 1.35694
57045 1.3537
57060 1.35328
57075 1.35349
57090 1.35343
57105 1.35379
57120 1.35293
57135 1.35211
57150 1.35207
57165 1.35053
57180 1.3496
57195 1.34882
57210 1.3488
57225 1.34781
57240 1.34751
57255 1.34698
57270 1.34692
57285 1.3465
57300 1.34577
57315 1.34607
57330 1.34586
57345 1.34536
57360 1.34171
57375 1.34146
57390 1.34086
57405 1.34021
57420 1.34026
57435 1.33977
57450 1.33991
57465 1.33977
57480 1.33861
57495 1.33825
57510 1.33826
57525 1.33703
57540 1.33539
57555 1.33412
57570 1.33381
57585 1.33355
57600 1.33196
57615 1.33188
57630 1.33159
57645 1.33179
57660 1.33132
57675 1.32883
57690 1.32898
57705 1.329
57720 1.32834
57735 1.32832
57750 1.32704
57765 1.32675
57780 1.32643
57795 1.32644
57810 1.32586
57825 1.32542
57840 1.32471
57855 1.325
57870 1.32502
57885 1.32508
57900 1.32482
57915 1.32452
57930 1.32428
57945 1.32217
57960 1.32169
57975 1.31979
57990 1.31856
58005 1.31689
58020 1.31623
58035 1.31647
58050 1.3168
58065 1.31622
58080 1.31529
58095 1.31492
58110 1.31498
58125 1.31518
58140 1.31418
58155 1.31424
58170 1.31418
58185 1.31405
58200 1.3131
58215 1.31268
58230 1.31272
58245 1.31289
58260 1.31215
58275 1.31198
58290 1.31209
58305 1.31216
58320 1.31111
58335 1.31108
58350 1.31027
58365 1.31004
58380 1.30947
58395 1.30889
58410 1.30894
58425 1.30852
58440 1.30625
58455 1.30567
58470 1.30554
58485 1.30457
58500 1.30387
58515 1.30364
58530 1.30331
58545 1.30345
58560 1.30397
58575 1.30314
58590 1.30282
58605 1.30303
58620 1.30221
58635 1.30191
58650 1.30175
58665 1.30152
58680 1.30126
58695 1.30167
58710 1.30061
58725 1.30107
58740 1.30103
58755 1.30105
58770 1.30058
58785 1.29976
58800 1.29931
58815 1.29916
58830 1.29839
58845 1.29824
58860 1.29693
58875 1.29711
58890 1.29684
58905 1.2971
58920 1.29741
58935 1.29672
58950 1.29639
58965 1.29643
58980 1.29565
58995 1.29418
59010 1.2915
59025 1.28807
59040 1.28704
59055 1.2873
59070 1.28754
59085 1.28767
59100 1.28673
59115 1.28674
59130 1.28556
59145 1.2841
59160 1.28417
59175 1.28421
59190 1.28291
59205 1.2825
59220 1.28263
59235 1.28265
59250 1.28278
59265 1.28192
59280 1.28189
59295 1.28113
59310 1.27901
59325 1.27865
59340 1.27733
59355 1.27722
59370 1.27698
59385 1.27411
59400 1.27392
59415 1.27307
59430 1.27258
59445 1.27206
59460 1.27174
59475 1.27172
59490 1.27062
59505 1.26967
59520 1.26934
59535 1.2692
59550 1.26929
59565 1.2694
59580 1.2688
59595 1.26871
59610 1.26857
59625 1.26716
59640 1.26767
59655 1.26763
59670 1.26714
59685 1.26734
59700 1.26737
59715 1.26612
59730 1.2658
59745 1.26591
59760 1.2658
59775 1.26513
59790 1.26506
59805 1.26462
59820 1.26415
59835 1.26379
59850 1.26364
59865 1.26344
59880 1.26287
59895 1.26293
59910 1.26289
59925 1.26218
59940 1.26197
59955 1.26156
59970 1.26118
59985 1.26117
60000 1.26095
60015 1.2609
60030 1.26074
60045 1.25926
60060 1.25926
60075 1.25956
60090 1.25917
60105 1.25902
60120 1.25923
60135 1.25923
60150 1.25929
60165 1.25936
60180 1.25888
60195 1.2586
60210 1.25803
60225 1.25644
60240 1.25635
60255 1.257
60270 1.25723
60285 1.25489
60300 1.25457
60315 1.25478
60330 1.25402
60345 1.25404
60360 1.25368
60375 1.25375
60390 1.25327
60405 1.25289
60420 1.25304
60435 1.25309
60450 1.25315
60465 1.25339
60480 1.25322
60495 1.25268
60510 1.25366
60525 1.25393
60540 1.25362
60555 1.25287
60570 1.25279
60585 1.25299
60600 1.25266
60615 1.25281
60630 1.25299
60645 1.25244
60660 1.25282
60675 1.25136
60690 1.25065
60705 1.2508
60720 1.25059
60735 1.25085
60750 1.24824
60765 1.24638
60780 1.24611
60795 1.24586
60810 1.24479
60825 1.24387
60840 1.24168
60855 1.24062
60870 1.24041
60885 1.24019
60900 1.24
60915 1.24014
60930 1.24007
60945 1.2392
60960 1.23959
60975 1.23888
60990 1.23824
61005 1.23604
61020 1.23592
61035 1.23573
61050 1.23439
61065 1.2337
61080 1.23282
61095 1.23271
61110 1.23276
61125 1.23249
61140 1.23261
61155 1.2319
61170 1.23197
61185 1.23211
61200 1.23166
61215 1.2315
61230 1.23173
61245 1.23146
61260 1.23082
61275 1.2305
61290 1.23083
61305 1.23072
61320 1.23084
61335 1.22961
61350 1.22969
61365 1.22943
61380 1.22951
61395 1.22959
61410 1.22937
61425 1.22882
61440 1.2289
61455 1.22903
61470 1.2287
61485 1.22871
61500 1.22845
61515 1.22803
61530 1.22855
61545 1.22814
61560 1.2263
61575 1.2246
61590 1.22468
61605 1.22479
61620 1.22493
61635 1.22469
61650 1.22467
61665 1.2245
61680 1.22464
61695 1.22447
61710 1.22387
61725 1.22368
61740 1.22328
61755 1.22304
61770 1.2231
61785 1.22311
61800 1.22222
61815 1.22188
61830 1.22181
61845 1.22154
61860 1.22151
61875 1.22154
61890 1.22164
61905 1.22111
61920 1.22026
61935 1.21985
61950 1.21973
61965 1.21906
61980 1.21774
61995 1.21797
62010 1.2177
62025 1.21738
62040 1.21757
62055 1.21652
62070 1.21642
62085 1.21646
62100 1.21658
62115 1.21662
62130 1.21632
62145 1.21628
62160 1.21641
62175 1.2156
62190 1.21468
62205 1.21432
62220 1.21348
62235 1.21304
62250 1.21307
62265 1.21281
62280 1.21203
62295 1.20945
62310 1.20969
62325 1.2094
62340 1.20959
62355 1.21022
62370 1.20976
62385 1.2099
62400 1.20951
62415 1.20958
62430 1.20973
62445 1.21
62460 1.20962
62475 1.20962
62490 1.20837
62505 1.20728
62520 1.20649
62535 1.20526
62550 1.20505
62565 1.20429
62580 1.20435
62595 1.20415
62610 1.20429
62625 1.20398
62640 1.20374
62655 1.20363
62670 1.20349
62685 1.20374
62700 1.2038
62715 1.20305
62730 1.20138
62745 1.20147
62760 1.20107
62775 1.19999
62790 1.19994
62805 1.19954
62820 1.19614
62835 1.19575
62850 1.19581
62865 1.19419
62880 1.19396
62895 1.19385
62910 1.19395
62925 1.19405
62940 1.19424
62955 1.19392
62970 1.19332
62985 1.19259
63000 1.19236
63015 1.19206
63030 1.19219
63045 1.19237
63060 1.19248
63075 1.1924
63090 1.19261
63105 1.19289
63120 1.19169
63135 1.19068
63150 1.18994
63165 1.1892
63180 1.18942
63195 1.18898
63210 1.18913
63225 1.18915
63240 1.18855
63255 1.18817
63270 1.18825
63285 1.18842
63300 1.18722
63315 1.18723
63330 1.18723
63345 1.18702
63360 1.18671
63375 1.18665
63390 1.18718
63405 1.18555
63420 1.1857
63435 1.18561
63450 1.18557
63465 1.18542
63480 1.18542
63495 1.18501
63510 1.18488
63525 1.18496
63540 1.18426
63555 1.18431
63570 1.18455
63585 1.18471
63600 1.18429
63615 1.1841
63630 1.18422
63645 1.18429
63660 1.18414
63675 1.18437
63690 1.18394
63705 1.18307
63720 1.18301
63735 1.18314
63750 1.18269
63765 1.18272
63780 1.18223
63795 1.1824
63810 1.18234
63825 1.18263
63840 1.18266
63855 1.18234
63870 1.18159
63885 1.18109
63900 1.18035
63915 1.17974
63930 1.17984
63945 1.18011
63960 1.1803
63975 1.18023
63990 1.18024
64005 1.17998
64020 1.17999
64035 1.17998
64050 1.17895
64065 1.17898
64080 1.17907
64095 1.17806
64110 1.17826
64125 1.17694
64140 1.17693
64155 1.17612
64170 1.17586
64185 1.17578
64200 1.17536
64215 1.17511
64230 1.17532
64245 1.17525
64260 1.17536
64275 1.17537
64290 1.17537
64305 1.17471
64320 1.17408
64335 1.17405
64350 1.17387
64365 1.17327
64380 1.17287
64395 1.1724
64410 1.17254
64425 1.17085
64440 1.17057
64455 1.16931
64470 1.16888
64485 1.16947
64500 1.16909
64515 1.16923
64530 1.16855
64545 1.16874
64560 1.16856
64575 1.16829
64590 1.16834
64605 1.16854
64620 1.16854
64635 1.16842
64650 1.1677
64665 1.16785
64680 1.16754
64695 1.1676
64710 1.16742
64725 1.16657
64740 1.16641
64755 1.16615
64770 1.16648
64785 1.16685
64800 1.16667
64815 1.16632
64830 1.1665
64845 1.16632
64860 1.16528
64875 1.16573
64890 1.16476
64905 1.16397
64920 1.16421
64935 1.16403
64950 1.16338
64965 1.1638
64980 1.16177
64995 1.16105
65010 1.16124
65025 1.16057
65040 1.15985
65055 1.15977
65070 1.15954
65085 1.15924
65100 1.15939
65115 1.15919
65130 1.15887
65145 1.15894
65160 1.15904
65175 1.15889
65190 1.1591
65205 1.15906
65220 1.15757
65235 1.15716
65250 1.15733
65265 1.15723
65280 1.15693
65295 1.15752
65310 1.1576
65325 1.15733
65340 1.15726
65355 1.15693
65370 1.15685
65385 1.15705
65400 1.15635
65415 1.15626
65430 1.15616
65445 1.15591
65460 1.15613
65475 1.15555
65490 1.15442
65505 1.15458
65520 1.15476
65535 1.15476
65550 1.15385
65565 1.15422
65580 1.15434
65595 1.15423
65610 1.15419
65625 1.15313
65640 1.15312
65655 1.15326
65670 1.15335
65685 1.15296
65700 1.15151
65715 1.15156
65730 1.15169
65745 1.1521
65760 1.15226
65775 1.15208
65790 1.15205
65805 1.15221
65820 1.15227
65835 1.15145
65850 1.15164
65865 1.15044
65880 1.15087
65895 1.1507
65910 1.15044
65925 1.15047
65940 1.15046
65955 1.15062
65970 1.15091
65985 1.15114
66000 1.15126
66015 1.15089
66030 1.15075
66045 1.15051
66060 1.15047
66075 1.15024
66090 1.14996
66105 1.14976
66120 1.14995
66135 1.15014
66150 1.15031
66165 1.15054
66180 1.15053
66195 1.15033
66210 1.15046
66225 1.15068
66240 1.15063
66255 1.15001
66270 1.14935
66285 1.14951
66300 1.14911
66315 1.14923
66330 1.1492
66345 1.14942
66360 1.14935
66375 1.14926
66390 1.14945
66405 1.14841
66420 1.1485
66435 1.1485
66450 1.14878
66465 1.14897
66480 1.14918
66495 1.14899
66510 1.14805
66525 1.14799
66540 1.14814
66555 1.1479
66570 1.14679
66585 1.14628
66600 1.14625
66615 1.14641
66630 1.14658
66645 1.14657
66660 1.14536
66675 1.14494
66690 1.14503
66705 1.14507
66720 1.14522
66735 1.14539
66750 1.14534
66765 1.14535
66780 1.14548
66795 1.14507
66810 1.14497
66825 1.14493
66840 1.14488
66855 1.14509
66870 1.1448
66885 1.14398
66900 1.14401
66915 1.14333
66930 1.1435
66945 1.14344
66960 1.14319
66975 1.14363
66990 1.14323
67005 1.14252
67020 1.14246
67035 1.14239
67050 1.1425
67065 1.14267
67080 1.14259
67095 1.14278
67110 1.14266
67125 1.14277
67140 1.14274
67155 1.14269
67170 1.14095
67185 1.1411
67200 1.14126
67215 1.14141
67230 1.14131
67245 1.14078
67260 1.13968
67275 1.13981
67290 1.13835
67305 1.13747
67320 1.1374
67335 1.13715
67350 1.13709
67365 1.13718
67380 1.13647
67395 1.13649
67410 1.13568
67425 1.13585
67440 1.13594
67455 1.13524
67470 1.13546
67485 1.13555
67500 1.13549
67515 1.135
67530 1.1349
67545 1.13499
67560 1.13498
67575 1.13496
67590 1.13495
67605 1.13434
67620 1.13429
67635 1.13358
67650 1.13239
67665 1.1321
67680 1.13217
67695 1.13218
67710 1.13207
67725 1.1318
67740 1.13177
67755 1.13146
67770 1.13159
67785 1.13136
67800 1.13146
67815 1.13162
67830 1.12901
67845 1.12863
67860 1.12811
67875 1.12802
67890 1.12798
67905 1.12815
67920 1.12837
67935 1.12836
67950 1.12826
67965 1.12698
67980 1.1265
67995 1.12664
68010 1.12613
68025 1.12623
68040 1.12643
68055 1.12638
68070 1.12656
68085 1.12646
68100 1.12642
68115 1.12652
68130 1.12602
68145 1.12586
68160 1.12594
68175 1.126
68190 1.12577
68205 1.12545
68220 1.1256
68235 1.12579
68250 1.12571
68265 1.12542
68280 1.12487
68295 1.12499
68310 1.12511
68325 1.12503
68340 1.12477
68355 1.12449
68370 1.12417
68385 1.12429
68400 1.1241
68415 1.12325
68430 1.12321
68445 1.12297
68460 1.12302
68475 1.12316
68490 1.1232
68505 1.12328
68520 1.12345
68535 1.12385
68550 1.124
68565 1.1234
68580 1.12348
68595 1.1232
68610 1.12228
68625 1.12243
68640 1.1223
68655 1.1224
68670 1.12252
68685 1.12265
68700 1.12281
68715 1.12281
68730 1.12294
68745 1.12275
68760 1.12287
68775 1.12169
68790 1.12187
68805 1.12198
68820 1.12217
68835 1.12206
68850 1.12216
68865 1.12236
68880 1.12151
68895 1.12171
68910 1.12154
68925 1.12114
68940 1.12123
68955 1.12104
68970 1.11685
68985 1.11695
69000 1.11651
69015 1.11642
69030 1.11689
69045 1.11672
69060 1.11686
69075 1.11679
69090 1.11687
69105 1.117
69120 1.11661
69135 1.11646
69150 1.11628
69165 1.11651
69180 1.11638
69195 1.11556
69210 1.11543
69225 1.11527
69240 1.11538
69255 1.11523
69270 1.11485
69285 1.11491
69300 1.11503
69315 1.11519
69330 1.11509
69345 1.1152
69360 1.11532
69375 1.11537
69390 1.11536
69405 1.11546
69420 1.11556
69435 1.11564
69450 1.11546
69465 1.11477
69480 1.11489
69495 1.11505
69510 1.11513
69525 1.11496
69540 1.11457
69555 1.11446
69570 1.11383
69585 1.11393
69600 1.11408
69615 1.1139
69630 1.11368
69645 1.11357
69660 1.11348
69675 1.11371
69690 1.11332
69705 1.11287
69720 1.11305
69735 1.1129
69750 1.11275
69765 1.11288
69780 1.11305
69795 1.11265
69810 1.11249
69825 1.11184
69840 1.11201
69855 1.11214
69870 1.11227
69885 1.11147
69900 1.11136
69915 1.11095
69930 1.1111
69945 1.11125
69960 1.11131
69975 1.11135
69990 1.11144
70005 1.11069
70020 1.11079
70035 1.11092
70050 1.11074
70065 1.11091
70080 1.11095
70095 1.11081
70110 1.1109
70125 1.11046
70140 1.11001
70155 1.11018
70170 1.1098
70185 1.10992
70200 1.11002
70215 1.10956
70230 1.10964
70245 1.10973
70260 1.10946
70275 1.1092
70290 1.10928
70305 1.10849
70320 1.1083
70335 1.10817
70350 1.10832
70365 1.10842
70380 1.10851
70395 1.10863
70410 1.10871
70425 1.10768
70440 1.10787
70455 1.10796
70470 1.10778
70485 1.1079
70500 1.10707
70515 1.10689
70530 1.10607
70545 1.10616
70560 1.10439
70575 1.10447
70590 1.10452
70605 1.10463
70620 1.10443
70635 1.10455
70650 1.10448
70665 1.10461
70680 1.10472
70695 1.10454
70710 1.1044
70725 1.10451
70740 1.10461
70755 1.10466
70770 1.10447
70785 1.10452
70800 1.10405
70815 1.10391
70830 1.10382
70845 1.10396
70860 1.1039
70875 1.10406
70890 1.10415
70905 1.10307
70920 1.10321
70935 1.10277
70950 1.10289
70965 1.10266
70980 1.10246
70995 1.10199
71010 1.10209
71025 1.10216
71040 1.10196
71055 1.102
71070 1.10147
71085 1.10158
71100 1.10048
71115 1.10031
71130 1.09918
71145 1.09926
71160 1.09942
71175 1.0986
71190 1.09837
71205 1.09821
71220 1.09827
71235 1.09773
71250 1.09759
71265 1.09766
71280 1.09777
71295 1.09783
71310 1.09789
71325 1.09763
71340 1.09773
71355 1.09748
71370 1.09727
71385 1.09735
71400 1.09612
71415 1.09615
71430 1.09624
71445 1.09528
71460 1.0954
71475 1.09446
71490 1.09454
71505 1.09463
71520 1.0944
71535 1.09454
71550 1.09465
71565 1.09474
71580 1.09455
71595 1.09396
71610 1.09343
71625 1.09346
71640 1.09364
71655 1.09372
71670 1.0938
71685 1.09398
71700 1.09411
71715 1.09423
71730 1.09433
71745 1.09409
71760 1.09423
71775 1.09396
71790 1.09371
71805 1.09377
71820 1.0935
71835 1.09357
71850 1.09369
71865 1.09376
71880 1.09385
71895 1.09396
71910 1.09161
71925 1.09139
71940 1.09148
71955 1.09123
71970 1.0914
71985 1.09118
72000 1.09131
72015 1.09076
72030 1.09091
72045 1.09101
72060 1.09123
72075 1.09029
72090 1.0908
72105 1.09086
72120 1.09096
72135 1.09111
72150 1.08975
72165 1.08979
72180 1.08989
72195 1.08961
72210 1.08856
72225 1.08834
72240 1.08844
72255 1.08814
72270 1.08801
72285 1.08779
72300 1.0879
72315 1.088
72330 1.08779
72345 1.08791
72360 1.08801
72375 1.08784
72390 1.08835
72405 1.08841
72420 1.08849
72435 1.08823
72450 1.08796
72465 1.0881
72480 1.08709
72495 1.0854
72510 1.08339
72525 1.08345
72540 1.08353
72555 1.08361
72570 1.08338
72585 1.0835
72600 1.0832
72615 1.08325
72630 1.08341
72645 1.08351
72660 1.08363
72675 1.08375
72690 1.08385
72705 1.08399
72720 1.08407
72735 1.08416
72750 1.08386
72765 1.08389
72780 1.084
72795 1.08405
72810 1.0838
72825 1.08385
72840 1.08362
72855 1.08331
72870 1.0834
72885 1.08315
72900 1.08328
72915 1.08338
72930 1.08311
72945 1.08284
72960 1.08254
72975 1.08262
72990 1.0824
73005 1.08254
73020 1.08263
73035 1.08278
73050 1.08254
73065 1.0822
73080 1.08231
73095 1.08236
73110 1.08251
73125 1.08261
73140 1.08235
73155 1.08138
73170 1.08151
73185 1.08158
73200 1.0816
73215 1.08173
73230 1.08185
73245 1.08196
73260 1.08171
73275 1.08178
73290 1.08223
73305 1.08227
73320 1.08243
73335 1.08252
73350 1.08263
73365 1.08271
73380 1.0824
73395 1.08249
73410 1.08222
73425 1.08163
73440 1.08057
73455 1.08067
73470 1.08031
73485 1.08035
73500 1.08042
73515 1.08056
73530 1.08061
73545 1.08069
73560 1.08075
73575 1.07965
73590 1.07934
73605 1.07937
73620 1.07905
73635 1.07874
73650 1.07891
73665 1.07939
73680 1.07906
73695 1.07841
73710 1.07769
73725 1.07775
73740 1.07783
73755 1.0776
73770 1.07766
73785 1.07772
73800 1.07742
73815 1.07717
73830 1.07683
73845 1.07653
73860 1.07506
73875 1.07477
73890 1.07407
73905 1.07383
73920 1.07393
73935 1.07364
73950 1.07373
73965 1.07382
73980 1.0727
73995 1.07279
74010 1.07287
74025 1.0726
74040 1.07266
74055 1.07272
74070 1.07278
74085 1.07245
74100 1.07213
74115 1.07215
74130 1.07221
74145 1.07231
74160 1.07235
74175 1.07241
74190 1.07247
74205 1.0721
74220 1.07219
74235 1.07229
74250 1.07191
74265 1.07196
74280 1.07203
74295 1.07166
74310 1.07167
74325 1.07174
74340 1.07184
74355 1.07058
74370 1.07108
74385 1.07111
74400 1.07116
74415 1.07087
74430 1.07091
74445 1.07098
74460 1.07103
74475 1.07109
74490 1.07029
74505 1.07039
74520 1.0701
74535 1.07016
74550 1.06975
74565 1.06979
74580 1.06983
74595 1.06947
74610 1.06906
74625 1.06918
74640 1.06923
74655 1.06892
74670 1.06899
74685 1.06906
74700 1.06914
74715 1.06922
74730 1.06932
74745 1.06938
74760 1.06945
74775 1.06869
74790 1.06876
74805 1.06887
74820 1.06899
74835 1.06907
74850 1.06919
74865 1.0692
74880 1.06931
74895 1.06941
74910 1.06904
74925 1.06915
74940 1.06792
74955 1.06795
74970 1.06763
74985 1.06774
