0 0.00021
15 0.00021
30 0.00021
45 0.00021
60 0.00021
75 0.00021
90 0.00021
105 0.00022
120 0.00022
135 0.00022
150 0.00022
165 0.00023
180 0.00023
195 0.00023
210 0.00023
225 0.00023
240 0.00023
255 0.00025
270 0.00025
285 0.00025
300 0.00026
315 0.00027
330 0.00028
345 0.00029
360 0.0003
375 0.00031
390 0.00031
405 0.00031
420 0.00031
435 0.00031
450 0.00032
465 0.00032
480 0.00032
495 0.00032
510 0.00032
525 0.00032
540 0.00032
555 0.00032
570 0.00032
585 0.00032
600 0.00032
615 0.00033
630 0.00034
645 0.00035
660 0.00035
675 0.00035
690 0.00035
705 0.00036
720 0.00037
735 0.00037
750 0.00037
765 0.00038
780 0.00038
795 0.0004
810 0.00042
825 0.00042
840 0.00045
855 0.00046
870 0.00046
885 0.00046
900 0.00046
915 0.00047
930 0.00047
945 0.00048
960 0.00048
975 0.00048
990 0.00048
1005 0.00048
1020 0.00048
1035 0.00048
1050 0.00048
1065 0.00048
1080 0.00048
1095 0.00048
1110 0.00048
1125 0.00048
1140 0.00048
1155 0.00048
1170 0.00049
1185 0.00049
1200 0.00049
1215 0.0005
1230 0.00051
1245 0.00051
1260 0.00052
1275 0.00052
1290 0.00053
1305 0.00053
1320 0.00053
1335 0.00054
1350 0.00054
1365 0.00054
1380 0.00054
1395 0.00054
1410 0.00054
1425 0.00054
1440 0.00056
1455 0.00056
1470 0.00056
1485 0.00056
1500 0.00056
1515 0.00056
1530 0.00058
1545 0.00058
1560 0.00059
1575 0.00059
1590 0.00059
1605 0.00059
1620 0.00059
1635 0.00059
1650 0.00059
1665 0.00059
1680 0.00059
1695 0.00059
1710 0.00059
1725 0.00061
1740 0.00061
1755 0.00062
1770 0.00063
1785 0.00064
1800 0.00068
1815 0.00068
1830 0.00068
1845 0.00069
1860 0.0007
1875 0.0007
1890 0.00073
1905 0.00073
1920 0.00074
1935 0.00074
1950 0.00074
1965 0.00074
1980 0.00075
1995 0.00075
2010 0.00075
2025 0.00076
2040 0.00078
2055 0.0008
2070 0.00081
2085 0.00082
2100 0.00082
2115 0.00082
2130 0.00084
2145 0.00084
2160 0.00087
2175 0.00087
2190 0.00089
2205 0.0009
2220 0.0009
2235 0.0009
2250 0.00096
2265 0.00096
2280 0.00097
2295 0.00097
2310 0.00097
2325 0.00097
2340 0.00098
2355 0.00098
2370 0.00098
2385 0.00098
2400 0.00102
2415 0.00102
2430 0.00104
2445 0.00104
2460 0.00106
2475 0.00106
2490 0.00106
2505 0.00108
2520 0.00108
2535 0.0011
2550 0.00116
2565 0.00116
2580 0.00116
2595 0.00116
2610 0.00116
2625 0.00116
2640 0.00117
2655 0.00117
2670 0.00117
2685 0.0012
2700 0.0012
2715 0.00124
2730 0.00125
2745 0.00127
2760 0.00128
2775 0.00128
2790 0.00129
2805 0.0013
2820 0.00133
2835 0.00136
2850 0.00136
2865 0.00136
2880 0.00136
2895 0.00143
2910 0.00143
2925 0.00143
2940 0.00143
2955 0.00144
2970 0.00144
2985 0.00145
3000 0.00145
3015 0.00146
3030 0.00146
3045 0.00146
3060 0.00147
3075 0.00148
3090 0.00148
3105 0.00148
3120 0.00149
3135 0.0015
3150 0.00154
3165 0.00154
3180 0.00154
3195 0.00154
3210 0.00154
3225 0.00156
3240 0.00156
3255 0.00156
3270 0.00158
3285 0.0016
3300 0.00164
3315 0.00164
3330 0.00166
3345 0.00167
3360 0.00168
3375 0.00173
3390 0.00176
3405 0.00177
3420 0.00177
3435 0.0018
3450 0.0018
3465 0.0018
3480 0.00184
3495 0.0019
3510 0.00193
3525 0.00193
3540 0.00198
3555 0.00203
3570 0.00203
3585 0.00206
3600 0.00207
3615 0.00207
3630 0.00216
3645 0.00217
3660 0.00217
3675 0.00217
3690 0.00217
3705 0.00217
3720 0.00223
3735 0.00223
3750 0.00223
3765 0.00223
3780 0.00225
3795 0.00229
3810 0.00232
3825 0.00232
3840 0.00241
3855 0.00241
3870 0.00241
3885 0.00242
3900 0.00244
3915 0.00245
3930 0.00248
3945 0.00255
3960 0.00256
3975 0.00256
3990 0.00259
4005 0.00261
4020 0.00262
4035 0.00262
4050 0.00263
4065 0.00266
4080 0.00268
4095 0.00271
4110 0.00271
4125 0.00273
4140 0.00273
4155 0.00273
4170 0.00279
4185 0.00292
4200 0.00297
4215 0.00297
4230 0.00297
4245 0.00298
4260 0.00298
4275 0.00301
4290 0.00304
4305 0.00308
4320 0.00308
4335 0.0031
4350 0.00317
4365 0.00328
4380 0.0034
4395 0.0034
4410 0.00343
4425 0.00343
4440 0.00343
4455 0.00348
4470 0.00348
4485 0.0037
4500 0.00384
4515 0.00391
4530 0.00397
4545 0.00404
4560 0.00425
4575 0.00469
4590 0.0047
4605 0.00495
4620 0.005
4635 0.00505
4650 0.00508
4665 0.00512
4680 0.00513
4695 0.00516
4710 0.00517
4725 0.00562
4740 0.00562
4755 0.00562
4770 0.00575
4785 0.006
4800 0.00603
4815 0.00611
4830 0.0062
4845 0.00628
4860 0.0064
4875 0.00646
4890 0.00656
4905 0.00656
4920 0.00665
4935 0.00665
4950 0.00667
4965 0.00676
4980 0.00678
4995 0.00703
5010 0.00749
5025 0.00777
5040 0.00787
5055 0.00796
5070 0.00807
5085 0.00807
5100 0.00831
5115 0.00838
5130 0.00877
5145 0.00883
5160 0.00895
5175 0.00904
5190 0.00975
5205 0.00992
5220 0.00996
5235 0.01004
5250 0.01029
5265 0.01029
5280 0.01042
5295 0.01092
5310 0.01168
5325 0.01187
5340 0.01218
5355 0.01261
5370 0.01308
5385 0.01375
5400 0.01396
5415 0.01409
5430 0.01414
5445 0.01454
5460 0.01522
5475 0.01587
5490 0.01652
5505 0.01691
5520 0.01734
5535 0.01779
5550 0.0179
5565 0.01902
5580 0.01932
5595 0.01983
5610 0.02007
5625 0.02117
5640 0.0224
5655 0.02391
5670 0.02525
5685 0.02691
5700 0.02711
5715 0.02772
5730 0.0282
5745 0.02833
5760 0.03121
5775 0.03251
5790 0.03393
5805 0.03514
5820 0.03542
5835 0.03565
5850 0.04276
5865 0.04347
5880 0.04544
5895 0.04739
5910 0.04815
5925 0.05121
5940 0.05171
5955 0.05238
5970 0.06074
5985 0.06459
6000 0.06684
6015 0.07343
6030 0.07416
6045 0.07797
6060 0.08005
6075 0.08625
6090 0.08892
6105 0.09301
6120 0.09406
6135 0.09685
6150 0.09899
6165 0.10471
6180 0.1086
6195 0.12378
6210 0.12866
6225 0.13137
6240 0.13619
6255 0.142
6270 0.14658
6285 0.15056
6300 0.1578
6315 0.16261
6330 0.16668
6345 0.16861
6360 0.17921
6375 0.18435
6390 0.18994
6405 0.19862
6420 0.20079
6435 0.20559
6450 0.22226
6465 0.22603
6480 0.2292
6495 0.23541
6510 0.23809
6525 0.24389
6540 0.25005
6555 0.25674
6570 0.26059
6585 0.26632
6600 0.27052
6615 0.27928
6630 0.28397
6645 0.28818
6660 0.29352
6675 0.29931
6690 0.30368
6705 0.30845
6720 0.31228
6735 0.31605
6750 0.31957
6765 0.32336
6780 0.32783
6795 0.33504
6810 0.33881
6825 0.34522
6840 0.34881
6855 0.35307
6870 0.35637
6885 0.36146
6900 0.36662
6915 0.37083
6930 0.37654
6945 0.3803
6960 0.38489
6975 0.38859
6990 0.39308
7005 0.39589
7020 0.39962
7035 0.40306
7050 0.40606
7065 0.41072
7080 0.41423
7095 0.41652
7110 0.42151
7125 0.42599
7140 0.43057
7155 0.43507
7170 0.43843
7185 0.44214
7200 0.44515
7215 0.44896
7230 0.45333
7245 0.45649
7260 0.45957
7275 0.4627
7290 0.46718
7305 0.47048
7320 0.47329
7335 0.4782
7350 0.48177
7365 0.48629
7380 0.48979
7395 0.49385
7410 0.49659
7425 0.49991
7440 0.50339
7455 0.50761
7470 0.51077
7485 0.51393
7500 0.51746
7515 0.52005
7530 0.5236
7545 0.52685
7560 0.52945
7575 0.53155
7590 0.53423
7605 0.53659
7620 0.53861
7635 0.54114
7650 0.54437
7665 0.54669
7680 0.54957
7695 0.5521
7710 0.55468
7725 0.55764
7740 0.56034
7755 0.56352
7770 0.56626
7785 0.56854
7800 0.57092
7815 0.57357
7830 0.57693
7845 0.57978
7860 0.58237
7875 0.58517
7890 0.58746
7905 0.59003
7920 0.59201
7935 0.59451
7950 0.59689
7965 0.59933
7980 0.60099
7995 0.60315
8010 0.60534
8025 0.6079
8040 0.61022
8055 0.61291
8070 0.61507
8085 0.61798
8100 0.6202
8115 0.62213
8130 0.62516
8145 0.62716
8160 0.62867
8175 0.63095
8190 0.63247
8205 0.63485
8220 0.63721
8235 0.63876
8250 0.64094
8265 0.64304
8280 0.64527
8295 0.64725
8310 0.64906
8325 0.65131
8340 0.6532
8355 0.65512
8370 0.65708
8385 0.65877
8400 0.66067
8415 0.66268
8430 0.66476
8445 0.66678
8460 0.67005
8475 0.67207
8490 0.67393
8505 0.67644
8520 0.67837
8535 0.68
8550 0.68164
8565 0.68332
8580 0.68524
8595 0.68652
8610 0.68894
8625 0.69079
8640 0.69265
8655 0.69395
8670 0.69546
8685 0.69689
8700 0.69819
8715 0.6997
8730 0.70142
8745 0.70302
8760 0.70486
8775 0.70671
8790 0.70806
8805 0.70935
8820 0.71072
8835 0.71235
8850 0.71352
8865 0.7151
8880 0.71686
8895 0.71883
8910 0.72066
8925 0.72215
8940 0.72347
8955 0.72506
8970 0.72626
8985 0.72764
9000 0.72916
9015 0.73033
9030 0.73177
9045 0.73297
9060 0.73449
9075 0.73605
9090 0.73763
9105 0.73899
9120 0.73985
9135 0.74123
9150 0.74252
9165 0.74343
9180 0.74488
9195 0.74578
9210 0.74781
9225 0.74932
9240 0.75052
9255 0.75178
9270 0.75281
9285 0.75445
9300 0.75533
9315 0.75654
9330 0.75792
9345 0.75889
9360 0.7605
9375 0.76175
9390 0.76292
9405 0.76437
9420 0.76544
9435 0.76659
9450 0.7676
9465 0.76853
9480 0.76981
9495 0.77085
9510 0.772
9525 0.77327
9540 0.77445
9555 0.77567
9570 0.77673
9585 0.77772
9600 0.77907
9615 0.78009
9630 0.78116
9645 0.78257
9660 0.78366
9675 0.78451
9690 0.7854
9705 0.78629
9720 0.78719
9735 0.78802
9750 0.78902
9765 0.79018
9780 0.79134
9795 0.79234
9810 0.79347
9825 0.79458
9840 0.79537
9855 0.79642
9870 0.79755
9885 0.79868
9900 0.79981
9915 0.80081
9930 0.80178
9945 0.80261
9960 0.80339
9975 0.80454
9990 0.80503
10005 0.80601
10020 0.80684
10035 0.80789
10050 0.80876
10065 0.81008
10080 0.81097
10095 0.81201
10110 0.81288
10125 0.81389
10140 0.81494
10155 0.81581
10170 0.81653
10185 0.81755
10200 0.81871
10215 0.81966
10230 0.82054
10245 0.82132
10260 0.82215
10275 0.82286
10290 0.82355
10305 0.82436
10320 0.82506
10335 0.8259
10350 0.82653
10365 0.82747
10380 0.82841
10395 0.8293
10410 0.83002
10425 0.83075
10440 0.83149
10455 0.83243
10470 0.83316
10485 0.8339
10500 0.83496
10515 0.83569
10530 0.83652
10545 0.8374
10560 0.8381
10575 0.83883
10590 0.83959
10605 0.84017
10620 0.84089
10635 0.84162
10650 0.84222
10665 0.84285
10680 0.84359
10695 0.84423
10710 0.84499
10725 0.84586
10740 0.84696
10755 0.84754
10770 0.84832
10785 0.84907
10800 0.84967
10815 0.85044
10830 0.8512
10845 0.85187
10860 0.85256
10875 0.85337
10890 0.85434
10905 0.85496
10920 0.85543
10935 0.85614
10950 0.8569
10965 0.85754
10980 0.85791
10995 0.85868
11010 0.85931
11025 0.85991
11040 0.8603
11055 0.86112
11070 0.86185
11085 0.86255
11100 0.86327
11115 0.86416
11130 0.86478
11145 0.86517
11160 0.86572
11175 0.86627
11190 0.8669
11205 0.86765
11220 0.86811
11235 0.86877
11250 0.86985
11265 0.87042
11280 0.87092
11295 0.8713
11310 0.87201
11325 0.8725
11340 0.87326
11355 0.87396
11370 0.87458
11385 0.87508
11400 0.87564
11415 0.87644
11430 0.87709
11445 0.87761
11460 0.87817
11475 0.87906
11490 0.87968
11505 0.88008
11520 0.88062
11535 0.88118
11550 0.88158
11565 0.88203
11580 0.8826
11595 0.88313
11610 0.88359
11625 0.88413
11640 0.88447
11655 0.88485
11670 0.88536
11685 0.88585
11700 0.88649
11715 0.88713
11730 0.88772
11745 0.88821
11760 0.88902
11775 0.88948
11790 0.88993
11805 0.89039
11820 0.89101
11835 0.89148
11850 0.89189
11865 0.89262
11880 0.89305
11895 0.89356
11910 0.89415
11925 0.8947
11940 0.89531
11955 0.89578
11970 0.89633
11985 0.89673
12000 0.8971
12015 0.89754
12030 0.89802
12045 0.89851
12060 0.89896
12075 0.8994
12090 0.90011
12105 0.90051
12120 0.90125
12135 0.90161
12150 0.90203
12165 0.9024
12180 0.90291
12195 0.90322
12210 0.90357
12225 0.904
12240 0.90447
12255 0.90498
12270 0.90538
12285 0.90569
12300 0.90602
12315 0.90643
12330 0.90683
12345 0.90725
12360 0.90765
12375 0.90789
12390 0.90837
12405 0.90879
12420 0.90913
12435 0.90965
12450 0.90991
12465 0.91022
12480 0.9106
12495 0.9108
12510 0.91115
12525 0.91167
12540 0.91217
12555 0.91256
12570 0.91289
12585 0.91334
12600 0.91377
12615 0.91413
12630 0.91442
12645 0.91492
12660 0.9154
12675 0.91568
12690 0.91597
12705 0.91642
12720 0.91679
12735 0.91724
12750 0.9176
12765 0.91796
12780 0.9183
12795 0.91861
12810 0.91883
12825 0.91902
12840 0.91941
12855 0.91974
12870 0.92004
12885 0.92051
12900 0.92083
12915 0.92123
12930 0.92151
12945 0.92188
12960 0.92212
12975 0.92239
12990 0.92257
13005 0.923
13020 0.92351
13035 0.92385
13050 0.92416
13065 0.92444
13080 0.92474
13095 0.92504
13110 0.92522
13125 0.92556
13140 0.92601
13155 0.92635
13170 0.92658
13185 0.9269
13200 0.92732
13215 0.92766
13230 0.92782
13245 0.9281
13260 0.92857
13275 0.92887
13290 0.92917
13305 0.92942
13320 0.92962
13335 0.92978
13350 0.93006
13365 0.93032
13380 0.93064
13395 0.93091
13410 0.93142
13425 0.93173
13440 0.93208
13455 0.93244
13470 0.93263
13485 0.93294
13500 0.9332
13515 0.93334
13530 0.93359
13545 0.93397
13560 0.93426
13575 0.93454
13590 0.93473
13605 0.93495
13620 0.9352
13635 0.93553
13650 0.93581
13665 0.93606
13680 0.93631
13695 0.9366
13710 0.93682
13725 0.9371
13740 0.9373
13755 0.93754
13770 0.93776
13785 0.93797
13800 0.93818
13815 0.9384
13830 0.93856
13845 0.93888
13860 0.9392
13875 0.93932
13890 0.93955
13905 0.93974
13920 0.94001
13935 0.94029
13950 0.94056
13965 0.94086
13980 0.94118
13995 0.94144
14010 0.94172
14025 0.94192
14040 0.9422
14055 0.94239
14070 0.94274
14085 0.94291
14100 0.94307
14115 0.94329
14130 0.94349
14145 0.94371
14160 0.94397
14175 0.94427
14190 0.94445
14205 0.94466
14220 0.94483
14235 0.9451
14250 0.94535
14265 0.94557
14280 0.94583
14295 0.94617
14310 0.94638
14325 0.94658
14340 0.94673
14355 0.94689
14370 0.94707
14385 0.94728
14400 0.94751
14415 0.94786
14430 0.9481
14445 0.94825
14460 0.94844
14475 0.94862
14490 0.94883
14505 0.94897
14520 0.94919
14535 0.9494
14550 0.94953
14565 0.94969
14580 0.94992
14595 0.95015
14610 0.9503
14625 0.95048
14640 0.95066
14655 0.95089
14670 0.95109
14685 0.95118
14700 0.95129
14715 0.95147
14730 0.95165
14745 0.95187
14760 0.95207
14775 0.95236
14790 0.95256
14805 0.95274
14820 0.95284
14835 0.95306
14850 0.95324
14865 0.95346
14880 0.95356
14895 0.95371
14910 0.95387
14925 0.95399
14940 0.95419
14955 0.95432
14970 0.95456
14985 0.95474
