0 0.0002
15 0.00023
30 0.00026
45 0.00026
60 0.00028
75 0.0003
90 0.00032
105 0.00032
120 0.00033
135 0.00033
150 0.00033
165 0.00033
180 0.00034
195 0.00035
210 0.00037
225 0.00037
240 0.00037
255 0.00039
270 0.00039
285 0.00039
300 0.00041
315 0.00044
330 0.00044
345 0.00044
360 0.00045
375 0.00045
390 0.00045
405 0.00045
420 0.00047
435 0.00047
450 0.00047
465 0.00047
480 0.00048
495 0.00049
510 0.0005
525 0.00051
540 0.00052
555 0.00052
570 0.00052
585 0.00052
600 0.00052
615 0.00053
630 0.00053
645 0.00053
660 0.00053
675 0.00053
690 0.00053
705 0.00053
720 0.00053
735 0.00053
750 0.00053
765 0.00055
780 0.00056
795 0.00058
810 0.00059
825 0.0006
840 0.00061
855 0.00061
870 0.00062
885 0.00062
900 0.00063
915 0.00063
930 0.00065
945 0.00066
960 0.00067
975 0.00068
990 0.00068
1005 0.00068
1020 0.00068
1035 0.00069
1050 0.00071
1065 0.00071
1080 0.00071
1095 0.00071
1110 0.00072
1125 0.00076
1140 0.00076
1155 0.00076
1170 0.00076
1185 0.00076
1200 0.00076
1215 0.00076
1230 0.00077
1245 0.00077
1260 0.00078
1275 0.00078
1290 0.00078
1305 0.00078
1320 0.00078
1335 0.00078
1350 0.00078
1365 0.00078
1380 0.00079
1395 0.0008
1410 0.0008
1425 0.0008
1440 0.0008
1455 0.00081
1470 0.00081
1485 0.00083
1500 0.00086
1515 0.00086
1530 0.00089
1545 0.0009
1560 0.0009
1575 0.0009
1590 0.00093
1605 0.00093
1620 0.00094
1635 0.00094
1650 0.00095
1665 0.00095
1680 0.00095
1695 0.00095
1710 0.001
1725 0.00101
1740 0.00104
1755 0.00105
1770 0.00105
1785 0.00106
1800 0.00106
1815 0.00107
1830 0.00107
1845 0.00107
1860 0.00108
1875 0.00112
1890 0.00112
1905 0.00112
1920 0.00112
1935 0.00112
1950 0.00115
1965 0.00117
1980 0.00117
1995 0.00123
2010 0.00124
2025 0.00124
2040 0.00126
2055 0.00127
2070 0.0013
2085 0.00132
2100 0.00134
2115 0.00135
2130 0.00136
2145 0.00136
2160 0.00137
2175 0.00137
2190 0.00139
2205 0.0014
2220 0.0014
2235 0.0014
2250 0.00147
2265 0.0015
2280 0.0015
2295 0.00153
2310 0.00153
2325 0.00154
2340 0.00154
2355 0.00154
2370 0.00154
2385 0.00154
2400 0.00154
2415 0.00156
2430 0.00156
2445 0.0016
2460 0.00163
2475 0.00163
2490 0.00165
2505 0.00169
2520 0.00171
2535 0.00171
2550 0.00173
2565 0.00178
2580 0.00179
2595 0.00179
2610 0.00181
2625 0.00183
2640 0.00185
2655 0.00196
2670 0.00196
2685 0.00204
2700 0.00204
2715 0.00208
2730 0.0021
2745 0.00213
2760 0.00213
2775 0.00217
2790 0.00217
2805 0.00218
2820 0.00218
2835 0.0022
2850 0.00222
2865 0.00224
2880 0.00226
2895 0.00233
2910 0.00233
2925 0.00233
2940 0.00234
2955 0.00234
2970 0.00236
2985 0.00242
3000 0.00246
3015 0.00246
3030 0.00254
3045 0.00254
3060 0.00258
3075 0.00271
3090 0.00273
3105 0.00276
3120 0.0029
3135 0.00297
3150 0.00301
3165 0.00302
3180 0.00302
3195 0.00304
3210 0.00304
3225 0.00307
3240 0.00309
3255 0.0031
3270 0.0031
3285 0.00312
3300 0.00312
3315 0.00314
3330 0.00315
3345 0.00334
3360 0.00351
3375 0.00351
3390 0.00369
3405 0.00372
3420 0.00375
3435 0.00387
3450 0.00387
3465 0.00397
3480 0.0041
3495 0.0041
3510 0.00419
3525 0.0042
3540 0.00421
3555 0.00425
3570 0.00431
3585 0.00431
3600 0.00431
3615 0.00431
3630 0.00437
3645 0.00437
3660 0.00454
3675 0.00455
3690 0.00456
3705 0.00457
3720 0.00471
3735 0.00471
3750 0.00492
3765 0.00501
3780 0.00506
3795 0.00506
3810 0.00512
3825 0.00517
3840 0.00517
3855 0.00535
3870 0.00538
3885 0.00545
3900 0.00575
3915 0.00586
3930 0.00587
3945 0.00602
3960 0.00612
3975 0.00631
3990 0.00638
4005 0.00638
4020 0.00641
4035 0.00661
4050 0.00669
4065 0.00672
4080 0.00689
4095 0.00696
4110 0.00707
4125 0.00768
4140 0.00849
4155 0.00857
4170 0.00888
4185 0.009
4200 0.00918
4215 0.00925
4230 0.00928
4245 0.01035
4260 0.01078
4275 0.01085
4290 0.01095
4305 0.01114
4320 0.01132
4335 0.01181
4350 0.01184
4365 0.01219
4380 0.01271
4395 0.01279
4410 0.01282
4425 0.01287
4440 0.01375
4455 0.01404
4470 0.01472
4485 0.01565
4500 0.01696
4515 0.01809
4530 0.01813
4545 0.01818
4560 0.01833
4575 0.01865
4590 0.0202
4605 0.02056
4620 0.02132
4635 0.02196
4650 0.02265
4665 0.02274
4680 0.02376
4695 0.02424
4710 0.02474
4725 0.02502
4740 0.02509
4755 0.02524
4770 0.02602
4785 0.02793
4800 0.02831
4815 0.02863
4830 0.02925
4845 0.03294
4860 0.03372
4875 0.03465
4890 0.03552
4905 0.03583
4920 0.03859
4935 0.04077
4950 0.04315
4965 0.04448
4980 0.04511
4995 0.04568
5010 0.04856
5025 0.04976
5040 0.05344
5055 0.05614
5070 0.05795
5085 0.05939
5100 0.06139
5115 0.06206
5130 0.065
5145 0.06925
5160 0.06996
5175 0.07379
5190 0.07943
5205 0.08256
5220 0.08814
5235 0.09267
5250 0.09488
5265 0.09948
5280 0.10847
5295 0.1097
5310 0.11157
5325 0.11418
5340 0.11724
5355 0.11882
5370 0.12261
5385 0.13008
5400 0.13334
5415 0.13914
5430 0.14202
5445 0.14994
5460 0.15659
5475 0.17115
5490 0.17559
5505 0.17977
5520 0.18395
5535 0.1867
5550 0.18991
5565 0.19497
5580 0.19776
5595 0.20199
5610 0.20665
5625 0.21001
5640 0.2138
5655 0.21704
5670 0.22054
5685 0.22361
5700 0.22596
5715 0.2322
5730 0.23413
5745 0.23895
5760 0.25177
5775 0.25555
5790 0.26146
5805 0.26352
5820 0.26757
5835 0.27168
5850 0.27469
5865 0.2769
5880 0.28104
5895 0.2842
5910 0.29073
5925 0.29461
5940 0.29772
5955 0.30277
5970 0.30743
5985 0.31074
6000 0.31572
6015 0.31955
6030 0.32291
6045 0.32637
6060 0.32873
6075 0.33126
6090 0.33342
6105 0.33692
6120 0.34002
6135 0.34421
6150 0.34657
6165 0.34918
6180 0.35321
6195 0.35654
6210 0.36211
6225 0.36505
6240 0.367
6255 0.37079
6270 0.37329
6285 0.37569
6300 0.37878
6315 0.38185
6330 0.38457
6345 0.38778
6360 0.39008
6375 0.39234
6390 0.39627
6405 0.39937
6420 0.40175
6435 0.40481
6450 0.40744
6465 0.4101
6480 0.41346
6495 0.41683
6510 0.41964
6525 0.42144
6540 0.42572
6555 0.42849
6570 0.43258
6585 0.43442
6600 0.43805
6615 0.44153
6630 0.44463
6645 0.44662
6660 0.44938
6675 0.45203
6690 0.45509
6705 0.45734
6720 0.46036
6735 0.46281
6750 0.46564
6765 0.46756
6780 0.46945
6795 0.47192
6810 0.47516
6825 0.47775
6840 0.4808
6855 0.4833
6870 0.48574
6885 0.48783
6900 0.49011
6915 0.49253
6930 0.49436
6945 0.49874
6960 0.50137
6975 0.50374
6990 0.50555
7005 0.50776
7020 0.50984
7035 0.51265
7050 0.51456
7065 0.51676
7080 0.51889
7095 0.52078
7110 0.52294
7125 0.52588
7140 0.52839
7155 0.53042
7170 0.53287
7185 0.5353
7200 0.53733
7215 0.53972
7230 0.54201
7245 0.54396
7260 0.54593
7275 0.5482
7290 0.55141
7305 0.55363
7320 0.5557
7335 0.55728
7350 0.55925
7365 0.56172
7380 0.56378
7395 0.56595
7410 0.56798
7425 0.56996
7440 0.57226
7455 0.57403
7470 0.57677
7485 0.57946
7500 0.58151
7515 0.5833
7530 0.58606
7545 0.5886
7560 0.59044
7575 0.59266
7590 0.59434
7605 0.5961
7620 0.59861
7635 0.6002
7650 0.6021
7665 0.60377
7680 0.60602
7695 0.60763
7710 0.60945
7725 0.61125
7740 0.6131
7755 0.61519
7770 0.61725
7785 0.61935
7800 0.62163
7815 0.62318
7830 0.62522
7845 0.62741
7860 0.62881
7875 0.63035
7890 0.63227
7905 0.63378
7920 0.63545
7935 0.63743
7950 0.63974
7965 0.64092
7980 0.64257
7995 0.64406
8010 0.6453
8025 0.64671
8040 0.648
8055 0.65041
8070 0.6517
8085 0.65286
8100 0.65454
8115 0.65636
8130 0.65745
8145 0.65887
8160 0.66016
8175 0.66188
8190 0.66288
8205 0.66418
8220 0.66558
8235 0.66753
8250 0.6687
8265 0.67047
8280 0.67162
8295 0.67296
8310 0.67434
8325 0.67577
8340 0.67703
8355 0.6782
8370 0.67966
8385 0.68108
8400 0.68237
8415 0.68387
8430 0.68528
8445 0.68704
8460 0.68809
8475 0.68944
8490 0.6909
8505 0.69243
8520 0.69367
8535 0.69516
8550 0.69635
8565 0.6978
8580 0.69901
8595 0.70051
8610 0.70204
8625 0.70292
8640 0.70454
8655 0.70588
8670 0.70716
8685 0.70845
8700 0.7104
8715 0.71154
8730 0.71286
8745 0.71419
8760 0.71542
8775 0.71669
8790 0.71799
8805 0.71919
8820 0.72036
8835 0.72155
8850 0.72308
8865 0.72465
8880 0.72574
8895 0.72701
8910 0.72797
8925 0.72906
8940 0.73001
8955 0.73146
8970 0.73245
8985 0.73347
9000 0.73414
9015 0.73527
9030 0.73666
9045 0.73754
9060 0.73894
9075 0.74021
9090 0.7413
9105 0.7426
9120 0.74373
9135 0.74467
9150 0.74586
9165 0.74687
9180 0.74791
9195 0.74895
9210 0.75011
9225 0.75103
9240 0.75203
9255 0.75308
9270 0.7542
9285 0.75574
9300 0.75682
9315 0.75775
9330 0.75868
9345 0.75966
9360 0.76044
9375 0.76162
9390 0.76269
9405 0.76368
9420 0.7647
9435 0.7655
9450 0.76667
9465 0.76766
9480 0.76876
9495 0.76979
9510 0.77102
9525 0.77172
9540 0.77283
9555 0.77411
9570 0.77532
9585 0.77656
9600 0.77757
9615 0.77837
9630 0.77924
9645 0.78017
9660 0.78103
9675 0.78192
9690 0.78269
9705 0.7835
9720 0.7844
9735 0.78548
9750 0.7864
9765 0.78726
9780 0.78811
9795 0.78884
9810 0.78959
9825 0.79032
9840 0.79135
9855 0.79212
9870 0.79308
9885 0.79374
9900 0.79458
9915 0.79541
9930 0.79618
9945 0.79706
9960 0.79811
9975 0.79894
9990 0.79943
10005 0.80024
10020 0.80113
10035 0.80189
10050 0.80262
10065 0.80336
10080 0.80389
10095 0.80474
10110 0.80552
10125 0.80606
10140 0.80708
10155 0.80802
10170 0.80885
10185 0.8096
10200 0.81035
10215 0.81115
10230 0.81163
10245 0.81245
10260 0.81326
10275 0.81404
10290 0.81455
10305 0.8152
10320 0.81584
10335 0.81662
10350 0.81737
10365 0.81797
10380 0.81856
10395 0.81928
10410 0.8201
10425 0.82078
10440 0.8214
10455 0.82207
10470 0.82277
10485 0.82337
10500 0.82426
10515 0.82493
10530 0.82543
10545 0.82606
10560 0.82654
10575 0.82737
10590 0.82793
10605 0.82862
10620 0.8293
10635 0.83002
10650 0.83063
10665 0.83129
10680 0.83205
10695 0.83267
10710 0.83335
10725 0.83383
10740 0.83432
10755 0.83502
10770 0.83554
10785 0.8363
10800 0.83691
10815 0.83759
10830 0.83821
10845 0.83884
10860 0.83956
10875 0.84005
10890 0.84062
10905 0.84121
10920 0.84176
10935 0.84233
10950 0.84313
10965 0.84361
10980 0.84428
10995 0.84473
11010 0.84534
11025 0.84592
11040 0.84648
11055 0.84722
11070 0.84769
11085 0.84835
11100 0.84898
11115 0.8498
11130 0.85029
11145 0.85083
11160 0.85131
11175 0.85181
11190 0.85248
11205 0.85298
11220 0.85344
11235 0.85395
11250 0.85454
11265 0.8552
11280 0.85572
11295 0.85634
11310 0.85706
11325 0.85764
11340 0.85829
11355 0.85882
11370 0.85944
11385 0.86
11400 0.86041
11415 0.86092
11430 0.86148
11445 0.86198
11460 0.86249
11475 0.86303
11490 0.86355
11505 0.86418
11520 0.86459
11535 0.86506
11550 0.86586
11565 0.86629
11580 0.86689
11595 0.86745
11610 0.86778
11625 0.86828
11640 0.86892
11655 0.86939
11670 0.86987
11685 0.87042
11700 0.87071
11715 0.87132
11730 0.87178
11745 0.87226
11760 0.87275
11775 0.87333
11790 0.87378
11805 0.8744
11820 0.87487
11835 0.87556
11850 0.876
11865 0.87641
11880 0.87696
11895 0.87744
11910 0.87806
11925 0.87846
11940 0.87891
11955 0.87936
11970 0.87983
11985 0.88024
12000 0.8806
12015 0.88105
12030 0.88137
12045 0.88186
12060 0.88222
12075 0.88268
12090 0.88313
12105 0.8836
12120 0.88409
12135 0.88452
12150 0.88506
12165 0.88537
12180 0.88581
12195 0.88623
12210 0.88659
12225 0.88711
12240 0.88754
12255 0.88784
12270 0.88814
12285 0.88866
12300 0.88904
12315 0.88947
12330 0.88984
12345 0.89022
12360 0.89069
12375 0.89101
12390 0.89145
12405 0.89173
12420 0.89219
12435 0.8926
12450 0.89314
12465 0.89356
12480 0.89389
12495 0.89426
12510 0.89484
12525 0.89516
12540 0.89553
12555 0.89604
12570 0.89639
12585 0.89669
12600 0.89701
12615 0.89736
12630 0.89773
12645 0.89808
12660 0.89862
12675 0.89898
12690 0.89924
12705 0.89952
12720 0.89987
12735 0.90016
12750 0.90058
12765 0.90096
12780 0.90121
12795 0.90167
12810 0.90203
12825 0.90235
12840 0.90284
12855 0.90315
12870 0.90364
12885 0.90387
12900 0.90418
12915 0.9046
12930 0.90494
12945 0.9053
12960 0.90555
12975 0.906
12990 0.90633
13005 0.90665
13020 0.907
13035 0.90743
13050 0.90774
13065 0.90812
13080 0.90848
13095 0.90885
13110 0.90911
13125 0.90954
13140 0.90989
13155 0.9102
13170 0.9105
13185 0.91082
13200 0.91114
13215 0.91141
13230 0.91175
13245 0.91209
13260 0.91235
13275 0.91256
13290 0.91281
13305 0.91307
13320 0.91351
13335 0.91378
13350 0.91399
13365 0.91441
13380 0.91466
13395 0.91498
13410 0.91532
13425 0.91561
13440 0.91581
13455 0.91608
13470 0.91633
13485 0.91668
13500 0.91698
13515 0.91711
13530 0.91743
13545 0.91777
13560 0.91794
13575 0.91814
13590 0.9184
13605 0.91866
13620 0.91901
13635 0.91932
13650 0.91973
13665 0.91987
13680 0.92014
13695 0.92037
13710 0.92064
13725 0.92107
13740 0.92133
13755 0.9216
13770 0.92181
13785 0.92203
13800 0.92231
13815 0.9226
13830 0.92295
13845 0.92334
13860 0.92354
13875 0.92375
13890 0.92399
13905 0.92433
13920 0.92457
13935 0.92471
13950 0.92493
13965 0.92513
13980 0.92532
13995 0.92564
14010 0.92582
14025 0.92606
14040 0.92628
14055 0.92653
14070 0.92679
14085 0.92699
14100 0.92725
14115 0.92752
14130 0.92772
14145 0.928
14160 0.92829
14175 0.9284
14190 0.92865
14205 0.92886
14220 0.92901
14235 0.92921
14250 0.92953
14265 0.9298
14280 0.93016
14295 0.93035
14310 0.93062
14325 0.93091
14340 0.93116
14355 0.93148
14370 0.93186
14385 0.93214
14400 0.93241
14415 0.93264
14430 0.93285
14445 0.93309
14460 0.93339
14475 0.93372
14490 0.93398
14505 0.93425
14520 0.93447
14535 0.93466
14550 0.93483
14565 0.93502
14580 0.93528
14595 0.93552
14610 0.93575
14625 0.93598
14640 0.93624
14655 0.9365
14670 0.9367
14685 0.93693
14700 0.93717
14715 0.93742
14730 0.93758
14745 0.93774
14760 0.93801
14775 0.9382
14790 0.93844
14805 0.93865
14820 0.93901
14835 0.93926
14850 0.9394
14865 0.93955
14880 0.93971
14895 0.93981
14910 0.93997
14925 0.9402
14940 0.94042
14955 0.94058
14970 0.94086
14985 0.94107
