0 0.0002
15 0.0002
30 0.0002
45 0.00021
60 0.00024
75 0.00025
90 0.00029
105 0.00029
120 0.00029
135 0.00029
150 0.0003
165 0.0003
180 0.0003
195 0.00031
210 0.00031
225 0.00031
240 0.00032
255 0.00032
270 0.00033
285 0.00035
300 0.00035
315 0.00035
330 0.00036
345 0.00036
360 0.00037
375 0.00038
390 0.00039
405 0.00039
420 0.0004
435 0.0004
450 0.0004
465 0.0004
480 0.00041
495 0.00043
510 0.00044
525 0.00044
540 0.00046
555 0.00048
570 0.00048
585 0.00049
600 0.0005
615 0.00051
630 0.00051
645 0.00052
660 0.00052
675 0.00053
690 0.00053
705 0.00053
720 0.00053
735 0.00053
750 0.00053
765 0.00053
780 0.00053
795 0.00053
810 0.00053
825 0.00053
840 0.00053
855 0.00054
870 0.00055
885 0.00055
900 0.00056
915 0.00056
930 0.00058
945 0.00059
960 0.0006
975 0.00062
990 0.00062
1005 0.00062
1020 0.00062
1035 0.00062
1050 0.00062
1065 0.00062
1080 0.00063
1095 0.00064
1110 0.00064
1125 0.00064
1140 0.00065
1155 0.00066
1170 0.00066
1185 0.00066
1200 0.00067
1215 0.00068
1230 0.00068
1245 0.00068
1260 0.00069
1275 0.0007
1290 0.0007
1305 0.0007
1320 0.00071
1335 0.00071
1350 0.00071
1365 0.00071
1380 0.00073
1395 0.00073
1410 0.00073
1425 0.00074
1440 0.00075
1455 0.00076
1470 0.00076
1485 0.00077
1500 0.00078
1515 0.00079
1530 0.0008
1545 0.00081
1560 0.00081
1575 0.00081
1590 0.00083
1605 0.00083
1620 0.00085
1635 0.00085
1650 0.00085
1665 0.00085
1680 0.00085
1695 0.00085
1710 0.00085
1725 0.00088
1740 0.00088
1755 0.0009
1770 0.00091
1785 0.00091
1800 0.00092
1815 0.00092
1830 0.00092
1845 0.00092
1860 0.00094
1875 0.00096
1890 0.00098
1905 0.00099
1920 0.00099
1935 0.00099
1950 0.00101
1965 0.00101
1980 0.00102
1995 0.00105
2010 0.00106
2025 0.00106
2040 0.00108
2055 0.00109
2070 0.0011
2085 0.00111
2100 0.00112
2115 0.00114
2130 0.00114
2145 0.00114
2160 0.00115
2175 0.00115
2190 0.00116
2205 0.00116
2220 0.00117
2235 0.00118
2250 0.00121
2265 0.00125
2280 0.00125
2295 0.00126
2310 0.00126
2325 0.00128
2340 0.00131
2355 0.00132
2370 0.00134
2385 0.00134
2400 0.00134
2415 0.00134
2430 0.00135
2445 0.00135
2460 0.00142
2475 0.00142
2490 0.00143
2505 0.00143
2520 0.00145
2535 0.00147
2550 0.00147
2565 0.00152
2580 0.00155
2595 0.00156
2610 0.0016
2625 0.0016
2640 0.00162
2655 0.00164
2670 0.00164
2685 0.00168
2700 0.00169
2715 0.00174
2730 0.00174
2745 0.00174
2760 0.00175
2775 0.00182
2790 0.00185
2805 0.00185
2820 0.00188
2835 0.00189
2850 0.00189
2865 0.00189
2880 0.00193
2895 0.00193
2910 0.00195
2925 0.00201
2940 0.00203
2955 0.00205
2970 0.00205
2985 0.00206
3000 0.00206
3015 0.00206
3030 0.00213
3045 0.00214
3060 0.00214
3075 0.00223
3090 0.00224
3105 0.00224
3120 0.00236
3135 0.00241
3150 0.00242
3165 0.00248
3180 0.00248
3195 0.00249
3210 0.00259
3225 0.00261
3240 0.00263
3255 0.00268
3270 0.00277
3285 0.00277
3300 0.00277
3315 0.00278
3330 0.0028
3345 0.00284
3360 0.00288
3375 0.00295
3390 0.00297
3405 0.00311
3420 0.00313
3435 0.00318
3450 0.00323
3465 0.00341
3480 0.00343
3495 0.00343
3510 0.00344
3525 0.00344
3540 0.00349
3555 0.00349
3570 0.00351
3585 0.00351
3600 0.00351
3615 0.00353
3630 0.00353
3645 0.00354
3660 0.0036
3675 0.00362
3690 0.00363
3705 0.00364
3720 0.0037
3735 0.00371
3750 0.00389
3765 0.00405
3780 0.00406
3795 0.00408
3810 0.00416
3825 0.00429
3840 0.00436
3855 0.00436
3870 0.00441
3885 0.00443
3900 0.00445
3915 0.00447
3930 0.00453
3945 0.00481
3960 0.00512
3975 0.00525
3990 0.00532
4005 0.00541
4020 0.00542
4035 0.00542
4050 0.00546
4065 0.00546
4080 0.0055
4095 0.00579
4110 0.00588
4125 0.00596
4140 0.00608
4155 0.00626
4170 0.00637
4185 0.00645
4200 0.00649
4215 0.00665
4230 0.00666
4245 0.00685
4260 0.00703
4275 0.00711
4290 0.00712
4305 0.00736
4320 0.00742
4335 0.00756
4350 0.00756
4365 0.00768
4380 0.0078
4395 0.00795
4410 0.00814
4425 0.00817
4440 0.00832
4455 0.00849
4470 0.00877
4485 0.00919
4500 0.00945
4515 0.0096
4530 0.00966
4545 0.00976
4560 0.0098
4575 0.01016
4590 0.01024
4605 0.01026
4620 0.01027
4635 0.01027
4650 0.01038
4665 0.01049
4680 0.0105
4695 0.01097
4710 0.01137
4725 0.01147
4740 0.01148
4755 0.01159
4770 0.01235
4785 0.01248
4800 0.01267
4815 0.01276
4830 0.01279
4845 0.01312
4860 0.01319
4875 0.01341
4890 0.01367
4905 0.01379
4920 0.01353
4935 0.01346
4950 0.01386
4965 0.01443
4980 0.01466
4995 0.01526
5010 0.01566
5025 0.01585
5040 0.01808
5055 0.01761
5070 0.01864
5085 0.0194
5100 0.01998
5115 0.02078
5130 0.0224
5145 0.02262
5160 0.02411
5175 0.02473
5190 0.02263
5205 0.02377
5220 0.02146
5235 0.02183
5250 0.02229
5265 0.02244
5280 0.01882
5295 0.02008
5310 0.02109
5325 0.02197
5340 0.02239
5355 0.02274
5370 0.02256
5385 0.02249
5400 0.02302
5415 0.02272
5430 0.02285
5445 0.02385
5460 0.02238
5475 0.01593
5490 0.01493
5505 0.0148
5520 0.0148
5535 0.01491
5550 0.01493
5565 0.01451
5580 0.01468
5595 0.01477
5610 0.01482
5625 0.01491
5640 0.01492
5655 0.01555
5670 0.01557
5685 0.01576
5700 0.01582
5715 0.01494
5730 0.01515
5745 0.01361
5760 0.00846
5775 0.00847
5790 0.00896
5805 0.00919
5820 0.00838
5835 0.00821
5850 0.00825
5865 0.00862
5880 0.00808
5895 0.00801
5910 0.00608
5925 0.00601
5940 0.00619
5955 0.00625
5970 0.00615
5985 0.0061
6000 0.00588
6015 0.00606
6030 0.00647
6045 0.00651
6060 0.00662
6075 0.00677
6090 0.00678
6105 0.00644
6120 0.00649
6135 0.00581
6150 0.00583
6165 0.00587
6180 0.0057
6195 0.0057
6210 0.00533
6225 0.00533
6240 0.00554
6255 0.00516
6270 0.0051
6285 0.00522
6300 0.00528
6315 0.0053
6330 0.00534
6345 0.00517
6360 0.00525
6375 0.00525
6390 0.00527
6405 0.00528
6420 0.00496
6435 0.0049
6450 0.00451
6465 0.00451
6480 0.00419
6495 0.00418
6510 0.00419
6525 0.00425
6540 0.00426
6555 0.0043
6570 0.00415
6585 0.00415
6600 0.00412
6615 0.00406
6630 0.004
6645 0.00401
6660 0.00398
6675 0.00398
6690 0.00398
6705 0.00399
6720 0.00396
6735 0.00393
6750 0.00399
6765 0.00402
6780 0.00403
6795 0.00403
6810 0.00405
6825 0.00406
6840 0.00393
6855 0.00401
6870 0.00395
6885 0.00395
6900 0.00396
6915 0.00396
6930 0.00397
6945 0.00344
6960 0.0033
6975 0.00314
6990 0.00314
7005 0.00315
7020 0.00315
7035 0.00321
7050 0.00325
7065 0.00325
7080 0.00312
7095 0.0031
7110 0.0031
7125 0.00309
7140 0.00309
7155 0.00312
7170 0.00314
7185 0.00314
7200 0.00315
7215 0.00319
7230 0.00318
7245 0.00319
7260 0.00319
7275 0.00319
7290 0.00302
7305 0.00306
7320 0.00293
7335 0.00293
7350 0.00307
7365 0.00295
7380 0.00295
7395 0.00295
7410 0.00296
7425 0.00305
7440 0.00299
7455 0.00299
7470 0.00292
7485 0.00294
7500 0.00294
7515 0.00294
7530 0.00263
7545 0.00263
7560 0.00257
7575 0.00257
7590 0.00264
7605 0.00264
7620 0.00234
7635 0.00236
7650 0.00236
7665 0.00239
7680 0.00237
7695 0.00237
7710 0.00236
7725 0.00236
7740 0.00236
7755 0.00221
7770 0.00224
7785 0.00215
7800 0.00204
7815 0.00204
7830 0.00204
7845 0.00194
7860 0.00194
7875 0.00194
7890 0.00194
7905 0.00194
7920 0.00194
7935 0.00192
7950 0.00192
7965 0.00192
7980 0.00192
7995 0.00192
8010 0.00194
8025 0.00194
8040 0.00194
8055 0.00163
8070 0.00164
8085 0.00163
8100 0.0016
8115 0.00157
8130 0.00157
8145 0.00157
8160 0.00157
8175 0.00155
8190 0.00155
8205 0.00155
8220 0.00155
8235 0.00148
8250 0.00148
8265 0.00145
8280 0.0015
8295 0.00153
8310 0.00147
8325 0.00145
8340 0.00145
8355 0.00145
8370 0.00143
8385 0.00143
8400 0.00142
8415 0.00142
8430 0.00147
8445 0.00148
8460 0.00148
8475 0.00148
8490 0.00147
8505 0.00146
8520 0.00146
8535 0.00143
8550 0.00143
8565 0.00143
8580 0.00143
8595 0.00143
8610 0.00143
8625 0.00143
8640 0.00143
8655 0.00141
8670 0.00141
8685 0.00142
8700 0.00135
8715 0.00129
8730 0.0013
8745 0.00131
8760 0.00131
8775 0.00128
8790 0.00128
8805 0.00128
8820 0.00128
8835 0.00128
8850 0.00128
8865 0.0013
8880 0.00133
8895 0.0013
8910 0.00134
8925 0.00133
8940 0.00133
8955 0.00132
8970 0.00129
8985 0.00129
9000 0.00129
9015 0.00128
9030 0.00128
9045 0.00128
9060 0.00128
9075 0.00128
9090 0.00128
9105 0.00128
9120 0.00128
9135 0.00128
9150 0.00131
9165 0.00131
9180 0.00131
9195 0.00131
9210 0.00131
9225 0.00131
9240 0.00127
9255 0.00127
9270 0.00127
9285 0.00116
9300 0.00116
9315 0.00116
9330 0.00117
9345 0.00117
9360 0.00117
9375 0.00117
9390 0.00117
9405 0.00117
9420 0.00117
9435 0.00122
9450 0.00119
9465 0.00117
9480 0.00115
9495 0.00115
9510 0.00115
9525 0.00115
9540 0.00115
9555 0.00115
9570 0.00115
9585 0.00109
9600 0.00106
9615 0.00106
9630 0.00106
9645 0.00106
9660 0.00106
9675 0.0011
9690 0.0011
9705 0.00109
9720 0.00109
9735 0.00102
9750 0.00102
9765 0.00102
9780 0.00102
9795 0.00102
9810 0.001
9825 0.00101
9840 0.00101
9855 0.00101
9870 0.00101
9885 0.00101
9900 0.00101
9915 0.00101
9930 0.00103
9945 0.00104
9960 0.00104
9975 0.00101
9990 0.00101
10005 0.00101
10020 0.001
10035 0.001
10050 0.001
10065 0.001
10080 0.001
10095 0.00096
10110 0.00096
10125 0.00096
10140 0.00098
10155 0.00095
10170 0.00095
10185 0.00092
10200 0.0009
10215 0.00092
10230 0.00092
10245 0.00092
10260 0.00092
10275 0.0009
10290 0.0009
10305 0.0009
10320 0.0009
10335 0.0009
10350 0.0009
10365 0.0009
10380 0.0009
10395 0.0009
10410 0.00084
10425 0.00084
10440 0.00084
10455 0.00084
10470 0.00085
10485 0.0009
10500 0.0008
10515 0.00077
10530 0.00077
10545 0.00076
10560 0.00076
10575 0.00076
10590 0.00076
10605 0.00075
10620 0.00075
10635 0.00075
10650 0.00075
10665 0.00075
10680 0.00075
10695 0.00075
10710 0.00075
10725 0.00075
10740 0.00075
10755 0.00075
10770 0.00075
10785 0.00075
10800 0.00075
10815 0.00074
10830 0.00074
10845 0.00074
10860 0.00074
10875 0.00074
10890 0.00074
10905 0.00074
10920 0.00074
10935 0.00074
10950 0.00074
10965 0.00074
10980 0.00074
10995 0.00075
11010 0.00075
11025 0.00075
11040 0.00075
11055 0.00075
11070 0.00075
11085 0.0007
11100 0.0007
11115 0.0007
11130 0.0007
11145 0.00069
11160 0.00069
11175 0.00069
11190 0.00068
11205 0.00068
11220 0.00068
11235 0.00068
11250 0.00068
11265 0.00068
11280 0.00068
11295 0.00068
11310 0.00068
11325 0.00068
11340 0.00068
11355 0.00068
11370 0.00068
11385 0.00068
11400 0.00068
11415 0.00068
11430 0.00067
11445 0.00067
11460 0.00067
11475 0.00067
11490 0.00067
11505 0.00067
11520 0.00067
11535 0.00067
11550 0.00067
11565 0.00067
11580 0.00067
11595 0.00067
11610 0.00067
11625 0.00067
11640 0.00067
11655 0.00067
11670 0.00067
11685 0.00066
11700 0.00066
11715 0.00066
11730 0.00066
11745 0.00066
11760 0.00066
11775 0.00066
11790 0.00066
11805 0.00064
11820 0.00064
11835 0.00064
11850 0.00064
11865 0.00064
11880 0.00064
11895 0.00062
11910 0.00061
11925 0.00061
11940 0.00061
11955 0.00061
11970 0.00061
11985 0.00061
12000 0.00061
12015 0.00061
12030 0.00061
12045 0.00061
12060 0.00061
12075 0.00061
12090 0.00061
12105 0.00061
12120 0.00059
12135 0.00059
12150 0.00059
12165 0.00059
12180 0.00059
12195 0.00059
12210 0.00059
12225 0.0006
12240 0.00061
12255 0.00061
12270 0.00061
12285 0.00061
12300 0.00064
12315 0.00064
12330 0.00064
12345 0.00064
12360 0.00064
12375 0.00065
12390 0.00066
12405 0.00066
12420 0.00066
12435 0.00066
12450 0.00066
12465 0.00066
12480 0.00066
12495 0.00066
12510 0.00066
12525 0.00066
12540 0.00066
12555 0.00066
12570 0.00066
12585 0.00066
12600 0.00066
12615 0.00066
12630 0.00066
12645 0.00066
12660 0.00063
12675 0.00063
12690 0.00063
12705 0.00063
12720 0.00063
12735 0.00063
12750 0.00063
12765 0.00063
12780 0.00063
12795 0.00062
12810 0.00064
12825 0.00064
12840 0.00064
12855 0.00064
12870 0.00064
12885 0.00064
12900 0.00064
12915 0.00064
12930 0.00064
12945 0.00064
12960 0.00064
12975 0.00064
12990 0.00064
13005 0.00064
13020 0.00064
13035 0.00064
13050 0.00064
13065 0.00064
13080 0.00064
13095 0.00062
13110 0.00062
13125 0.00062
13140 0.00061
13155 0.00061
13170 0.00061
13185 0.00061
13200 0.00059
13215 0.00059
13230 0.00059
13245 0.00059
13260 0.00059
13275 0.00059
13290 0.00059
13305 0.00059
13320 0.00059
13335 0.00059
13350 0.00059
13365 0.00059
13380 0.00059
13395 0.00059
13410 0.00059
13425 0.00053
13440 0.00053
13455 0.00053
13470 0.00053
13485 0.00053
13500 0.00053
13515 0.00053
13530 0.00053
13545 0.00052
13560 0.00052
13575 0.00052
13590 0.00052
13605 0.00053
13620 0.00053
13635 0.00053
13650 0.00053
13665 0.00053
13680 0.00053
13695 0.00053
13710 0.00053
13725 0.00052
13740 0.00052
13755 0.00052
13770 0.00052
13785 0.00052
13800 0.00052
13815 0.00052
13830 0.00052
13845 0.00051
13860 0.00051
13875 0.00051
13890 0.00051
13905 0.0005
13920 0.0005
13935 0.0005
13950 0.0005
13965 0.0005
13980 0.00048
13995 0.00048
14010 0.00048
14025 0.00048
14040 0.00047
14055 0.00047
14070 0.00047
14085 0.00047
14100 0.00047
14115 0.00047
14130 0.00047
14145 0.00047
14160 0.00046
14175 0.00046
14190 0.00046
14205 0.00046
14220 0.00046
14235 0.00046
14250 0.00046
14265 0.00045
14280 0.00043
14295 0.00043
14310 0.00043
14325 0.00043
14340 0.00043
14355 0.00043
14370 0.00043
14385 0.00042
14400 0.00042
14415 0.00042
14430 0.00042
14445 0.00042
14460 0.00042
14475 0.00042
14490 0.00042
14505 0.00042
14520 0.00042
14535 0.00042
14550 0.00042
14565 0.00043
14580 0.00043
14595 0.00043
14610 0.00043
14625 0.00043
14640 0.00043
14655 0.00043
14670 0.00043
14685 0.00043
14700 0.00043
14715 0.00043
14730 0.00043
14745 0.00043
14760 0.00043
14775 0.00043
14790 0.00043
14805 0.00043
14820 0.00042
14835 0.00042
14850 0.00042
14865 0.00042
14880 0.00042
14895 0.00042
14910 0.00042
14925 0.00042
14940 0.00042
14955 0.00042
14970 0.00042
14985 0.00042
