0 0.0002
15 0.0002
30 0.0002
45 0.0002
60 0.00021
75 0.00021
90 0.00021
105 0.00021
120 0.00022
135 0.00022
150 0.00024
165 0.00024
180 0.00024
195 0.00024
210 0.00024
225 0.00027
240 0.00027
255 0.00027
270 0.00027
285 0.00027
300 0.00027
315 0.00027
330 0.00029
345 0.00029
360 0.00029
375 0.00029
390 0.0003
405 0.0003
420 0.0003
435 0.0003
450 0.0003
465 0.0003
480 0.0003
495 0.0003
510 0.00031
525 0.00031
540 0.00031
555 0.00031
570 0.00031
585 0.00031
600 0.00031
615 0.00032
630 0.00032
645 0.00032
660 0.00033
675 0.00033
690 0.00033
705 0.00034
720 0.00034
735 0.00034
750 0.00034
765 0.00034
780 0.00034
795 0.00034
810 0.00034
825 0.00034
840 0.00034
855 0.00034
870 0.00034
885 0.00034
900 0.00034
915 0.00035
930 0.00035
945 0.00035
960 0.00035
975 0.00035
990 0.00036
1005 0.00036
1020 0.00036
1035 0.00036
1050 0.00036
1065 0.00036
1080 0.00037
1095 0.00037
1110 0.00038
1125 0.00038
1140 0.00039
1155 0.00039
1170 0.00039
1185 0.00039
1200 0.00039
1215 0.00039
1230 0.00039
1245 0.00039
1260 0.0004
1275 0.0004
1290 0.00041
1305 0.00041
1320 0.00041
1335 0.00041
1350 0.00041
1365 0.00041
1380 0.00041
1395 0.00041
1410 0.00041
1425 0.00041
1440 0.00041
1455 0.00041
1470 0.00041
1485 0.00041
1500 0.00041
1515 0.00041
1530 0.00041
1545 0.00041
1560 0.00042
1575 0.00042
1590 0.00042
1605 0.00042
1620 0.00042
1635 0.00042
1650 0.00042
1665 0.00042
1680 0.00042
1695 0.00042
1710 0.00043
1725 0.00043
1740 0.00043
1755 0.00043
1770 0.00043
1785 0.00044
1800 0.00045
1815 0.00045
1830 0.00045
1845 0.00045
1860 0.00045
1875 0.00045
1890 0.00045
1905 0.00046
1920 0.00046
1935 0.00046
1950 0.00046
1965 0.00046
1980 0.00046
1995 0.00047
2010 0.00048
2025 0.00049
2040 0.00049
2055 0.00049
2070 0.00049
2085 0.0005
2100 0.0005
2115 0.0005
2130 0.0005
2145 0.0005
2160 0.0005
2175 0.0005
2190 0.0005
2205 0.0005
2220 0.0005
2235 0.0005
2250 0.0005
2265 0.0005
2280 0.0005
2295 0.0005
2310 0.0005
2325 0.0005
2340 0.00051
2355 0.00051
2370 0.00051
2385 0.00052
2400 0.00052
2415 0.00053
2430 0.00053
2445 0.00053
2460 0.00054
2475 0.00054
2490 0.00054
2505 0.00054
2520 0.00055
2535 0.00055
2550 0.00055
2565 0.00055
2580 0.00055
2595 0.00055
2610 0.00056
2625 0.00057
2640 0.00057
2655 0.00057
2670 0.00057
2685 0.00057
2700 0.00057
2715 0.00057
2730 0.00057
2745 0.00057
2760 0.00057
2775 0.00058
2790 0.00058
2805 0.00058
2820 0.00059
2835 0.00059
2850 0.00059
2865 0.00059
2880 0.00059
2895 0.00059
2910 0.00059
2925 0.00059
2940 0.00059
2955 0.00059
2970 0.00059
2985 0.00059
3000 0.0006
3015 0.0006
3030 0.0006
3045 0.0006
3060 0.0006
3075 0.00061
3090 0.00062
3105 0.00062
3120 0.00062
3135 0.00064
3150 0.00065
3165 0.00066
3180 0.00066
3195 0.00066
3210 0.00066
3225 0.00066
3240 0.00066
3255 0.00066
3270 0.00066
3285 0.00066
3300 0.00066
3315 0.00066
3330 0.00066
3345 0.00066
3360 0.00067
3375 0.00067
3390 0.00067
3405 0.00067
3420 0.00068
3435 0.00068
3450 0.00068
3465 0.00069
3480 0.00069
3495 0.00069
3510 0.00069
3525 0.00069
3540 0.00069
3555 0.00069
3570 0.0007
3585 0.0007
3600 0.0007
3615 0.0007
3630 0.00071
3645 0.00072
3660 0.00073
3675 0.00073
3690 0.00073
3705 0.00073
3720 0.00073
3735 0.00073
3750 0.00073
3765 0.00073
3780 0.00074
3795 0.00075
3810 0.00075
3825 0.00076
3840 0.00076
3855 0.00076
3870 0.00076
3885 0.00076
3900 0.00077
3915 0.00077
3930 0.00077
3945 0.00077
3960 0.00079
3975 0.00079
3990 0.0008
4005 0.0008
4020 0.0008
4035 0.00081
4050 0.00082
4065 0.00082
4080 0.00084
4095 0.00085
4110 0.00087
4125 0.00088
4140 0.00088
4155 0.00089
4170 0.00089
4185 0.00091
4200 0.00091
4215 0.00091
4230 0.00091
4245 0.00091
4260 0.00091
4275 0.00093
4290 0.00093
4305 0.00093
4320 0.00093
4335 0.00093
4350 0.00093
4365 0.00093
4380 0.00094
4395 0.00094
4410 0.00094
4425 0.00094
4440 0.00094
4455 0.00095
4470 0.00095
4485 0.00095
4500 0.00097
4515 0.00097
4530 0.00099
4545 0.00099
4560 0.00101
4575 0.00102
4590 0.00105
4605 0.00105
4620 0.00105
4635 0.00105
4650 0.00105
4665 0.00105
4680 0.00105
4695 0.00105
4710 0.00105
4725 0.00105
4740 0.00105
4755 0.00105
4770 0.00105
4785 0.00105
4800 0.00106
4815 0.00106
4830 0.00106
4845 0.00106
4860 0.00106
4875 0.00108
4890 0.00109
4905 0.00112
4920 0.00112
4935 0.00112
4950 0.00112
4965 0.00112
4980 0.00112
4995 0.00112
5010 0.00112
5025 0.00112
5040 0.00113
5055 0.00115
5070 0.00115
5085 0.00115
5100 0.00116
5115 0.00116
5130 0.00116
5145 0.00116
5160 0.00117
5175 0.00117
5190 0.00117
5205 0.00118
5220 0.00118
5235 0.00118
5250 0.00118
5265 0.00118
5280 0.00119
5295 0.0012
5310 0.0012
5325 0.00121
5340 0.00122
5355 0.00122
5370 0.00125
5385 0.00126
5400 0.00126
5415 0.00126
5430 0.00126
5445 0.00126
5460 0.00129
5475 0.0013
5490 0.00132
5505 0.00132
5520 0.00133
5535 0.00133
5550 0.00134
5565 0.00137
5580 0.00137
5595 0.00137
5610 0.00141
5625 0.00141
5640 0.00141
5655 0.00141
5670 0.00142
5685 0.00143
5700 0.00145
5715 0.00147
5730 0.00147
5745 0.00147
5760 0.00149
5775 0.0015
5790 0.00153
5805 0.00153
5820 0.00154
5835 0.00157
5850 0.00157
5865 0.00161
5880 0.00161
5895 0.00161
5910 0.00163
5925 0.00163
5940 0.00163
5955 0.00164
5970 0.00164
5985 0.00164
6000 0.00165
6015 0.00165
6030 0.00168
6045 0.00168
6060 0.00168
6075 0.00169
6090 0.00173
6105 0.00176
6120 0.00177
6135 0.00181
6150 0.00182
6165 0.00182
6180 0.00182
6195 0.00182
6210 0.00182
6225 0.00189
6240 0.00189
6255 0.00189
6270 0.00189
6285 0.0019
6300 0.0019
6315 0.00193
6330 0.00194
6345 0.00194
6360 0.00195
6375 0.00199
6390 0.00199
6405 0.00201
6420 0.00204
6435 0.00205
6450 0.00208
6465 0.00208
6480 0.00212
6495 0.00216
6510 0.00219
6525 0.00219
6540 0.00219
6555 0.00219
6570 0.0022
6585 0.00223
6600 0.00223
6615 0.00225
6630 0.00228
6645 0.00228
6660 0.00228
6675 0.00234
6690 0.00235
6705 0.00238
6720 0.00247
6735 0.00247
6750 0.00254
6765 0.00254
6780 0.00254
6795 0.00259
6810 0.00261
6825 0.00263
6840 0.00266
6855 0.00275
6870 0.00275
6885 0.00278
6900 0.00282
6915 0.00284
6930 0.00285
6945 0.00286
6960 0.00293
6975 0.00299
6990 0.00299
7005 0.00299
7020 0.003
7035 0.00302
7050 0.00309
7065 0.00309
7080 0.00309
7095 0.00317
7110 0.00322
7125 0.00322
7140 0.00334
7155 0.00334
7170 0.00335
7185 0.00336
7200 0.00336
7215 0.00338
7230 0.0034
7245 0.0034
7260 0.00341
7275 0.00353
7290 0.00354
7305 0.00354
7320 0.00358
7335 0.0036
7350 0.00379
7365 0.0038
7380 0.00395
7395 0.00396
7410 0.00396
7425 0.00397
7440 0.00412
7455 0.00414
7470 0.00416
7485 0.00417
7500 0.00418
7515 0.00418
7530 0.00418
7545 0.00418
7560 0.00422
7575 0.00433
7590 0.0045
7605 0.00453
7620 0.00456
7635 0.00461
7650 0.00467
7665 0.00479
7680 0.00479
7695 0.00485
7710 0.005
7725 0.00512
7740 0.00529
7755 0.00536
7770 0.00543
7785 0.00573
7800 0.00579
7815 0.00592
7830 0.00592
7845 0.00606
7860 0.00628
7875 0.00632
7890 0.00632
7905 0.00661
7920 0.00661
7935 0.00666
7950 0.00666
7965 0.00683
7980 0.00685
7995 0.00738
8010 0.00758
8025 0.00778
8040 0.0078
8055 0.0078
8070 0.00782
8085 0.00794
8100 0.00832
8115 0.00836
8130 0.00861
8145 0.00869
8160 0.00897
8175 0.00919
8190 0.00946
8205 0.00946
8220 0.01003
8235 0.01003
8250 0.01084
8265 0.01115
8280 0.01141
8295 0.01197
8310 0.01226
8325 0.01241
8340 0.01303
8355 0.01376
8370 0.01435
8385 0.01469
8400 0.01502
8415 0.01547
8430 0.01579
8445 0.01606
8460 0.01665
8475 0.01745
8490 0.01903
8505 0.0194
8520 0.02115
8535 0.02274
8550 0.02343
8565 0.02492
8580 0.0263
8595 0.02708
8610 0.02789
8625 0.03028
8640 0.03158
8655 0.03421
8670 0.0389
8685 0.04089
8700 0.04575
8715 0.05035
8730 0.05525
8745 0.05997
8760 0.06435
8775 0.07692
8790 0.09642
8805 0.11471
8820 0.15759
8835 0.22273
8850 0.28625
8865 0.36336
8880 0.42045
8895 0.49848
8910 0.57186
8925 0.61536
8940 0.67375
8955 0.6929
8970 0.74257
8985 0.7511
9000 0.7598
9015 0.77291
9030 0.78468
9045 0.79306
9060 0.79817
9075 0.80552
9090 0.81057
9105 0.81496
9120 0.81827
9135 0.82331
9150 0.82752
9165 0.83138
9180 0.83496
9195 0.83798
9210 0.8415
9225 0.84491
9240 0.84726
9255 0.84887
9270 0.85168
9285 0.85393
9300 0.85673
9315 0.8589
9330 0.8612
9345 0.86327
9360 0.86555
9375 0.86809
9390 0.86955
9405 0.87166
9420 0.87341
9435 0.87545
9450 0.87686
9465 0.87837
9480 0.87998
9495 0.88172
9510 0.8832
9525 0.88432
9540 0.88546
9555 0.88685
9570 0.88769
9585 0.88854
9600 0.89
9615 0.89105
9630 0.89238
9645 0.89339
9660 0.89472
9675 0.89556
9690 0.8968
9705 0.89772
9720 0.89911
9735 0.90009
9750 0.90132
9765 0.90237
9780 0.90328
9795 0.90418
9810 0.90524
9825 0.90628
9840 0.90742
9855 0.90844
9870 0.90928
9885 0.91027
9900 0.91128
9915 0.91248
9930 0.91315
9945 0.91412
9960 0.91505
9975 0.91609
9990 0.91701
10005 0.91801
10020 0.91879
10035 0.91954
10050 0.92031
10065 0.92101
10080 0.92172
10095 0.9224
10110 0.92331
10125 0.92436
10140 0.92543
10155 0.92615
10170 0.92696
10185 0.92747
10200 0.92829
10215 0.92916
10230 0.92967
10245 0.93031
10260 0.93075
10275 0.93145
10290 0.93186
10305 0.93265
10320 0.93322
10335 0.93389
10350 0.9345
10365 0.93512
10380 0.93576
10395 0.9365
10410 0.93713
10425 0.93755
10440 0.93796
10455 0.93859
10470 0.93916
10485 0.93972
10500 0.94029
10515 0.94078
10530 0.94133
10545 0.94169
10560 0.94212
10575 0.9427
10590 0.94305
10605 0.94345
10620 0.94401
10635 0.94461
10650 0.94508
10665 0.9455
10680 0.9459
10695 0.94621
10710 0.94659
10725 0.94694
10740 0.94733
10755 0.94754
10770 0.94781
10785 0.94834
10800 0.94873
10815 0.94905
10830 0.94942
10845 0.94973
10860 0.95007
10875 0.95043
10890 0.95085
10905 0.95114
10920 0.95158
10935 0.95215
10950 0.95255
10965 0.95289
10980 0.95323
10995 0.95357
11010 0.95396
11025 0.95437
11040 0.95471
11055 0.95504
11070 0.95541
11085 0.95577
11100 0.95606
11115 0.95633
11130 0.95676
11145 0.95706
11160 0.95743
11175 0.95776
11190 0.95804
11205 0.9583
11220 0.95872
11235 0.95892
11250 0.95922
11265 0.95962
11280 0.9598
11295 0.96012
11310 0.96038
11325 0.96056
11340 0.96093
11355 0.96123
11370 0.96163
11385 0.96182
11400 0.96213
11415 0.96245
11430 0.96276
11445 0.96295
11460 0.96332
11475 0.96369
11490 0.96395
11505 0.96419
11520 0.9645
11535 0.96474
11550 0.96507
11565 0.96528
11580 0.96546
11595 0.96567
11610 0.9659
11625 0.96614
11640 0.96648
11655 0.9668
11670 0.96709
11685 0.96757
11700 0.96785
11715 0.96817
11730 0.96843
11745 0.96871
11760 0.96885
11775 0.96906
11790 0.96929
11805 0.96949
11820 0.9697
11835 0.96978
11850 0.97002
11865 0.97026
11880 0.97043
11895 0.97069
11910 0.97095
11925 0.97115
11940 0.9715
11955 0.97172
11970 0.97187
11985 0.97206
12000 0.97229
12015 0.97243
12030 0.9726
12045 0.97273
12060 0.97299
12075 0.97321
12090 0.97344
12105 0.9737
12120 0.97394
12135 0.97416
12150 0.97432
12165 0.97459
12180 0.97477
12195 0.97493
12210 0.97519
12225 0.97527
12240 0.97549
12255 0.97569
12270 0.97588
12285 0.97615
12300 0.97629
12315 0.97651
12330 0.97661
12345 0.97676
12360 0.97687
12375 0.97696
12390 0.9772
12405 0.9773
12420 0.9775
12435 0.97766
12450 0.9778
12465 0.97797
12480 0.97819
12495 0.97838
12510 0.97856
12525 0.97865
12540 0.97878
12555 0.97895
12570 0.97909
12585 0.97936
12600 0.97951
12615 0.9796
12630 0.97966
12645 0.97977
12660 0.9799
12675 0.98005
12690 0.98021
12705 0.98034
12720 0.98049
12735 0.98067
12750 0.98081
12765 0.98102
12780 0.98118
12795 0.98129
12810 0.98136
12825 0.98147
12840 0.98154
12855 0.98163
12870 0.98173
12885 0.98188
12900 0.98198
12915 0.98213
12930 0.98221
12945 0.98232
12960 0.98245
12975 0.98252
12990 0.98265
13005 0.98278
13020 0.98299
13035 0.98311
13050 0.98321
13065 0.98333
13080 0.98341
13095 0.98351
13110 0.98363
13125 0.98374
13140 0.98382
13155 0.98394
13170 0.9841
13185 0.98416
13200 0.98422
13215 0.98429
13230 0.98437
13245 0.98453
13260 0.98461
13275 0.98468
13290 0.98482
13305 0.98493
13320 0.98497
13335 0.9851
13350 0.98521
13365 0.98528
13380 0.98541
13395 0.98552
13410 0.98554
13425 0.9856
13440 0.98564
13455 0.98578
13470 0.98586
13485 0.98595
13500 0.98605
13515 0.98623
13530 0.98632
13545 0.98639
13560 0.98656
13575 0.98667
13590 0.98676
13605 0.98688
13620 0.98694
13635 0.98703
13650 0.9871
13665 0.98724
13680 0.98734
13695 0.9874
13710 0.98749
13725 0.98757
13740 0.98763
13755 0.98773
13770 0.98783
13785 0.98792
13800 0.98795
13815 0.98801
13830 0.98812
13845 0.98822
13860 0.98832
13875 0.98835
13890 0.98842
13905 0.98847
13920 0.98856
13935 0.98868
13950 0.98875
13965 0.98885
13980 0.98889
13995 0.98898
14010 0.98903
14025 0.98906
14040 0.98913
14055 0.98917
14070 0.98922
14085 0.98926
14100 0.98937
14115 0.98948
14130 0.98953
14145 0.98956
14160 0.98962
14175 0.98968
14190 0.98976
14205 0.98988
14220 0.98995
14235 0.98998
14250 0.99002
14265 0.99002
14280 0.99006
14295 0.99011
14310 0.99019
14325 0.99027
14340 0.99035
14355 0.99043
14370 0.99053
14385 0.99056
14400 0.99061
14415 0.99067
14430 0.99072
14445 0.99076
14460 0.99078
14475 0.99081
14490 0.99087
14505 0.99094
14520 0.99097
14535 0.99101
14550 0.99105
14565 0.99108
14580 0.99114
14595 0.99115
14610 0.99121
14625 0.99122
14640 0.99132
14655 0.99136
14670 0.99141
14685 0.99145
14700 0.99151
14715 0.99156
14730 0.99161
14745 0.99164
14760 0.99169
14775 0.99181
14790 0.99184
14805 0.99189
14820 0.99191
14835 0.99198
14850 0.99201
14865 0.99207
14880 0.99212
14895 0.99216
14910 0.99222
14925 0.99227
14940 0.99234
14955 0.99242
14970 0.99246
14985 0.9925
