0 0.0002
15 0.0002
30 0.0002
45 0.0002
60 0.0002
75 0.0002
90 0.0002
105 0.00021
120 0.00022
135 0.00023
150 0.00024
165 0.00024
180 0.00024
195 0.00024
210 0.00025
225 0.00025
240 0.00025
255 0.00025
270 0.00027
285 0.00028
300 0.00028
315 0.00029
330 0.00029
345 0.0003
360 0.0003
375 0.0003
390 0.0003
405 0.0003
420 0.0003
435 0.0003
450 0.0003
465 0.0003
480 0.0003
495 0.0003
510 0.0003
525 0.0003
540 0.0003
555 0.0003
570 0.0003
585 0.0003
600 0.00031
615 0.00031
630 0.00031
645 0.00031
660 0.00031
675 0.00031
690 0.00031
705 0.00031
720 0.00031
735 0.00031
750 0.00031
765 0.00031
780 0.00031
795 0.00031
810 0.00032
825 0.00032
840 0.00032
855 0.00032
870 0.00032
885 0.00033
900 0.00033
915 0.00034
930 0.00034
945 0.00035
960 0.00035
975 0.00035
990 0.00035
1005 0.00035
1020 0.00035
1035 0.00035
1050 0.00035
1065 0.00035
1080 0.00036
1095 0.00037
1110 0.00037
1125 0.00037
1140 0.00037
1155 0.00038
1170 0.00038
1185 0.00038
1200 0.00039
1215 0.00039
1230 0.00039
1245 0.00039
1260 0.00039
1275 0.00039
1290 0.00039
1305 0.00039
1320 0.00039
1335 0.00039
1350 0.00039
1365 0.00039
1380 0.00039
1395 0.00039
1410 0.0004
1425 0.0004
1440 0.0004
1455 0.0004
1470 0.0004
1485 0.0004
1500 0.00041
1515 0.00041
1530 0.00041
1545 0.00041
1560 0.00041
1575 0.00041
1590 0.00042
1605 0.00043
1620 0.00043
1635 0.00043
1650 0.00043
1665 0.00043
1680 0.00043
1695 0.00043
1710 0.00043
1725 0.00043
1740 0.00043
1755 0.00043
1770 0.00043
1785 0.00043
1800 0.00043
1815 0.00043
1830 0.00043
1845 0.00046
1860 0.00046
1875 0.00046
1890 0.00046
1905 0.00047
1920 0.00048
1935 0.00048
1950 0.00048
1965 0.00048
1980 0.00048
1995 0.00048
2010 0.00048
2025 0.00048
2040 0.00048
2055 0.00048
2070 0.00048
2085 0.00048
2100 0.00048
2115 0.00049
2130 0.0005
2145 0.0005
2160 0.0005
2175 0.0005
2190 0.0005
2205 0.0005
2220 0.0005
2235 0.0005
2250 0.0005
2265 0.0005
2280 0.0005
2295 0.0005
2310 0.0005
2325 0.0005
2340 0.00051
2355 0.00051
2370 0.00051
2385 0.00052
2400 0.00052
2415 0.00052
2430 0.00052
2445 0.00052
2460 0.00052
2475 0.00052
2490 0.00052
2505 0.00052
2520 0.00052
2535 0.00052
2550 0.00052
2565 0.00052
2580 0.00052
2595 0.00052
2610 0.00053
2625 0.00053
2640 0.00053
2655 0.00053
2670 0.00053
2685 0.00053
2700 0.00054
2715 0.00054
2730 0.00054
2745 0.00055
2760 0.00055
2775 0.00055
2790 0.00055
2805 0.00055
2820 0.00055
2835 0.00055
2850 0.00055
2865 0.00055
2880 0.00057
2895 0.00057
2910 0.00057
2925 0.00058
2940 0.00058
2955 0.00058
2970 0.00058
2985 0.00059
3000 0.00059
3015 0.00059
3030 0.0006
3045 0.00062
3060 0.00062
3075 0.00063
3090 0.00063
3105 0.00063
3120 0.00063
3135 0.00063
3150 0.00063
3165 0.00063
3180 0.00064
3195 0.00064
3210 0.00064
3225 0.00065
3240 0.00065
3255 0.00065
3270 0.00065
3285 0.00065
3300 0.00065
3315 0.00065
3330 0.00065
3345 0.00066
3360 0.00066
3375 0.00066
3390 0.00066
3405 0.00067
3420 0.00067
3435 0.00067
3450 0.00067
3465 0.00069
3480 0.00069
3495 0.00071
3510 0.00071
3525 0.00071
3540 0.00071
3555 0.00071
3570 0.00071
3585 0.00071
3600 0.00073
3615 0.00073
3630 0.00073
3645 0.00073
3660 0.00073
3675 0.00073
3690 0.00073
3705 0.00074
3720 0.00074
3735 0.00074
3750 0.00074
3765 0.00074
3780 0.00075
3795 0.00075
3810 0.00075
3825 0.00075
3840 0.00075
3855 0.00076
3870 0.00076
3885 0.00076
3900 0.00077
3915 0.00078
3930 0.00078
3945 0.00078
3960 0.00078
3975 0.00079
3990 0.0008
4005 0.00083
4020 0.00083
4035 0.00083
4050 0.00083
4065 0.00084
4080 0.00085
4095 0.00085
4110 0.00085
4125 0.00085
4140 0.00087
4155 0.00088
4170 0.00089
4185 0.00089
4200 0.00089
4215 0.00089
4230 0.00089
4245 0.00089
4260 0.0009
4275 0.0009
4290 0.00092
4305 0.00092
4320 0.00092
4335 0.00092
4350 0.00094
4365 0.00094
4380 0.00094
4395 0.00096
4410 0.00096
4425 0.00096
4440 0.00096
4455 0.00096
4470 0.00096
4485 0.00096
4500 0.00096
4515 0.00096
4530 0.00097
4545 0.00097
4560 0.00097
4575 0.00097
4590 0.00097
4605 0.00097
4620 0.00099
4635 0.00099
4650 0.00103
4665 0.00103
4680 0.00103
4695 0.00104
4710 0.00104
4725 0.00104
4740 0.00108
4755 0.00109
4770 0.00109
4785 0.00109
4800 0.00113
4815 0.00113
4830 0.00113
4845 0.00113
4860 0.00113
4875 0.00113
4890 0.00115
4905 0.00116
4920 0.00116
4935 0.00116
4950 0.00116
4965 0.00116
4980 0.00116
4995 0.00116
5010 0.00118
5025 0.00118
5040 0.00118
5055 0.00118
5070 0.00118
5085 0.00119
5100 0.00119
5115 0.0012
5130 0.0012
5145 0.0012
5160 0.0012
5175 0.00121
5190 0.00122
5205 0.00122
5220 0.00122
5235 0.00123
5250 0.00128
5265 0.00128
5280 0.00129
5295 0.00129
5310 0.00129
5325 0.00129
5340 0.00129
5355 0.00129
5370 0.00129
5385 0.00129
5400 0.00129
5415 0.00129
5430 0.00129
5445 0.00129
5460 0.0013
5475 0.0013
5490 0.0013
5505 0.00132
5520 0.00135
5535 0.00135
5550 0.00136
5565 0.00136
5580 0.0014
5595 0.00141
5610 0.00142
5625 0.00143
5640 0.00144
5655 0.00147
5670 0.00153
5685 0.00153
5700 0.00155
5715 0.00155
5730 0.00155
5745 0.00156
5760 0.00156
5775 0.00156
5790 0.00156
5805 0.00159
5820 0.00159
5835 0.00159
5850 0.00159
5865 0.00161
5880 0.00161
5895 0.00161
5910 0.00163
5925 0.00163
5940 0.00164
5955 0.00164
5970 0.00166
5985 0.00166
6000 0.00166
6015 0.00166
6030 0.00166
6045 0.00166
6060 0.00166
6075 0.00166
6090 0.00167
6105 0.00177
6120 0.00177
6135 0.00177
6150 0.00177
6165 0.00178
6180 0.00186
6195 0.00186
6210 0.00189
6225 0.00189
6240 0.00189
6255 0.0019
6270 0.00192
6285 0.00192
6300 0.00192
6315 0.00193
6330 0.002
6345 0.00205
6360 0.00207
6375 0.00207
6390 0.00207
6405 0.00207
6420 0.00207
6435 0.0021
6450 0.00212
6465 0.00214
6480 0.00214
6495 0.00214
6510 0.00217
6525 0.0022
6540 0.00226
6555 0.00228
6570 0.00228
6585 0.0023
6600 0.00232
6615 0.00232
6630 0.00232
6645 0.00232
6660 0.00232
6675 0.00232
6690 0.00237
6705 0.00237
6720 0.00237
6735 0.00243
6750 0.00244
6765 0.00244
6780 0.00244
6795 0.00248
6810 0.00255
6825 0.00255
6840 0.00264
6855 0.00265
6870 0.00265
6885 0.00265
6900 0.00265
6915 0.00265
6930 0.00266
6945 0.00269
6960 0.00273
6975 0.00277
6990 0.00285
7005 0.00285
7020 0.00291
7035 0.00291
7050 0.00292
7065 0.00292
7080 0.00294
7095 0.00295
7110 0.00304
7125 0.00306
7140 0.00311
7155 0.00324
7170 0.00326
7185 0.00339
7200 0.00345
7215 0.00345
7230 0.00345
7245 0.00355
7260 0.00368
7275 0.00369
7290 0.00369
7305 0.00397
7320 0.00397
7335 0.00407
7350 0.0042
7365 0.0043
7380 0.0043
7395 0.00432
7410 0.00434
7425 0.00442
7440 0.0047
7455 0.00472
7470 0.00472
7485 0.00472
7500 0.00473
7515 0.00473
7530 0.00474
7545 0.00477
7560 0.00484
7575 0.00484
7590 0.00499
7605 0.00511
7620 0.00528
7635 0.00542
7650 0.00543
7665 0.00543
7680 0.00555
7695 0.00559
7710 0.00575
7725 0.00589
7740 0.00589
7755 0.00634
7770 0.00634
7785 0.00634
7800 0.00651
7815 0.00658
7830 0.00682
7845 0.00682
7860 0.00719
7875 0.0073
7890 0.00759
7905 0.00825
7920 0.00829
7935 0.00845
7950 0.00845
7965 0.00862
7980 0.00862
7995 0.00884
8010 0.00929
8025 0.00958
8040 0.01001
8055 0.01029
8070 0.01029
8085 0.01051
8100 0.0113
8115 0.01165
8130 0.01202
8145 0.01222
8160 0.01334
8175 0.01364
8190 0.01425
8205 0.01438
8220 0.01491
8235 0.01551
8250 0.01707
8265 0.01749
8280 0.01893
8295 0.01978
8310 0.02065
8325 0.0215
8340 0.02332
8355 0.02561
8370 0.03
8385 0.03048
8400 0.03243
8415 0.03394
8430 0.03495
8445 0.044
8460 0.04857
8475 0.05169
8490 0.05677
8505 0.07485
8520 0.09156
8535 0.10296
8550 0.14945
8565 0.22082
8580 0.27672
8595 0.42441
8610 0.49982
8625 0.57598
8640 0.64926
8655 0.67367
8670 0.69929
8685 0.714
8700 0.7236
8715 0.73238
8730 0.73761
8745 0.74262
8760 0.74838
8775 0.75606
8790 0.76199
8805 0.76691
8820 0.77594
8835 0.77967
8850 0.78414
8865 0.78838
8880 0.79087
8895 0.79451
8910 0.79787
8925 0.80226
8940 0.80563
8955 0.80785
8970 0.811
8985 0.81298
9000 0.81637
9015 0.81868
9030 0.82122
9045 0.82298
9060 0.8248
9075 0.82766
9090 0.82925
9105 0.83162
9120 0.83403
9135 0.83608
9150 0.83742
9165 0.83955
9180 0.84175
9195 0.84312
9210 0.84535
9225 0.84693
9240 0.84875
9255 0.85068
9270 0.85264
9285 0.85402
9300 0.85593
9315 0.85792
9330 0.85922
9345 0.8611
9360 0.86288
9375 0.86492
9390 0.86662
9405 0.86768
9420 0.86915
9435 0.87035
9450 0.87183
9465 0.87314
9480 0.87414
9495 0.87551
9510 0.87682
9525 0.87773
9540 0.87908
9555 0.88004
9570 0.88119
9585 0.88228
9600 0.88348
9615 0.88506
9630 0.88649
9645 0.88733
9660 0.88823
9675 0.88935
9690 0.89035
9705 0.89118
9720 0.89244
9735 0.89343
9750 0.8947
9765 0.89563
9780 0.89707
9795 0.89817
9810 0.89907
9825 0.89989
9840 0.90054
9855 0.90137
9870 0.90227
9885 0.9031
9900 0.90383
9915 0.90444
9930 0.90526
9945 0.90653
9960 0.90741
9975 0.90844
9990 0.90924
10005 0.9101
10020 0.91091
10035 0.91193
10050 0.91254
10065 0.91318
10080 0.91389
10095 0.91494
10110 0.91563
10125 0.91643
10140 0.91728
10155 0.91782
10170 0.91842
10185 0.91878
10200 0.91929
10215 0.91999
10230 0.9207
10245 0.92129
10260 0.92164
10275 0.92244
10290 0.92296
10305 0.92342
10320 0.9242
10335 0.92483
10350 0.92549
10365 0.92613
10380 0.92687
10395 0.9275
10410 0.92784
10425 0.92859
10440 0.92919
10455 0.92967
10470 0.93024
10485 0.93065
10500 0.9311
10515 0.93166
10530 0.93213
10545 0.93266
10560 0.93336
10575 0.93392
10590 0.9345
10605 0.93508
10620 0.93573
10635 0.93612
10650 0.93653
10665 0.93696
10680 0.93743
10695 0.93795
10710 0.93838
10725 0.93868
10740 0.93925
10755 0.9397
10770 0.94011
10785 0.94052
10800 0.94091
10815 0.94152
10830 0.94185
10845 0.94221
10860 0.94268
10875 0.94312
10890 0.94348
10905 0.94379
10920 0.94422
10935 0.94479
10950 0.94511
10965 0.94542
10980 0.94579
10995 0.94632
11010 0.94682
11025 0.94719
11040 0.94754
11055 0.94791
11070 0.94826
11085 0.94859
11100 0.94916
11115 0.94955
11130 0.9499
11145 0.95024
11160 0.95061
11175 0.95093
11190 0.95132
11205 0.95166
11220 0.95212
11235 0.95243
11250 0.9528
11265 0.95316
11280 0.95353
11295 0.95385
11310 0.95423
11325 0.95454
11340 0.9549
11355 0.95521
11370 0.95554
11385 0.95575
11400 0.95626
11415 0.95656
11430 0.95691
11445 0.95718
11460 0.95751
11475 0.95778
11490 0.95814
11505 0.95847
11520 0.95881
11535 0.95909
11550 0.95939
11565 0.95967
11580 0.96004
11595 0.9602
11610 0.96048
11625 0.96068
11640 0.96095
11655 0.96118
11670 0.96146
11685 0.96184
11700 0.96216
11715 0.96236
11730 0.96258
11745 0.96279
11760 0.96307
11775 0.96332
11790 0.96358
11805 0.96373
11820 0.96394
11835 0.96431
11850 0.96457
11865 0.96485
11880 0.96502
11895 0.96524
11910 0.96554
11925 0.96577
11940 0.96597
11955 0.96619
11970 0.96649
11985 0.96665
12000 0.96693
12015 0.96714
12030 0.96729
12045 0.96748
12060 0.96767
12075 0.96785
12090 0.96804
12105 0.96827
12120 0.96849
12135 0.96869
12150 0.96883
12165 0.96906
12180 0.96919
12195 0.96948
12210 0.96969
12225 0.96995
12240 0.97016
12255 0.97034
12270 0.9706
12285 0.97089
12300 0.97111
12315 0.97131
12330 0.97144
12345 0.97162
12360 0.97188
12375 0.97209
12390 0.97219
12405 0.97243
12420 0.97258
12435 0.97274
12450 0.973
12465 0.97318
12480 0.97331
12495 0.97351
12510 0.97366
12525 0.97379
12540 0.97404
12555 0.97421
12570 0.97441
12585 0.97451
12600 0.9747
12615 0.97489
12630 0.975
12645 0.97515
12660 0.97534
12675 0.97553
12690 0.97571
12705 0.97584
12720 0.97596
12735 0.9761
12750 0.97623
12765 0.97637
12780 0.97652
12795 0.97672
12810 0.97683
12825 0.97707
12840 0.97721
12855 0.97737
12870 0.97754
12885 0.97769
12900 0.97773
12915 0.97781
12930 0.97803
12945 0.97816
12960 0.9783
12975 0.97843
12990 0.97861
13005 0.97878
13020 0.97901
13035 0.97912
13050 0.97928
13065 0.97949
13080 0.97964
13095 0.97974
13110 0.97991
13125 0.98009
13140 0.98026
13155 0.98032
13170 0.98043
13185 0.98057
13200 0.98064
13215 0.98074
13230 0.98094
13245 0.98108
13260 0.98125
13275 0.98136
13290 0.98149
13305 0.98159
13320 0.98173
13335 0.98189
13350 0.98203
13365 0.98217
13380 0.98237
13395 0.9825
13410 0.9826
13425 0.9827
13440 0.98276
13455 0.98282
13470 0.98287
13485 0.98297
13500 0.98307
13515 0.98323
13530 0.98327
13545 0.9834
13560 0.98346
13575 0.98355
13590 0.98369
13605 0.98383
13620 0.98391
13635 0.98399
13650 0.98407
13665 0.98417
13680 0.98425
13695 0.98429
13710 0.98439
13725 0.9845
13740 0.98458
13755 0.98466
13770 0.98474
13785 0.98483
13800 0.98492
13815 0.98503
13830 0.98513
13845 0.98521
13860 0.98533
13875 0.98545
13890 0.98557
13905 0.98566
13920 0.98574
13935 0.98583
13950 0.98593
13965 0.98605
13980 0.98612
13995 0.98623
14010 0.98632
14025 0.98638
14040 0.98645
14055 0.98655
14070 0.98662
14085 0.98671
14100 0.9868
14115 0.98687
14130 0.98694
14145 0.98703
14160 0.9872
14175 0.98729
14190 0.98734
14205 0.9874
14220 0.98751
14235 0.98758
14250 0.98764
14265 0.98772
14280 0.98777
14295 0.98782
14310 0.98783
14325 0.9879
14340 0.98796
14355 0.98801
14370 0.98807
14385 0.98815
14400 0.98822
14415 0.98826
14430 0.98831
14445 0.98835
14460 0.98843
14475 0.98852
14490 0.98863
14505 0.98872
14520 0.9888
14535 0.98891
14550 0.98894
14565 0.98902
14580 0.9891
14595 0.98915
14610 0.98919
14625 0.98924
14640 0.98931
14655 0.98934
14670 0.98937
14685 0.98943
14700 0.98945
14715 0.98952
14730 0.98958
14745 0.98965
14760 0.98973
14775 0.98977
14790 0.98985
14805 0.98991
14820 0.98996
14835 0.99007
14850 0.99013
14865 0.99021
14880 0.99025
14895 0.99033
14910 0.99041
14925 0.99048
14940 0.99052
14955 0.99055
14970 0.99061
14985 0.9907
