0 4e-05
15 4e-05
30 4e-05
45 4e-05
60 4e-05
75 4e-05
90 4e-05
105 4e-05
120 4e-05
135 4e-05
150 4e-05
165 4e-05
180 4e-05
195 4e-05
210 4e-05
225 4e-05
240 4e-05
255 4e-05
270 4e-05
285 4e-05
300 4.2e-05
315 4.2e-05
330 4.2e-05
345 4.2e-05
360 4.2e-05
375 4.4e-05
390 4.6e-05
405 4.6e-05
420 4.6e-05
435 4.6e-05
450 4.6e-05
465 4.8e-05
480 4.8e-05
495 4.8e-05
510 4.8e-05
525 5e-05
540 5e-05
555 5e-05
570 5e-05
585 5e-05
600 5e-05
615 5e-05
630 5.2e-05
645 5.2e-05
660 5.2e-05
675 5.4e-05
690 5.4e-05
705 5.4e-05
720 5.4e-05
735 5.4e-05
750 5.4e-05
765 5.4e-05
780 5.4e-05
795 5.4e-05
810 5.4e-05
825 5.4e-05
840 5.4e-05
855 5.4e-05
870 5.4e-05
885 5.4e-05
900 5.4e-05
915 5.4e-05
930 5.6e-05
945 5.6e-05
960 5.6e-05
975 6e-05
990 6e-05
1005 6e-05
1020 6.2e-05
1035 6.2e-05
1050 6.2e-05
1065 6.2e-05
1080 6.4e-05
1095 6.4e-05
1110 6.4e-05
1125 6.4e-05
1140 6.4e-05
1155 6.4e-05
1170 6.4e-05
1185 6.4e-05
1200 6.4e-05
1215 6.4e-05
1230 6.4e-05
1245 6.4e-05
1260 6.4e-05
1275 6.4e-05
1290 6.4e-05
1305 6.4e-05
1320 6.4e-05
1335 6.4e-05
1350 6.4e-05
1365 6.4e-05
1380 6.4e-05
1395 6.4e-05
1410 6.4e-05
1425 6.4e-05
1440 6.4e-05
1455 6.4e-05
1470 6.4e-05
1485 6.4e-05
1500 6.4e-05
1515 6.4e-05
1530 6.4e-05
1545 6.4e-05
1560 6.6e-05
1575 6.6e-05
1590 6.6e-05
1605 6.6e-05
1620 6.6e-05
1635 6.6e-05
1650 6.6e-05
1665 6.6e-05
1680 6.6e-05
1695 6.6e-05
1710 6.6e-05
1725 6.6e-05
1740 6.6e-05
1755 6.6e-05
1770 6.6e-05
1785 6.6e-05
1800 6.6e-05
1815 6.6e-05
1830 6.6e-05
1845 6.6e-05
1860 6.6e-05
1875 6.6e-05
1890 6.6e-05
1905 6.6e-05
1920 6.6e-05
1935 6.6e-05
1950 6.6e-05
1965 6.6e-05
1980 6.6e-05
1995 6.6e-05
2010 6.6e-05
2025 6.6e-05
2040 6.6e-05
2055 6.6e-05
2070 6.6e-05
2085 6.6e-05
2100 6.6e-05
2115 6.6e-05
2130 6.6e-05
2145 6.6e-05
2160 6.6e-05
2175 6.8e-05
2190 6.8e-05
2205 6.8e-05
2220 6.8e-05
2235 6.8e-05
2250 6.8e-05
2265 7e-05
2280 7.2e-05
2295 7.2e-05
2310 7.2e-05
2325 7.2e-05
2340 7.2e-05
2355 7.2e-05
2370 7.2e-05
2385 7.2e-05
2400 7.2e-05
2415 7.2e-05
2430 7.2e-05
2445 7.2e-05
2460 7.2e-05
2475 7.2e-05
2490 7.2e-05
2505 7.2e-05
2520 7.2e-05
2535 7.2e-05
2550 7.2e-05
2565 7.2e-05
2580 7.4e-05
2595 7.4e-05
2610 7.4e-05
2625 7.4e-05
2640 7.4e-05
2655 7.6e-05
2670 7.6e-05
2685 7.6e-05
2700 7.6e-05
2715 7.6e-05
2730 7.6e-05
2745 7.6e-05
2760 7.6e-05
2775 7.6e-05
2790 7.6e-05
2805 7.6e-05
2820 7.6e-05
2835 7.6e-05
2850 7.6e-05
2865 7.6e-05
2880 7.6e-05
2895 7.6e-05
2910 7.6e-05
2925 7.6e-05
2940 7.6e-05
2955 7.6e-05
2970 7.6e-05
2985 7.6e-05
3000 7.6e-05
3015 7.6e-05
3030 7.6e-05
3045 7.8e-05
3060 7.8e-05
3075 7.8e-05
3090 7.8e-05
3105 7.8e-05
3120 7.8e-05
3135 7.8e-05
3150 7.8e-05
3165 7.8e-05
3180 7.8e-05
3195 7.8e-05
3210 7.8e-05
3225 7.8e-05
3240 7.8e-05
3255 7.8e-05
3270 7.8e-05
3285 7.8e-05
3300 7.8e-05
3315 8e-05
3330 8e-05
3345 8e-05
3360 8e-05
3375 8.2e-05
3390 8.2e-05
3405 8.2e-05
3420 8.2e-05
3435 8.2e-05
3450 8.2e-05
3465 8.2e-05
3480 8.2e-05
3495 8.2e-05
3510 8.2e-05
3525 8.2e-05
3540 8.2e-05
3555 8.2e-05
3570 8.2e-05
3585 8.2e-05
3600 8.2e-05
3615 8.2e-05
3630 8.2e-05
3645 8.2e-05
3660 8.2e-05
3675 8.2e-05
3690 8.2e-05
3705 8.2e-05
3720 8.2e-05
3735 8.2e-05
3750 8.2e-05
3765 8.2e-05
3780 8.2e-05
3795 8.2e-05
3810 8.2e-05
3825 8.2e-05
3840 8.2e-05
3855 8.2e-05
3870 8.2e-05
3885 8.4e-05
3900 8.4e-05
3915 8.4e-05
3930 8.4e-05
3945 8.4e-05
3960 8.4e-05
3975 8.4e-05
3990 8.4e-05
4005 8.4e-05
4020 8.8e-05
4035 8.8e-05
4050 8.8e-05
4065 9e-05
4080 9e-05
4095 9e-05
4110 9e-05
4125 9e-05
4140 9e-05
4155 9.2e-05
4170 9.2e-05
4185 9.2e-05
4200 9.2e-05
4215 9.2e-05
4230 9.2e-05
4245 9.2e-05
4260 9.2e-05
4275 9.2e-05
4290 9.2e-05
4305 9.2e-05
4320 9.2e-05
4335 9.4e-05
4350 9.4e-05
4365 9.4e-05
4380 9.4e-05
4395 9.4e-05
4410 9.4e-05
4425 9.4e-05
4440 9.4e-05
4455 9.4e-05
4470 9.4e-05
4485 9.4e-05
4500 9.4e-05
4515 9.4e-05
4530 9.4e-05
4545 9.4e-05
4560 9.4e-05
4575 9.4e-05
4590 9.4e-05
4605 9.4e-05
4620 9.6e-05
4635 9.6e-05
4650 9.6e-05
4665 9.8e-05
4680 0.0001
4695 0.0001
4710 0.0001
4725 0.0001
4740 0.0001
4755 0.0001
4770 0.0001
4785 0.0001
4800 0.000102
4815 0.000102
4830 0.000102
4845 0.000104
4860 0.000104
4875 0.000104
4890 0.000104
4905 0.000104
4920 0.000104
4935 0.000104
4950 0.000106
4965 0.000106
4980 0.000106
4995 0.000106
5010 0.000106
5025 0.000106
5040 0.000106
5055 0.000106
5070 0.000106
5085 0.000106
5100 0.000106
5115 0.000106
5130 0.000106
5145 0.000106
5160 0.000106
5175 0.000106
5190 0.000106
5205 0.000106
5220 0.000108
5235 0.000108
5250 0.000108
5265 0.000108
5280 0.000108
5295 0.000108
5310 0.000108
5325 0.000108
5340 0.000108
5355 0.000108
5370 0.000108
5385 0.000108
5400 0.000108
5415 0.000108
5430 0.000108
5445 0.000108
5460 0.000108
5475 0.000108
5490 0.000108
5505 0.000108
5520 0.000108
5535 0.000108
5550 0.000108
5565 0.000108
5580 0.000108
5595 0.000108
5610 0.000108
5625 0.000108
5640 0.000108
5655 0.000108
5670 0.000108
5685 0.000108
5700 0.000108
5715 0.000108
5730 0.000108
5745 0.000108
5760 0.000108
5775 0.000108
5790 0.000108
5805 0.000108
5820 0.000112
5835 0.000112
5850 0.000112
5865 0.000112
5880 0.000112
5895 0.000114
5910 0.000114
5925 0.000114
5940 0.000116
5955 0.000116
5970 0.000116
5985 0.000116
6000 0.000116
6015 0.000116
6030 0.000116
6045 0.000116
6060 0.000116
6075 0.000116
6090 0.000116
6105 0.000118
6120 0.000118
6135 0.00012
6150 0.00012
6165 0.00012
6180 0.00012
6195 0.00012
6210 0.00012
6225 0.00012
6240 0.00012
6255 0.00012
6270 0.00012
6285 0.00012
6300 0.00012
6315 0.00012
6330 0.00012
6345 0.00012
6360 0.000122
6375 0.000122
6390 0.000122
6405 0.000122
6420 0.000122
6435 0.000122
6450 0.000122
6465 0.000122
6480 0.000122
6495 0.000122
6510 0.000122
6525 0.000122
6540 0.000122
6555 0.000122
6570 0.000122
6585 0.000122
6600 0.000122
6615 0.000122
6630 0.000122
6645 0.000122
6660 0.000122
6675 0.000122
6690 0.000122
6705 0.000122
6720 0.000124
6735 0.000124
6750 0.000124
6765 0.000124
6780 0.000124
6795 0.000124
6810 0.000124
6825 0.000124
6840 0.000124
6855 0.000124
6870 0.000126
6885 0.000126
6900 0.000126
6915 0.000126
6930 0.000126
6945 0.000126
6960 0.000126
6975 0.000126
6990 0.000126
7005 0.000126
7020 0.000126
7035 0.000126
7050 0.000128
7065 0.00013
7080 0.00013
7095 0.00013
7110 0.00013
7125 0.00013
7140 0.00013
7155 0.00013
7170 0.00013
7185 0.00013
7200 0.00013
7215 0.00013
7230 0.00013
7245 0.00013
7260 0.00013
7275 0.00013
7290 0.00013
7305 0.00013
7320 0.00013
7335 0.00013
7350 0.000132
7365 0.000132
7380 0.000132
7395 0.000132
7410 0.000132
7425 0.000134
7440 0.000134
7455 0.000134
7470 0.000134
7485 0.000134
7500 0.000134
7515 0.000134
7530 0.000134
7545 0.000134
7560 0.000136
7575 0.00014
7590 0.00014
7605 0.00014
7620 0.00014
7635 0.00014
7650 0.00014
7665 0.00014
7680 0.00014
7695 0.00014
7710 0.00014
7725 0.00014
7740 0.00014
7755 0.00014
7770 0.00014
7785 0.00014
7800 0.00014
7815 0.00014
7830 0.00014
7845 0.00014
7860 0.00014
7875 0.00014
7890 0.00014
7905 0.00014
7920 0.000142
7935 0.000142
7950 0.000142
7965 0.000142
7980 0.000142
7995 0.000142
8010 0.000142
8025 0.000142
8040 0.000142
8055 0.000142
8070 0.000142
8085 0.000142
8100 0.000142
8115 0.000142
8130 0.000144
8145 0.000144
8160 0.000146
8175 0.000146
8190 0.000146
8205 0.000146
8220 0.000146
8235 0.000146
8250 0.000148
8265 0.000148
8280 0.000148
8295 0.000148
8310 0.000148
8325 0.000148
8340 0.000148
8355 0.000148
8370 0.000148
8385 0.000148
8400 0.000148
8415 0.00015
8430 0.00015
8445 0.00015
8460 0.00015
8475 0.000152
8490 0.000152
8505 0.000152
8520 0.000152
8535 0.000152
8550 0.000152
8565 0.000152
8580 0.000152
8595 0.000152
8610 0.000152
8625 0.000154
8640 0.000154
8655 0.000156
8670 0.000156
8685 0.000156
8700 0.000156
8715 0.000156
8730 0.000156
8745 0.00016
8760 0.000164
8775 0.000164
8790 0.000164
8805 0.000168
8820 0.000168
8835 0.000168
8850 0.000168
8865 0.000168
8880 0.000168
8895 0.000168
8910 0.000168
8925 0.000168
8940 0.000168
8955 0.000168
8970 0.000168
8985 0.000168
9000 0.000168
9015 0.000168
9030 0.000168
9045 0.000168
9060 0.000168
9075 0.000168
9090 0.000168
9105 0.000168
9120 0.000168
9135 0.000168
9150 0.000168
9165 0.00017
9180 0.00017
9195 0.00017
9210 0.00017
9225 0.00017
9240 0.00017
9255 0.00017
9270 0.00017
9285 0.00017
9300 0.00017
9315 0.00017
9330 0.00017
9345 0.00017
9360 0.00017
9375 0.00017
9390 0.000174
9405 0.000174
9420 0.000174
9435 0.000176
9450 0.000178
9465 0.000178
9480 0.000178
9495 0.000178
9510 0.000178
9525 0.000178
9540 0.000178
9555 0.00018
9570 0.000188
9585 0.000188
9600 0.000188
9615 0.000188
9630 0.000188
9645 0.000188
9660 0.000188
9675 0.000188
9690 0.000188
9705 0.000188
9720 0.000188
9735 0.000188
9750 0.000188
9765 0.000188
9780 0.000188
9795 0.000188
9810 0.00019
9825 0.00019
9840 0.00019
9855 0.00019
9870 0.00019
9885 0.00019
9900 0.00019
9915 0.00019
9930 0.00019
9945 0.00019
9960 0.00019
9975 0.00019
9990 0.00019
10005 0.00019
10020 0.00019
10035 0.00019
10050 0.00019
10065 0.00019
10080 0.00019
10095 0.000192
10110 0.000192
10125 0.000192
10140 0.000192
10155 0.000192
10170 0.000192
10185 0.000194
10200 0.000194
10215 0.000194
10230 0.000196
10245 0.000196
10260 0.000196
10275 0.000198
10290 0.000198
10305 0.000198
10320 0.000198
10335 0.000198
10350 0.000198
10365 0.000198
10380 0.000198
10395 0.000198
10410 0.000198
10425 0.000198
10440 0.000198
10455 0.000198
10470 0.000198
10485 0.000198
10500 0.000198
10515 0.000198
10530 0.000198
10545 0.000198
10560 0.0002
10575 0.0002
10590 0.0002
10605 0.0002
10620 0.0002
10635 0.0002
10650 0.0002
10665 0.0002
10680 0.0002
10695 0.0002
10710 0.000202
10725 0.000202
10740 0.000202
10755 0.000202
10770 0.000202
10785 0.000202
10800 0.000202
10815 0.000202
10830 0.000202
10845 0.000206
10860 0.000206
10875 0.000206
10890 0.000206
10905 0.000206
10920 0.000206
10935 0.000206
10950 0.000206
10965 0.000206
10980 0.000206
10995 0.000206
11010 0.000206
11025 0.000208
11040 0.000212
11055 0.000212
11070 0.000212
11085 0.000212
11100 0.000218
11115 0.000218
11130 0.000218
11145 0.000218
11160 0.000218
11175 0.000218
11190 0.000218
11205 0.000218
11220 0.000218
11235 0.000218
11250 0.000218
11265 0.000218
11280 0.000218
11295 0.000218
11310 0.000218
11325 0.000218
11340 0.000218
11355 0.00022
11370 0.00022
11385 0.000222
11400 0.000222
11415 0.000222
11430 0.000222
11445 0.000222
11460 0.000222
11475 0.000222
11490 0.000222
11505 0.000222
11520 0.000222
11535 0.000222
11550 0.000222
11565 0.000222
11580 0.000222
11595 0.000222
11610 0.000222
11625 0.000222
11640 0.000222
11655 0.000222
11670 0.000222
11685 0.000222
11700 0.000226
11715 0.000226
11730 0.000228
11745 0.000228
11760 0.000228
11775 0.000228
11790 0.000228
11805 0.000228
11820 0.000228
11835 0.000228
11850 0.000228
11865 0.000228
11880 0.000228
11895 0.000228
11910 0.000228
11925 0.000232
11940 0.000232
11955 0.000232
11970 0.000232
11985 0.000232
12000 0.000232
12015 0.000232
12030 0.000232
12045 0.000232
12060 0.000232
12075 0.000232
12090 0.000236
12105 0.000236
12120 0.000236
12135 0.000236
12150 0.000236
12165 0.000236
12180 0.000236
12195 0.000236
12210 0.000236
12225 0.000236
12240 0.000236
12255 0.000236
12270 0.000236
12285 0.000236
12300 0.000236
12315 0.000236
12330 0.000236
12345 0.000236
12360 0.00024
12375 0.00024
12390 0.000242
12405 0.000242
12420 0.000242
12435 0.000242
12450 0.000242
12465 0.000244
12480 0.000244
12495 0.000244
12510 0.000248
12525 0.000248
12540 0.000248
12555 0.00025
12570 0.00025
12585 0.00025
12600 0.00025
12615 0.00025
12630 0.00025
12645 0.000254
12660 0.000256
12675 0.000256
12690 0.000256
12705 0.000256
12720 0.000256
12735 0.000256
12750 0.000256
12765 0.000256
12780 0.000256
12795 0.000256
12810 0.000256
12825 0.000256
12840 0.000258
12855 0.000258
12870 0.000258
12885 0.000258
12900 0.000258
12915 0.000262
12930 0.000262
12945 0.000262
12960 0.000262
12975 0.000262
12990 0.000262
13005 0.000262
13020 0.000262
13035 0.000262
13050 0.000268
13065 0.000268
13080 0.000268
13095 0.000268
13110 0.000268
13125 0.000268
13140 0.000268
13155 0.000268
13170 0.000268
13185 0.000268
13200 0.000268
13215 0.000268
13230 0.000268
13245 0.000268
13260 0.000268
13275 0.000268
13290 0.000268
13305 0.000268
13320 0.000268
13335 0.000268
13350 0.000268
13365 0.000268
13380 0.00027
13395 0.00027
13410 0.00027
13425 0.00027
13440 0.00027
13455 0.00027
13470 0.00027
13485 0.00027
13500 0.00027
13515 0.00027
13530 0.00027
13545 0.00027
13560 0.00027
13575 0.00027
13590 0.00027
13605 0.00027
13620 0.00027
13635 0.00027
13650 0.00027
13665 0.00027
13680 0.000276
13695 0.000276
13710 0.000276
13725 0.000276
13740 0.000276
13755 0.00028
13770 0.00028
13785 0.00028
13800 0.00028
13815 0.00028
13830 0.00028
13845 0.00028
13860 0.00028
13875 0.00028
13890 0.00028
13905 0.00028
13920 0.00028
13935 0.00028
13950 0.00028
13965 0.00028
13980 0.00028
13995 0.00028
14010 0.00028
14025 0.00028
14040 0.00028
14055 0.000284
14070 0.000288
14085 0.000288
14100 0.000288
14115 0.000288
14130 0.000288
14145 0.000288
14160 0.000288
14175 0.000288
14190 0.000288
14205 0.000288
14220 0.000288
14235 0.000288
14250 0.000288
14265 0.000288
14280 0.000288
14295 0.000288
14310 0.00029
14325 0.000292
14340 0.000294
14355 0.000294
14370 0.000294
14385 0.000294
14400 0.000294
14415 0.000294
14430 0.000294
14445 0.000294
14460 0.000294
14475 0.000294
14490 0.000294
14505 0.000294
14520 0.000294
14535 0.000294
14550 0.000294
14565 0.000294
14580 0.000296
14595 0.000296
14610 0.000296
14625 0.000298
14640 0.000298
14655 0.000298
14670 0.000298
14685 0.000298
14700 0.000298
14715 0.000304
14730 0.000304
14745 0.000304
14760 0.000304
14775 0.000304
14790 0.000304
14805 0.000304
14820 0.000304
14835 0.000304
14850 0.000304
14865 0.000304
14880 0.000304
14895 0.000304
14910 0.000304
14925 0.000308
14940 0.000308
14955 0.000308
14970 0.000308
14985 0.000308
15000 0.000308
15015 0.000312
15030 0.000312
15045 0.000312
15060 0.000312
15075 0.000312
15090 0.000318
15105 0.000318
15120 0.000318
15135 0.00032
15150 0.00032
15165 0.00032
15180 0.00032
15195 0.00032
15210 0.00032
15225 0.00032
15240 0.000324
15255 0.000324
15270 0.000324
15285 0.000324
15300 0.000324
15315 0.000324
15330 0.000326
15345 0.000326
15360 0.000326
15375 0.000328
15390 0.000328
15405 0.00033
15420 0.000332
15435 0.000332
15450 0.000332
15465 0.000332
15480 0.00034
15495 0.00034
15510 0.00034
15525 0.00034
15540 0.00034
15555 0.00034
15570 0.00034
15585 0.00034
15600 0.00034
15615 0.00034
15630 0.00034
15645 0.00034
15660 0.00034
15675 0.00034
15690 0.00034
15705 0.00034
15720 0.00034
15735 0.000348
15750 0.000348
15765 0.000348
15780 0.000348
15795 0.000348
15810 0.000348
15825 0.000352
15840 0.000352
15855 0.000352
15870 0.000352
15885 0.000352
15900 0.000352
15915 0.000352
15930 0.000352
15945 0.000352
15960 0.000354
15975 0.000354
15990 0.000354
16005 0.000356
16020 0.000358
16035 0.00036
16050 0.000362
16065 0.00037
16080 0.000374
16095 0.000376
16110 0.000376
16125 0.000376
16140 0.000376
16155 0.000376
16170 0.000376
16185 0.000376
16200 0.000376
16215 0.000376
16230 0.000376
16245 0.000376
16260 0.000376
16275 0.000376
16290 0.000376
16305 0.000376
16320 0.000376
16335 0.000376
16350 0.00038
16365 0.000382
16380 0.000382
16395 0.000382
16410 0.000386
16425 0.000388
16440 0.000388
16455 0.000388
16470 0.000388
16485 0.000388
16500 0.000388
16515 0.000388
16530 0.000388
16545 0.000388
16560 0.000388
16575 0.000388
16590 0.000388
16605 0.000388
16620 0.000388
16635 0.000388
16650 0.000388
16665 0.000388
16680 0.000388
16695 0.000388
16710 0.000388
16725 0.000388
16740 0.000388
16755 0.000388
16770 0.000388
16785 0.000388
16800 0.000388
16815 0.000388
16830 0.000388
16845 0.000394
16860 0.0004
16875 0.0004
16890 0.0004
16905 0.0004
16920 0.0004
16935 0.000406
16950 0.000406
16965 0.000406
16980 0.000416
16995 0.000416
17010 0.00042
17025 0.00042
17040 0.00042
17055 0.00042
17070 0.00042
17085 0.00042
17100 0.00042
17115 0.00042
17130 0.00042
17145 0.000426
17160 0.000426
17175 0.000426
17190 0.000426
17205 0.000426
17220 0.000426
17235 0.000426
17250 0.000426
17265 0.00043
17280 0.000432
17295 0.000432
17310 0.000432
17325 0.000436
17340 0.000442
17355 0.000452
17370 0.000452
17385 0.000452
17400 0.000452
17415 0.000452
17430 0.000452
17445 0.000454
17460 0.000454
17475 0.000466
17490 0.000466
17505 0.000476
17520 0.000476
17535 0.000476
17550 0.000476
17565 0.000478
17580 0.000478
17595 0.000482
17610 0.000482
17625 0.000484
17640 0.000484
17655 0.000484
17670 0.000498
17685 0.000502
17700 0.000502
17715 0.000502
17730 0.000502
17745 0.000502
17760 0.000502
17775 0.000502
17790 0.000502
17805 0.000502
17820 0.000502
17835 0.000502
17850 0.000502
17865 0.000502
17880 0.000502
17895 0.000502
17910 0.000502
17925 0.000502
17940 0.000502
17955 0.000522
17970 0.000522
17985 0.000524
18000 0.000526
18015 0.000526
18030 0.000526
18045 0.000526
18060 0.000526
18075 0.000526
18090 0.000526
18105 0.000526
18120 0.000526
18135 0.000526
18150 0.00054
18165 0.00054
18180 0.00054
18195 0.00055
18210 0.00055
18225 0.00055
18240 0.00055
18255 0.00055
18270 0.00055
18285 0.00055
18300 0.00055
18315 0.00055
18330 0.000558
18345 0.00057
18360 0.00057
18375 0.00057
18390 0.00057
18405 0.000574
18420 0.000574
18435 0.000578
18450 0.000578
18465 0.000586
18480 0.000586
18495 0.000586
18510 0.000586
18525 0.000586
18540 0.000594
18555 0.000594
18570 0.000594
18585 0.000594
18600 0.000594
18615 0.000596
18630 0.000596
18645 0.000596
18660 0.000598
18675 0.0006
18690 0.000602
18705 0.000602
18720 0.000602
18735 0.000602
18750 0.000602
18765 0.000606
18780 0.000606
18795 0.000606
18810 0.000606
18825 0.000606
18840 0.000606
18855 0.000606
18870 0.000606
18885 0.000608
18900 0.000608
18915 0.000608
18930 0.000608
18945 0.000608
18960 0.000608
18975 0.000608
18990 0.000608
19005 0.000608
19020 0.000608
19035 0.000608
19050 0.000608
19065 0.000626
19080 0.000628
19095 0.000668
19110 0.000668
19125 0.000672
19140 0.000672
19155 0.000672
19170 0.000672
19185 0.000672
19200 0.000688
19215 0.00069
19230 0.000694
19245 0.000694
19260 0.000694
19275 0.000694
19290 0.000694
19305 0.000694
19320 0.000694
19335 0.000694
19350 0.000694
19365 0.0007
19380 0.000702
19395 0.000712
19410 0.000712
19425 0.000722
19440 0.000746
19455 0.000746
19470 0.00075
19485 0.000762
19500 0.000762
19515 0.000762
19530 0.000762
19545 0.000762
19560 0.000762
19575 0.000762
19590 0.000762
19605 0.000762
19620 0.000764
19635 0.000768
19650 0.000768
19665 0.000768
19680 0.000768
19695 0.000768
19710 0.000768
19725 0.000768
19740 0.000768
19755 0.000768
19770 0.000768
19785 0.00077
19800 0.00077
19815 0.00077
19830 0.00077
19845 0.000772
19860 0.00082
19875 0.000822
19890 0.000822
19905 0.000822
19920 0.000822
19935 0.000822
19950 0.000822
19965 0.000822
19980 0.000836
19995 0.000836
20010 0.000838
20025 0.000838
20040 0.00084
20055 0.00084
20070 0.00084
20085 0.00084
20100 0.00084
20115 0.00084
20130 0.00084
20145 0.000844
20160 0.000844
20175 0.000848
20190 0.000848
20205 0.000848
20220 0.000856
20235 0.000856
20250 0.000856
20265 0.000856
20280 0.000856
20295 0.000856
20310 0.000864
20325 0.000864
20340 0.00087
20355 0.000872
20370 0.000872
20385 0.000872
20400 0.000876
20415 0.000876
20430 0.000876
20445 0.000876
20460 0.000876
20475 0.000876
20490 0.000886
20505 0.000886
20520 0.000886
20535 0.000886
20550 0.00089
20565 0.000892
20580 0.000892
20595 0.000892
20610 0.000892
20625 0.000902
20640 0.000902
20655 0.000908
20670 0.000908
20685 0.000922
20700 0.000922
20715 0.000922
20730 0.000922
20745 0.000922
20760 0.000922
20775 0.000926
20790 0.000926
20805 0.000926
20820 0.000926
20835 0.000938
20850 0.000938
20865 0.00094
20880 0.00094
20895 0.000944
20910 0.000944
20925 0.000944
20940 0.000944
20955 0.000944
20970 0.000944
20985 0.000944
21000 0.000946
21015 0.000946
21030 0.000946
21045 0.000946
21060 0.000946
21075 0.000946
21090 0.000946
21105 0.000954
21120 0.000954
21135 0.000954
21150 0.000958
21165 0.000958
21180 0.000958
21195 0.000958
21210 0.000958
21225 0.000986
21240 0.000986
21255 0.000986
21270 0.000986
21285 0.000994
21300 0.000998
21315 0.000998
21330 0.000998
21345 0.000998
21360 0.000998
21375 0.000998
21390 0.000998
21405 0.000998
21420 0.001
21435 0.001
21450 0.001
21465 0.001
21480 0.001
21495 0.001
21510 0.001
21525 0.001
21540 0.001054
21555 0.001054
21570 0.00106
21585 0.001106
21600 0.001106
21615 0.001106
21630 0.001116
21645 0.001126
21660 0.001126
21675 0.00113
21690 0.001132
21705 0.001138
21720 0.001138
21735 0.001138
21750 0.001138
21765 0.001138
21780 0.001138
21795 0.001138
21810 0.001142
21825 0.001142
21840 0.00115
21855 0.00115
21870 0.00115
21885 0.00115
21900 0.001156
21915 0.001156
21930 0.001156
21945 0.001156
21960 0.001156
21975 0.001162
21990 0.001162
22005 0.001162
22020 0.001162
22035 0.001172
22050 0.001172
22065 0.00118
22080 0.00118
22095 0.00118
22110 0.00118
22125 0.001184
22140 0.001184
22155 0.00119
22170 0.00119
22185 0.00119
22200 0.00119
22215 0.00119
22230 0.00119
22245 0.00119
22260 0.00119
22275 0.00119
22290 0.00119
22305 0.001192
22320 0.001214
22335 0.00123
22350 0.00124
22365 0.00124
22380 0.00124
22395 0.00124
22410 0.00124
22425 0.001244
22440 0.001244
22455 0.001244
22470 0.001244
22485 0.001246
22500 0.001246
22515 0.001246
22530 0.001336
22545 0.001338
22560 0.001342
22575 0.001342
22590 0.00136
22605 0.001366
22620 0.001366
22635 0.001366
22650 0.001368
22665 0.001368
22680 0.001386
22695 0.001386
22710 0.001434
22725 0.001438
22740 0.001438
22755 0.00144
22770 0.001444
22785 0.001444
22800 0.001444
22815 0.001468
22830 0.001468
22845 0.001468
22860 0.001468
22875 0.001474
22890 0.001474
22905 0.001474
22920 0.001506
22935 0.001508
22950 0.001508
22965 0.001512
22980 0.001512
22995 0.001512
23010 0.001512
23025 0.001512
23040 0.001512
23055 0.001512
23070 0.001528
23085 0.001528
23100 0.001528
23115 0.001528
23130 0.001528
23145 0.001534
23160 0.001534
23175 0.001542
23190 0.001542
23205 0.001542
23220 0.001546
23235 0.001554
23250 0.001616
23265 0.001618
23280 0.001632
23295 0.001632
23310 0.001688
23325 0.001688
23340 0.001696
23355 0.001696
23370 0.001714
23385 0.001714
23400 0.001714
23415 0.001716
23430 0.001716
23445 0.001716
23460 0.001716
23475 0.001724
23490 0.001724
23505 0.001724
23520 0.001728
23535 0.001728
23550 0.001732
23565 0.001732
23580 0.001732
23595 0.001732
23610 0.001736
23625 0.001736
23640 0.001736
23655 0.001748
23670 0.00175
23685 0.00175
23700 0.001754
23715 0.00177
23730 0.001776
23745 0.001776
23760 0.001824
23775 0.001864
23790 0.001864
23805 0.001864
23820 0.00189
23835 0.001902
23850 0.001902
23865 0.001902
23880 0.001902
23895 0.001918
23910 0.001918
23925 0.001918
23940 0.001918
23955 0.001928
23970 0.001946
23985 0.001946
24000 0.00195
24015 0.001954
24030 0.001954
24045 0.001954
24060 0.001956
24075 0.001964
24090 0.001964
24105 0.001964
24120 0.001968
24135 0.001968
24150 0.001972
24165 0.001974
24180 0.001978
24195 0.001978
24210 0.001978
24225 0.00199
24240 0.001992
24255 0.001992
24270 0.001996
24285 0.001998
24300 0.001998
24315 0.001998
24330 0.001998
24345 0.001998
24360 0.001998
24375 0.002004
24390 0.002008
24405 0.002046
24420 0.002046
24435 0.002046
24450 0.002046
24465 0.002074
24480 0.002074
24495 0.00208
24510 0.00208
24525 0.00208
24540 0.00208
24555 0.00208
24570 0.00208
24585 0.00208
24600 0.00208
24615 0.002084
24630 0.002104
24645 0.002108
24660 0.002112
24675 0.00212
24690 0.00212
24705 0.002136
24720 0.002138
24735 0.002142
24750 0.002142
24765 0.002142
24780 0.002146
24795 0.002156
24810 0.0022
24825 0.0022
24840 0.002204
24855 0.002204
24870 0.002238
24885 0.002254
24900 0.002272
24915 0.002272
24930 0.002272
24945 0.002274
24960 0.002276
24975 0.00228
24990 0.002302
25005 0.002328
25020 0.002366
25035 0.002368
25050 0.002368
25065 0.002368
25080 0.002372
25095 0.002372
25110 0.002372
25125 0.002388
25140 0.002392
25155 0.002392
25170 0.002392
25185 0.002394
25200 0.002394
25215 0.002398
25230 0.002398
25245 0.0024
25260 0.0024
25275 0.00247
25290 0.00247
25305 0.00247
25320 0.00247
25335 0.002484
25350 0.002522
25365 0.002526
25380 0.002542
25395 0.002544
25410 0.002546
25425 0.002548
25440 0.00258
25455 0.00259
25470 0.00259
25485 0.00259
25500 0.00259
25515 0.002758
25530 0.002758
25545 0.00277
25560 0.002792
25575 0.002792
25590 0.002794
25605 0.002794
25620 0.002794
25635 0.002966
25650 0.002966
25665 0.00297
25680 0.00297
25695 0.00297
25710 0.00297
25725 0.002976
25740 0.002992
25755 0.002998
25770 0.003
25785 0.003
25800 0.00316
25815 0.003192
25830 0.003278
25845 0.003278
25860 0.003286
25875 0.003296
25890 0.0033
25905 0.00332
25920 0.00332
25935 0.003322
25950 0.003374
25965 0.003376
25980 0.003546
25995 0.003548
26010 0.003548
26025 0.003548
26040 0.003548
26055 0.003614
26070 0.003614
26085 0.00363
26100 0.00364
26115 0.003912
26130 0.003914
26145 0.003914
26160 0.003914
26175 0.003918
26190 0.003936
26205 0.003944
26220 0.003944
26235 0.003944
26250 0.004098
26265 0.00414
26280 0.004222
26295 0.004272
26310 0.004306
26325 0.004306
26340 0.004344
26355 0.004388
26370 0.0044
26385 0.004416
26400 0.004418
26415 0.004418
26430 0.004482
26445 0.004502
26460 0.004504
26475 0.004516
26490 0.004518
26505 0.004546
26520 0.004588
26535 0.005052
26550 0.005052
26565 0.00507
26580 0.00507
26595 0.005084
26610 0.005086
26625 0.005086
26640 0.005088
26655 0.005092
26670 0.005138
26685 0.005172
26700 0.005216
26715 0.00522
26730 0.005288
26745 0.005288
26760 0.005292
26775 0.005298
26790 0.005298
26805 0.005298
26820 0.005314
26835 0.005314
26850 0.005318
26865 0.005392
26880 0.005394
26895 0.005408
26910 0.005422
26925 0.005426
26940 0.005426
26955 0.005546
26970 0.005562
26985 0.005564
27000 0.005582
27015 0.005582
27030 0.00562
27045 0.005686
27060 0.005688
27075 0.00569
27090 0.005756
27105 0.005756
27120 0.00576
27135 0.005782
27150 0.005846
27165 0.005846
27180 0.005858
27195 0.005866
27210 0.005868
27225 0.005872
27240 0.00588
27255 0.005882
27270 0.005882
27285 0.005884
27300 0.005898
27315 0.005898
27330 0.005906
27345 0.005916
27360 0.005918
27375 0.005968
27390 0.00603
27405 0.006584
27420 0.00659
27435 0.00659
27450 0.007382
27465 0.007404
27480 0.00742
27495 0.007422
27510 0.008576
27525 0.008582
27540 0.008584
27555 0.008588
27570 0.008592
27585 0.008592
27600 0.00861
27615 0.008642
27630 0.008726
27645 0.009096
27660 0.009316
27675 0.009374
27690 0.009444
27705 0.009448
27720 0.00946
27735 0.009474
27750 0.00949
27765 0.009524
27780 0.009524
27795 0.009538
27810 0.009628
27825 0.009692
27840 0.009972
27855 0.010034
27870 0.01017
27885 0.010534
27900 0.010738
27915 0.011042
27930 0.011044
27945 0.011064
27960 0.011208
27975 0.011224
27990 0.0113
28005 0.011344
28020 0.011348
28035 0.011348
28050 0.01136
28065 0.011372
28080 0.011562
28095 0.011908
28110 0.011922
28125 0.011936
28140 0.01194
28155 0.012244
28170 0.012254
28185 0.012302
28200 0.012502
28215 0.01251
28230 0.0126
28245 0.01267
28260 0.012684
28275 0.012726
28290 0.013104
28305 0.013166
28320 0.013282
28335 0.013354
28350 0.013406
28365 0.013434
28380 0.0147
28395 0.014824
28410 0.016414
28425 0.016432
28440 0.016458
28455 0.016506
28470 0.016526
28485 0.016542
28500 0.017094
28515 0.017144
28530 0.017986
28545 0.018026
28560 0.018188
28575 0.01839
28590 0.01843
28605 0.01908
28620 0.019194
28635 0.0192
28650 0.01951
28665 0.019538
28680 0.019566
28695 0.02008
28710 0.020288
28725 0.020442
28740 0.021116
28755 0.021138
28770 0.022046
28785 0.022218
28800 0.022306
28815 0.022368
28830 0.022892
28845 0.022908
28860 0.023056
28875 0.023118
28890 0.023192
28905 0.02327
28920 0.023482
28935 0.023986
28950 0.024038
28965 0.024158
28980 0.02502
28995 0.025748
29010 0.026734
29025 0.0269
29040 0.027542
29055 0.027998
29070 0.029482
29085 0.03037
29100 0.030636
29115 0.030942
29130 0.030984
29145 0.031478
29160 0.033424
29175 0.033544
29190 0.033624
29205 0.033768
29220 0.034072
29235 0.034154
29250 0.034934
29265 0.035126
29280 0.03526
29295 0.035474
29310 0.036114
29325 0.036146
29340 0.036318
29355 0.036472
29370 0.037894
29385 0.038366
29400 0.038456
29415 0.038684
29430 0.039454
29445 0.039608
29460 0.040216
29475 0.04059
29490 0.041402
29505 0.041516
29520 0.042246
29535 0.042468
29550 0.042612
29565 0.042668
29580 0.042944
29595 0.043368
29610 0.043488
29625 0.043828
29640 0.04431
29655 0.044378
29670 0.04489
29685 0.045414
29700 0.045458
29715 0.045938
29730 0.046528
29745 0.047118
29760 0.047266
29775 0.047422
29790 0.047698
29805 0.050436
29820 0.05062
29835 0.051058
29850 0.051894
29865 0.052042
29880 0.053786
29895 0.054294
29910 0.054872
29925 0.05503
29940 0.05519
29955 0.056356
29970 0.056548
29985 0.057
30000 0.057588
30015 0.058576
30030 0.059412
30045 0.063992
30060 0.064184
30075 0.064346
30090 0.064986
30105 0.065296
30120 0.06798
30135 0.068644
30150 0.068866
30165 0.069252
30180 0.069536
30195 0.072238
30210 0.07346
30225 0.074288
30240 0.074586
30255 0.075598
30270 0.076864
30285 0.07937
30300 0.081924
30315 0.08229
30330 0.08375
30345 0.085148
30360 0.08529
30375 0.086464
30390 0.088338
30405 0.089692
30420 0.090248
30435 0.095676
30450 0.096714
30465 0.097204
30480 0.097534
30495 0.098052
30510 0.099454
30525 0.10072
30540 0.101372
30555 0.103212
30570 0.105542
30585 0.109068
30600 0.109558
30615 0.110154
30630 0.111888
30645 0.112794
30660 0.11392
30675 0.115188
30690 0.12074
30705 0.121392
30720 0.122114
30735 0.123932
30750 0.125018
30765 0.126008
30780 0.126506
30795 0.129896
30810 0.130662
30825 0.13282
30840 0.13352
30855 0.136638
30870 0.137894
30885 0.138668
30900 0.13893
30915 0.140306
30930 0.140864
30945 0.142868
30960 0.143412
30975 0.14409
30990 0.14457
31005 0.14493
31020 0.147018
31035 0.147908
31050 0.148798
31065 0.149786
31080 0.151016
31095 0.151508
31110 0.152114
31125 0.153614
31140 0.154716
31155 0.155024
31170 0.155852
31185 0.156746
31200 0.157116
31215 0.157762
31230 0.159738
31245 0.160846
31260 0.162586
31275 0.162984
31290 0.16391
31305 0.164534
31320 0.165992
31335 0.166906
31350 0.167486
31365 0.16858
31380 0.169296
31395 0.17049
31410 0.171994
31425 0.173184
31440 0.173712
31455 0.176368
31470 0.177666
31485 0.179244
31500 0.179934
31515 0.18143
31530 0.182486
31545 0.184038
31560 0.186868
31575 0.188996
31590 0.18962
31605 0.190118
31620 0.190754
31635 0.191464
31650 0.192612
31665 0.19337
31680 0.194664
31695 0.19602
31710 0.196388
31725 0.198064
31740 0.198426
31755 0.199994
31770 0.200488
31785 0.201072
31800 0.201472
31815 0.203298
31830 0.204422
31845 0.204926
31860 0.205806
31875 0.206968
31890 0.208418
31905 0.20933
31920 0.210784
31935 0.21187
31950 0.212788
31965 0.213464
31980 0.214112
31995 0.215098
32010 0.215928
32025 0.216918
32040 0.219526
32055 0.220938
32070 0.222062
32085 0.22323
32100 0.22441
32115 0.225188
32130 0.226054
32145 0.226648
32160 0.2271
32175 0.229498
32190 0.230698
32205 0.231468
32220 0.233012
32235 0.233708
32250 0.234964
32265 0.235582
32280 0.236664
32295 0.23761
32310 0.238414
32325 0.239378
32340 0.239808
32355 0.240794
32370 0.241688
32385 0.242554
32400 0.243424
32415 0.244046
32430 0.244724
32445 0.245936
32460 0.247008
32475 0.248124
32490 0.24895
32505 0.250052
32520 0.251084
32535 0.252602
32550 0.253522
32565 0.254338
32580 0.255796
32595 0.257042
32610 0.257912
32625 0.258586
32640 0.259622
32655 0.260396
32670 0.26174
32685 0.262564
32700 0.264262
32715 0.265436
32730 0.266528
32745 0.267228
32760 0.268224
32775 0.26964
32790 0.270248
32805 0.271724
32820 0.272964
32835 0.273642
32850 0.275462
32865 0.276536
32880 0.278656
32895 0.279962
32910 0.281012
32925 0.281882
32940 0.283346
32955 0.284204
32970 0.285086
32985 0.286124
33000 0.286766
33015 0.28795
33030 0.288888
33045 0.289614
33060 0.290758
33075 0.291396
33090 0.29227
33105 0.29328
33120 0.293846
33135 0.295178
33150 0.29583
33165 0.296422
33180 0.296822
33195 0.297668
33210 0.298328
33225 0.299546
33240 0.301006
33255 0.301844
33270 0.302502
33285 0.303498
33300 0.304168
33315 0.304744
33330 0.306148
33345 0.30734
33360 0.308344
33375 0.309034
33390 0.30984
33405 0.310648
33420 0.312282
33435 0.31287
33450 0.314074
33465 0.31522
33480 0.31575
33495 0.31668
33510 0.317646
33525 0.318672
33540 0.319572
33555 0.320686
33570 0.321592
33585 0.322252
33600 0.323436
33615 0.324876
33630 0.32545
33645 0.326256
33660 0.326808
33675 0.32754
33690 0.328734
33705 0.329336
33720 0.329932
33735 0.330556
33750 0.331378
33765 0.33201
33780 0.332664
33795 0.33336
33810 0.334634
33825 0.336232
33840 0.337364
33855 0.338246
33870 0.339198
33885 0.340246
33900 0.340932
33915 0.341782
33930 0.342688
33945 0.343346
33960 0.344462
33975 0.345352
33990 0.34615
34005 0.34737
34020 0.348512
34035 0.349308
34050 0.350444
34065 0.351182
34080 0.351866
34095 0.352478
34110 0.353192
34125 0.353902
34140 0.354538
34155 0.355354
34170 0.356046
34185 0.357058
34200 0.357884
34215 0.35866
34230 0.359336
34245 0.360152
34260 0.36134
34275 0.362106
34290 0.362822
34305 0.363532
34320 0.364352
34335 0.364878
34350 0.36544
34365 0.366448
34380 0.366996
34395 0.367418
34410 0.367944
34425 0.368708
34440 0.369618
34455 0.370322
34470 0.370846
34485 0.371574
34500 0.372284
34515 0.373222
34530 0.37378
34545 0.374564
34560 0.3755
34575 0.376414
34590 0.377212
34605 0.378228
34620 0.379102
34635 0.38009
34650 0.381196
34665 0.381708
34680 0.382474
34695 0.383484
34710 0.384806
34725 0.38539
34740 0.3863
34755 0.386908
34770 0.387604
34785 0.388452
34800 0.38967
34815 0.390536
34830 0.391346
34845 0.392166
34860 0.393048
34875 0.393716
34890 0.394522
34905 0.395234
34920 0.39639
34935 0.397314
34950 0.39822
34965 0.399196
34980 0.399938
34995 0.4009
35010 0.401366
35025 0.40232
35040 0.402984
35055 0.403826
35070 0.40446
35085 0.405392
35100 0.406248
35115 0.407008
35130 0.407822
35145 0.40892
35160 0.409822
35175 0.410552
35190 0.411546
35205 0.41254
35220 0.413018
35235 0.413678
35250 0.414308
35265 0.415128
35280 0.41567
35295 0.41661
35310 0.417308
35325 0.41786
35340 0.418284
35355 0.419018
35370 0.41982
35385 0.42068
35400 0.421382
35415 0.422142
35430 0.422664
35445 0.42339
35460 0.424034
35475 0.42447
35490 0.425088
35505 0.425932
35520 0.426736
35535 0.427456
35550 0.428102
35565 0.42894
35580 0.429664
35595 0.43039
35610 0.431136
35625 0.43173
35640 0.43223
35655 0.43267
35670 0.433416
35685 0.434322
35700 0.434734
35715 0.435376
35730 0.436008
35745 0.436864
35760 0.437556
35775 0.438184
35790 0.43871
35805 0.439592
35820 0.440252
35835 0.441288
35850 0.44203
35865 0.442728
35880 0.443618
35895 0.444326
35910 0.445096
35925 0.445622
35940 0.446326
35955 0.44706
35970 0.447768
35985 0.448348
36000 0.448906
36015 0.449744
36030 0.450562
36045 0.451222
36060 0.451814
36075 0.452614
36090 0.453332
36105 0.454364
36120 0.4552
36135 0.456244
36150 0.456766
36165 0.4576
36180 0.458418
36195 0.459052
36210 0.459928
36225 0.460714
36240 0.461276
36255 0.462184
36270 0.462894
36285 0.46366
36300 0.464278
36315 0.464992
36330 0.466116
36345 0.466782
36360 0.46756
36375 0.468176
36390 0.468966
36405 0.469984
36420 0.470608
36435 0.471408
36450 0.471906
36465 0.47267
36480 0.473338
36495 0.473872
36510 0.474528
36525 0.475098
36540 0.4755
36555 0.47609
36570 0.476754
36585 0.477298
36600 0.477732
36615 0.478184
36630 0.47887
36645 0.479466
36660 0.48011
36675 0.48063
36690 0.481192
36705 0.481896
36720 0.482326
36735 0.482796
36750 0.48335
36765 0.48382
36780 0.484406
36795 0.48508
36810 0.485626
36825 0.486232
36840 0.48684
36855 0.487566
36870 0.488234
36885 0.488812
36900 0.489548
36915 0.490108
36930 0.490886
36945 0.491528
36960 0.492104
36975 0.492756
36990 0.493408
37005 0.494044
37020 0.494594
37035 0.495026
37050 0.495586
37065 0.496174
37080 0.496884
37095 0.497452
37110 0.498206
37125 0.498638
37140 0.499212
37155 0.499818
37170 0.50031
37185 0.500808
37200 0.501456
37215 0.502138
37230 0.502924
37245 0.503442
37260 0.503958
37275 0.504524
37290 0.504994
37305 0.505966
37320 0.506494
37335 0.5074
37350 0.508046
37365 0.508892
37380 0.509366
37395 0.5099
37410 0.51048
37425 0.511054
37440 0.511498
37455 0.511842
37470 0.51247
37485 0.513228
37500 0.513844
37515 0.514384
37530 0.514896
37545 0.515532
37560 0.516154
37575 0.51663
37590 0.517254
37605 0.51785
37620 0.518326
37635 0.51897
37650 0.519334
37665 0.519846
37680 0.520486
37695 0.521104
37710 0.521654
37725 0.522256
37740 0.523046
37755 0.523538
37770 0.524114
37785 0.524624
37800 0.525106
37815 0.525572
37830 0.526262
37845 0.526912
37860 0.527492
37875 0.528046
37890 0.528556
37905 0.529068
37920 0.529848
37935 0.530496
37950 0.531252
37965 0.531976
37980 0.532522
37995 0.533038
38010 0.533646
38025 0.534278
38040 0.534906
38055 0.535562
38070 0.536052
38085 0.536612
38100 0.537112
38115 0.537658
38130 0.538106
38145 0.538814
38160 0.539478
38175 0.540216
38190 0.54067
38205 0.541212
38220 0.541808
38235 0.542344
38250 0.54283
38265 0.543398
38280 0.543966
38295 0.544662
38310 0.54519
38325 0.545704
38340 0.546184
38355 0.546636
38370 0.547198
38385 0.547682
38400 0.548136
38415 0.54856
38430 0.549178
38445 0.549628
38460 0.550218
38475 0.550696
38490 0.551224
38505 0.55181
38520 0.552434
38535 0.552958
38550 0.553412
38565 0.55392
38580 0.554408
38595 0.554778
38610 0.555452
38625 0.555874
38640 0.556392
38655 0.5569
38670 0.55745
38685 0.557858
38700 0.558462
38715 0.558902
38730 0.559444
38745 0.56025
38760 0.560744
38775 0.561188
38790 0.56157
38805 0.562312
38820 0.562878
38835 0.563304
38850 0.56375
38865 0.564212
38880 0.564774
38895 0.565332
38910 0.565766
38925 0.56631
38940 0.566808
38955 0.567292
38970 0.56785
38985 0.56828
39000 0.568748
39015 0.569272
39030 0.569866
39045 0.570332
39060 0.570838
39075 0.571288
39090 0.571704
39105 0.57228
39120 0.572862
39135 0.573368
39150 0.573866
39165 0.574228
39180 0.574738
39195 0.575076
39210 0.575552
39225 0.576008
39240 0.576548
39255 0.577004
39270 0.577576
39285 0.577946
39300 0.57843
39315 0.579036
39330 0.579602
39345 0.580256
39360 0.580746
39375 0.58119
39390 0.58169
39405 0.582162
39420 0.582518
39435 0.582928
39450 0.583488
39465 0.583892
39480 0.584348
39495 0.584836
39510 0.585322
39525 0.585756
39540 0.586236
39555 0.586544
39570 0.58699
39585 0.587414
39600 0.58799
39615 0.588714
39630 0.589108
39645 0.589464
39660 0.589886
39675 0.59036
39690 0.590852
39705 0.591358
39720 0.591932
39735 0.59246
39750 0.592924
39765 0.593332
39780 0.593916
39795 0.594578
39810 0.594964
39825 0.595526
39840 0.59622
39855 0.596742
39870 0.597414
39885 0.597966
39900 0.598324
39915 0.598796
39930 0.599214
39945 0.599642
39960 0.60017
39975 0.600804
39990 0.601432
40005 0.601818
40020 0.602286
40035 0.602666
40050 0.602982
40065 0.60348
40080 0.603802
40095 0.604306
40110 0.604728
40125 0.60507
40140 0.605636
40155 0.606202
40170 0.60663
40185 0.607112
40200 0.607474
40215 0.607992
40230 0.608434
40245 0.608916
40260 0.609446
40275 0.609908
40290 0.61035
40305 0.610784
40320 0.611276
40335 0.611662
40350 0.612088
40365 0.612556
40380 0.612968
40395 0.613416
40410 0.613834
40425 0.614376
40440 0.614766
40455 0.615288
40470 0.615624
40485 0.616052
40500 0.61632
40515 0.616784
40530 0.617296
40545 0.617716
40560 0.618138
40575 0.6185
40590 0.618842
40605 0.619162
40620 0.619648
40635 0.62004
40650 0.620456
40665 0.620924
40680 0.621382
40695 0.621694
40710 0.62198
40725 0.622452
40740 0.622982
40755 0.623376
40770 0.62377
40785 0.624178
40800 0.624652
40815 0.625096
40830 0.625544
40845 0.625986
40860 0.626444
40875 0.626918
40890 0.627304
40905 0.62791
40920 0.628268
40935 0.628796
40950 0.629178
40965 0.62959
40980 0.629966
40995 0.630376
41010 0.630802
41025 0.631418
41040 0.631946
41055 0.632342
41070 0.632782
41085 0.63311
41100 0.633452
41115 0.63399
41130 0.634372
41145 0.634632
41160 0.634996
41175 0.635364
41190 0.635854
41205 0.63623
41220 0.636708
41235 0.637292
41250 0.637798
41265 0.638422
41280 0.638916
41295 0.639458
41310 0.639896
41325 0.640272
41340 0.640588
41355 0.64097
41370 0.64133
41385 0.641862
41400 0.642166
41415 0.64262
41430 0.64318
41445 0.643556
41460 0.643918
41475 0.644306
41490 0.644698
41505 0.645066
41520 0.64557
41535 0.64605
41550 0.646282
41565 0.646682
41580 0.647074
41595 0.647582
41610 0.648108
41625 0.648608
41640 0.649092
41655 0.649558
41670 0.650042
41685 0.650456
41700 0.650822
41715 0.651268
41730 0.651742
41745 0.652124
41760 0.652498
41775 0.65286
41790 0.6532
41805 0.653614
41820 0.654012
41835 0.654334
41850 0.654716
41865 0.655126
41880 0.65552
41895 0.655954
41910 0.656274
41925 0.656608
41940 0.657048
41955 0.657308
41970 0.657602
41985 0.657966
42000 0.658258
42015 0.658582
42030 0.65901
42045 0.659296
42060 0.659748
42075 0.66007
42090 0.660344
42105 0.660666
42120 0.661118
42135 0.661456
42150 0.661798
42165 0.662156
42180 0.662546
42195 0.662926
42210 0.663386
42225 0.66374
42240 0.664204
42255 0.664548
42270 0.66499
42285 0.665314
42300 0.665766
42315 0.666254
42330 0.66672
42345 0.667034
42360 0.66741
42375 0.66781
42390 0.668252
42405 0.668684
42420 0.669096
42435 0.669438
42450 0.669682
42465 0.670096
42480 0.670418
42495 0.670774
42510 0.671112
42525 0.671558
42540 0.672024
42555 0.67241
42570 0.672768
42585 0.67327
42600 0.673566
42615 0.673842
42630 0.674144
42645 0.674542
42660 0.674908
42675 0.675212
42690 0.675618
42705 0.67583
42720 0.676138
42735 0.676356
42750 0.676684
42765 0.677056
42780 0.677418
42795 0.677842
42810 0.678168
42825 0.67851
42840 0.678916
42855 0.679272
42870 0.679738
42885 0.680108
42900 0.680434
42915 0.6808
42930 0.681202
42945 0.681574
42960 0.681912
42975 0.68233
42990 0.682598
43005 0.682952
43020 0.683352
43035 0.683796
43050 0.684116
43065 0.68448
43080 0.684818
43095 0.685068
43110 0.685378
43125 0.685756
43140 0.6862
43155 0.686592
43170 0.68708
43185 0.6875
43200 0.68788
43215 0.688244
43230 0.688518
43245 0.688878
43260 0.68915
43275 0.689466
43290 0.689778
43305 0.690168
43320 0.690506
43335 0.690842
43350 0.691296
43365 0.691558
43380 0.69193
43395 0.692346
43410 0.692716
43425 0.69312
43440 0.69351
43455 0.693738
43470 0.694094
43485 0.69444
43500 0.694836
43515 0.695156
43530 0.695568
43545 0.696
43560 0.69632
43575 0.696732
43590 0.697006
43605 0.6974
43620 0.697818
43635 0.6981
43650 0.698412
43665 0.698792
43680 0.699166
43695 0.699424
43710 0.699626
43725 0.70005
43740 0.70033
43755 0.700672
43770 0.701046
43785 0.701334
43800 0.701606
43815 0.701984
43830 0.702296
43845 0.702642
43860 0.702976
43875 0.703296
43890 0.703678
43905 0.703932
43920 0.704238
43935 0.704474
43950 0.704804
43965 0.705138
43980 0.705434
43995 0.705812
44010 0.706068
44025 0.70646
44040 0.706776
44055 0.707092
44070 0.707446
44085 0.707732
44100 0.70798
44115 0.70833
44130 0.708586
44145 0.708904
44160 0.709226
44175 0.709456
44190 0.709788
44205 0.71009
44220 0.710368
44235 0.710726
44250 0.710972
44265 0.711208
44280 0.711618
44295 0.711908
44310 0.712236
44325 0.71251
44340 0.712814
44355 0.713106
44370 0.713398
44385 0.713692
44400 0.71394
44415 0.714196
44430 0.7145
44445 0.714738
44460 0.715066
44475 0.71538
44490 0.715684
44505 0.71596
44520 0.716248
44535 0.716534
44550 0.716856
44565 0.717202
44580 0.717542
44595 0.717814
44610 0.718102
44625 0.718416
44640 0.718706
44655 0.719078
44670 0.719346
44685 0.71972
44700 0.720038
44715 0.720306
44730 0.720582
44745 0.720804
44760 0.721064
44775 0.721278
44790 0.721494
44805 0.721752
44820 0.722062
44835 0.722412
44850 0.722674
44865 0.722892
44880 0.723282
44895 0.723546
44910 0.72389
44925 0.724174
44940 0.724492
44955 0.724746
44970 0.725032
44985 0.725336
45000 0.725676
45015 0.725948
45030 0.726314
45045 0.726602
45060 0.726926
45075 0.72721
45090 0.72748
45105 0.727828
45120 0.728134
45135 0.728424
45150 0.72867
45165 0.728938
45180 0.729182
45195 0.729466
45210 0.729778
45225 0.730092
45240 0.73034
45255 0.730674
45270 0.730972
45285 0.731248
45300 0.731486
45315 0.731748
45330 0.73204
45345 0.73239
45360 0.732698
45375 0.732962
45390 0.733204
45405 0.733602
45420 0.734
45435 0.73426
45450 0.734502
45465 0.73478
45480 0.735016
45495 0.735348
45510 0.73561
45525 0.735898
45540 0.736218
45555 0.73651
45570 0.736798
45585 0.737084
45600 0.737368
45615 0.737618
45630 0.737866
45645 0.73822
45660 0.738446
45675 0.738678
45690 0.739002
45705 0.739296
45720 0.739516
45735 0.73981
45750 0.740104
45765 0.740362
45780 0.740664
45795 0.740976
45810 0.741228
45825 0.741506
45840 0.741798
45855 0.742054
45870 0.742298
45885 0.742548
45900 0.742806
45915 0.74314
45930 0.74346
45945 0.743698
45960 0.743978
45975 0.74427
45990 0.744574
46005 0.744776
46020 0.745032
46035 0.745288
46050 0.745494
46065 0.745866
46080 0.746066
46095 0.746302
46110 0.74655
46125 0.746844
46140 0.747156
46155 0.747472
46170 0.74771
46185 0.747922
46200 0.748192
46215 0.748486
46230 0.748806
46245 0.749026
46260 0.749376
46275 0.749564
46290 0.749838
46305 0.750086
46320 0.750348
46335 0.750664
46350 0.75093
46365 0.75118
46380 0.751446
46395 0.751706
46410 0.751986
46425 0.75223
46440 0.752456
46455 0.7527
46470 0.752934
46485 0.753244
46500 0.753486
46515 0.753738
46530 0.75398
46545 0.7542
46560 0.754462
46575 0.754766
46590 0.755028
46605 0.755296
46620 0.7556
46635 0.755828
46650 0.756022
46665 0.756254
46680 0.756522
46695 0.756754
46710 0.757008
46725 0.757264
46740 0.75753
46755 0.75773
46770 0.757908
46785 0.758116
46800 0.758388
46815 0.758654
46830 0.758946
46845 0.759204
46860 0.759464
46875 0.759734
46890 0.759984
46905 0.760278
46920 0.760496
46935 0.76082
46950 0.761126
46965 0.76138
46980 0.761628
46995 0.761854
47010 0.762124
47025 0.762396
47040 0.762656
47055 0.76292
47070 0.763214
47085 0.763412
47100 0.763608
47115 0.763918
47130 0.764136
47145 0.764312
47160 0.76454
47175 0.76477
47190 0.764954
47205 0.765252
47220 0.765516
47235 0.765728
47250 0.765932
47265 0.766174
47280 0.76646
47295 0.766752
47310 0.766982
47325 0.767298
47340 0.767494
47355 0.767698
47370 0.768016
47385 0.76831
47400 0.76857
47415 0.768796
47430 0.769056
47445 0.769288
47460 0.769554
47475 0.769774
47490 0.77003
47505 0.770234
47520 0.770458
47535 0.77063
47550 0.770882
47565 0.771096
47580 0.771338
47595 0.77152
47610 0.771772
47625 0.771962
47640 0.772214
47655 0.772494
47670 0.772752
47685 0.77298
47700 0.773184
47715 0.773356
47730 0.773558
47745 0.773778
47760 0.77401
47775 0.774262
47790 0.774464
47805 0.774658
47820 0.774888
47835 0.775112
47850 0.775354
47865 0.775594
47880 0.775834
47895 0.7761
47910 0.776334
47925 0.776532
47940 0.776822
47955 0.777008
47970 0.777218
47985 0.777464
48000 0.777696
48015 0.777886
48030 0.77808
48045 0.778322
48060 0.778574
48075 0.778764
48090 0.778984
48105 0.779132
48120 0.779348
48135 0.779586
48150 0.779844
48165 0.780056
48180 0.780314
48195 0.78049
48210 0.780714
48225 0.780982
48240 0.781302
48255 0.781504
48270 0.781776
48285 0.781944
48300 0.78226
48315 0.782484
48330 0.78269
48345 0.78291
48360 0.783116
48375 0.783326
48390 0.783556
48405 0.783748
48420 0.78395
48435 0.784168
48450 0.784428
48465 0.78466
48480 0.784874
48495 0.785018
48510 0.785174
48525 0.785404
48540 0.785686
48555 0.785898
48570 0.786074
48585 0.786318
48600 0.786562
48615 0.78678
48630 0.787058
48645 0.787332
48660 0.787572
48675 0.787762
48690 0.787984
48705 0.788204
48720 0.788396
48735 0.788678
48750 0.788876
48765 0.789056
48780 0.789314
48795 0.789506
48810 0.789764
48825 0.789954
48840 0.790172
48855 0.790388
48870 0.790674
48885 0.790872
48900 0.79109
48915 0.79139
48930 0.791592
48945 0.791742
48960 0.791934
48975 0.792238
48990 0.7925
49005 0.792684
49020 0.792862
49035 0.793054
49050 0.793252
49065 0.793454
49080 0.793624
49095 0.793836
49110 0.794046
49125 0.794246
49140 0.794478
49155 0.794694
49170 0.794946
49185 0.795156
49200 0.795356
49215 0.795534
49230 0.795716
49245 0.795888
49260 0.796066
49275 0.79626
49290 0.79647
49305 0.796648
49320 0.796804
49335 0.796966
49350 0.797176
49365 0.797422
49380 0.797702
49395 0.797914
49410 0.798076
49425 0.798328
49440 0.798518
49455 0.798718
49470 0.798882
49485 0.799116
49500 0.799306
49515 0.799494
49530 0.799682
49545 0.799864
49560 0.800086
49575 0.800332
49590 0.800476
49605 0.80064
49620 0.800834
49635 0.801082
49650 0.801302
49665 0.80148
49680 0.801624
49695 0.801812
49710 0.802044
49725 0.80224
49740 0.802452
49755 0.802648
49770 0.802874
49785 0.803086
49800 0.803316
49815 0.803462
49830 0.803624
49845 0.803804
49860 0.804016
49875 0.804188
49890 0.804414
49905 0.804604
49920 0.804834
49935 0.805046
49950 0.805166
49965 0.805314
49980 0.80548
49995 0.805704
50010 0.805886
50025 0.806032
50040 0.806226
50055 0.806454
50070 0.80666
50085 0.806912
50100 0.807108
50115 0.8073
50130 0.807506
50145 0.807692
50160 0.8079
50175 0.80809
50190 0.808332
50205 0.808484
50220 0.8087
50235 0.808874
50250 0.809078
50265 0.809268
50280 0.80947
50295 0.809648
50310 0.809852
50325 0.810064
50340 0.810238
50355 0.810438
50370 0.810604
50385 0.810826
50400 0.811048
50415 0.811222
50430 0.811378
50445 0.811528
50460 0.8117
50475 0.811872
50490 0.8121
50505 0.812254
50520 0.812462
50535 0.812702
50550 0.812878
50565 0.813026
50580 0.813198
50595 0.81343
50610 0.813618
50625 0.813782
50640 0.814054
50655 0.814188
50670 0.81434
50685 0.814576
50700 0.814746
50715 0.814916
50730 0.815082
50745 0.815206
50760 0.815364
50775 0.81556
50790 0.815732
50805 0.815962
50820 0.816192
50835 0.816356
50850 0.816564
50865 0.81673
50880 0.816896
50895 0.817058
50910 0.81721
50925 0.817338
50940 0.817532
50955 0.81773
50970 0.8179
50985 0.818078
51000 0.818264
51015 0.818436
51030 0.818616
51045 0.8188
51060 0.818994
51075 0.819172
51090 0.81936
51105 0.81955
51120 0.819726
51135 0.819884
51150 0.820022
51165 0.820138
51180 0.82034
51195 0.820514
51210 0.82068
51225 0.820866
51240 0.821036
51255 0.821202
51270 0.821388
51285 0.821592
51300 0.821758
51315 0.821962
51330 0.822138
51345 0.822284
51360 0.822454
51375 0.822612
51390 0.822778
51405 0.822924
51420 0.823146
51435 0.823326
51450 0.823478
51465 0.823626
51480 0.82386
51495 0.824036
51510 0.824258
51525 0.82444
51540 0.824592
51555 0.824784
51570 0.824952
51585 0.825108
51600 0.825304
51615 0.825472
51630 0.825664
51645 0.825838
51660 0.826058
51675 0.82623
51690 0.826352
51705 0.826488
51720 0.826704
51735 0.826882
51750 0.827032
51765 0.827216
51780 0.827352
51795 0.82753
51810 0.827636
51825 0.827858
51840 0.828016
51855 0.82815
51870 0.82836
51885 0.828542
51900 0.828736
51915 0.828928
51930 0.829144
51945 0.8293
51960 0.82947
51975 0.829612
51990 0.829778
52005 0.829948
52020 0.830146
52035 0.830328
52050 0.830506
52065 0.830732
52080 0.830896
52095 0.831062
52110 0.831262
52125 0.831402
52140 0.831562
52155 0.831704
52170 0.831808
52185 0.831898
52200 0.83207
52215 0.832256
52230 0.832496
52245 0.832606
52260 0.832776
52275 0.832966
52290 0.833088
52305 0.833312
52320 0.833474
52335 0.833628
52350 0.833856
52365 0.834022
52380 0.834174
52395 0.83432
52410 0.834464
52425 0.834612
52440 0.834754
52455 0.834948
52470 0.835066
52485 0.835212
52500 0.835392
52515 0.835504
52530 0.835698
52545 0.835878
52560 0.836012
52575 0.836114
52590 0.836276
52605 0.836486
52620 0.836624
52635 0.836764
52650 0.836916
52665 0.837026
52680 0.837208
52695 0.837354
52710 0.837524
52725 0.837684
52740 0.837878
52755 0.838028
52770 0.838166
52785 0.838314
52800 0.83846
52815 0.838588
52830 0.838714
52845 0.838832
52860 0.839
52875 0.839142
52890 0.83929
52905 0.839456
52920 0.839594
52935 0.839698
52950 0.839866
52965 0.840054
52980 0.840174
52995 0.840296
53010 0.840448
53025 0.840578
53040 0.840762
53055 0.840924
53070 0.841034
53085 0.841186
53100 0.841374
53115 0.84152
53130 0.84168
53145 0.841842
53160 0.842008
53175 0.842172
53190 0.842302
53205 0.842422
53220 0.842586
53235 0.842718
53250 0.8429
53265 0.843024
53280 0.843184
53295 0.843348
53310 0.843508
53325 0.843652
53340 0.843832
53355 0.844012
53370 0.84415
53385 0.84428
53400 0.844388
53415 0.84448
53430 0.844636
53445 0.844774
53460 0.84494
53475 0.84505
53490 0.845196
53505 0.845406
53520 0.84557
53535 0.845706
53550 0.845856
53565 0.845956
53580 0.846116
53595 0.846228
53610 0.846352
53625 0.846498
53640 0.846614
53655 0.846764
53670 0.846876
53685 0.847068
53700 0.847212
53715 0.847334
53730 0.847524
53745 0.847646
53760 0.847764
53775 0.847906
53790 0.848048
53805 0.848184
53820 0.848292
53835 0.848452
53850 0.848632
53865 0.848772
53880 0.848906
53895 0.849054
53910 0.849166
53925 0.849302
53940 0.84942
53955 0.84953
53970 0.849702
53985 0.849824
54000 0.849944
54015 0.850088
54030 0.85022
54045 0.850332
54060 0.850496
54075 0.850626
54090 0.850734
54105 0.850922
54120 0.851076
54135 0.85122
54150 0.85134
54165 0.8515
54180 0.851614
54195 0.851752
54210 0.851914
54225 0.852044
54240 0.852184
54255 0.85234
54270 0.852474
54285 0.852616
54300 0.852712
54315 0.85284
54330 0.852992
54345 0.85316
54360 0.853306
54375 0.853438
54390 0.85353
54405 0.853678
54420 0.853796
54435 0.853894
54450 0.85401
54465 0.854104
54480 0.854186
54495 0.854288
54510 0.854406
54525 0.854584
54540 0.85471
54555 0.854894
54570 0.85501
54585 0.855148
54600 0.85524
54615 0.855342
54630 0.855478
54645 0.855614
54660 0.855742
54675 0.855836
54690 0.855956
54705 0.856088
54720 0.85621
54735 0.856334
54750 0.856498
54765 0.85663
54780 0.856794
54795 0.856954
54810 0.857076
54825 0.857192
54840 0.857304
54855 0.857456
54870 0.857606
54885 0.857744
54900 0.857866
54915 0.857982
54930 0.858082
54945 0.858234
54960 0.85843
54975 0.858554
54990 0.858658
55005 0.858802
55020 0.858902
55035 0.85901
55050 0.85916
55065 0.859286
55080 0.859434
55095 0.859554
55110 0.859708
55125 0.859848
55140 0.859946
55155 0.86007
55170 0.860198
55185 0.860328
55200 0.860462
55215 0.860594
55230 0.860732
55245 0.860844
55260 0.860942
55275 0.861062
55290 0.861198
55305 0.861298
55320 0.861408
55335 0.86153
55350 0.86167
55365 0.86176
55380 0.861862
55395 0.862006
55410 0.862116
55425 0.862206
55440 0.862314
55455 0.862426
55470 0.862558
55485 0.862684
55500 0.862802
55515 0.862926
55530 0.863044
55545 0.863144
55560 0.863252
55575 0.86334
55590 0.863444
55605 0.863518
55620 0.863666
55635 0.863814
55650 0.863922
55665 0.864022
55680 0.864122
55695 0.864252
55710 0.864382
55725 0.864508
55740 0.86463
55755 0.86475
55770 0.86487
55785 0.865006
55800 0.865134
55815 0.86523
55830 0.865294
55845 0.865414
55860 0.86554
55875 0.865678
55890 0.865816
55905 0.86597
55920 0.866086
55935 0.86624
55950 0.866336
55965 0.866456
55980 0.866548
55995 0.86669
56010 0.866852
56025 0.866966
56040 0.867152
56055 0.867254
56070 0.867366
56085 0.86746
56100 0.867602
56115 0.86772
56130 0.867858
56145 0.867974
56160 0.868108
56175 0.868226
56190 0.868346
56205 0.86847
56220 0.868598
56235 0.86873
56250 0.868852
56265 0.868982
56280 0.86909
56295 0.869202
56310 0.869324
56325 0.869464
56340 0.869668
56355 0.86979
56370 0.869938
56385 0.870058
56400 0.8702
56415 0.870322
56430 0.870444
56445 0.870554
56460 0.870674
56475 0.870762
56490 0.870882
56505 0.871018
56520 0.87112
56535 0.87122
56550 0.871314
56565 0.871422
56580 0.871532
56595 0.871668
56610 0.871744
56625 0.871828
56640 0.871902
56655 0.872016
56670 0.872132
56685 0.872252
56700 0.87236
56715 0.872532
56730 0.872634
56745 0.872694
56760 0.872776
56775 0.872888
56790 0.873
56805 0.873102
56820 0.873202
56835 0.8733
56850 0.873432
56865 0.87356
56880 0.873656
56895 0.87379
56910 0.873918
56925 0.87397
56940 0.874086
56955 0.8742
56970 0.874364
56985 0.874506
57000 0.874672
57015 0.874754
57030 0.874896
57045 0.874998
57060 0.875102
57075 0.875232
57090 0.875328
57105 0.87543
57120 0.875506
57135 0.875584
57150 0.875706
57165 0.875804
57180 0.875934
57195 0.876046
57210 0.87618
57225 0.876296
57240 0.876378
57255 0.87646
57270 0.876566
57285 0.876688
57300 0.876804
57315 0.876906
57330 0.877006
57345 0.877138
57360 0.87728
57375 0.87739
57390 0.877488
57405 0.877566
57420 0.877652
57435 0.87774
57450 0.877824
57465 0.877956
57480 0.878062
57495 0.87817
57510 0.878314
57525 0.878424
57540 0.878516
57555 0.878612
57570 0.878726
57585 0.878804
57600 0.878876
57615 0.879026
57630 0.879164
57645 0.879316
57660 0.879424
57675 0.879546
57690 0.879642
57705 0.879732
57720 0.879852
57735 0.879964
57750 0.880118
57765 0.880234
57780 0.880352
57795 0.880458
57810 0.880546
57825 0.880654
57840 0.880738
57855 0.880836
57870 0.880962
57885 0.881036
57900 0.88112
57915 0.881216
57930 0.88134
57945 0.881432
57960 0.881522
57975 0.88163
57990 0.881742
58005 0.881856
58020 0.881944
58035 0.882068
58050 0.882188
58065 0.882272
58080 0.882384
58095 0.882472
58110 0.88258
58125 0.882716
58140 0.882796
58155 0.88292
58170 0.883046
58185 0.88317
58200 0.883302
58215 0.883386
58230 0.883488
58245 0.883638
58260 0.883734
58275 0.883852
58290 0.88398
58305 0.884086
58320 0.884162
58335 0.884254
58350 0.884362
58365 0.88447
58380 0.884572
58395 0.884664
58410 0.884746
58425 0.88483
58440 0.884946
58455 0.885082
58470 0.885162
58485 0.885278
58500 0.885392
58515 0.885504
58530 0.885634
58545 0.885762
58560 0.885878
58575 0.885972
58590 0.886098
58605 0.886228
58620 0.886308
58635 0.886436
58650 0.88654
58665 0.886638
58680 0.886742
58695 0.886852
58710 0.886954
58725 0.887064
58740 0.887176
58755 0.887316
58770 0.887378
58785 0.887466
58800 0.88755
58815 0.88764
58830 0.887706
58845 0.88778
58860 0.887874
58875 0.888002
58890 0.888122
58905 0.88822
58920 0.88832
58935 0.88843
58950 0.888538
58965 0.888614
58980 0.888678
58995 0.888796
59010 0.888894
59025 0.889
59040 0.889086
59055 0.889162
59070 0.889256
59085 0.889332
59100 0.88942
59115 0.889532
59130 0.889666
59145 0.889762
59160 0.889866
59175 0.889976
59190 0.890076
59205 0.890158
59220 0.890252
59235 0.89031
59250 0.890446
59265 0.890532
59280 0.890594
59295 0.890686
59310 0.890788
59325 0.890908
59340 0.890972
59355 0.891082
59370 0.891192
59385 0.891352
59400 0.891454
59415 0.891532
59430 0.891624
59445 0.89172
59460 0.891834
59475 0.891948
59490 0.89205
59505 0.892142
59520 0.892244
59535 0.89236
59550 0.892468
59565 0.892574
59580 0.892692
59595 0.89278
59610 0.892884
59625 0.892968
59640 0.893084
59655 0.893162
59670 0.893278
59685 0.893384
59700 0.893482
59715 0.893586
59730 0.893662
59745 0.893774
59760 0.893898
59775 0.89396
59790 0.894062
59805 0.89416
59820 0.894272
59835 0.894328
59850 0.894408
59865 0.894502
59880 0.89462
59895 0.894724
59910 0.894806
59925 0.8949
59940 0.894984
59955 0.895106
59970 0.895198
59985 0.895274
60000 0.895348
60015 0.895426
60030 0.895504
60045 0.895596
60060 0.895722
60075 0.895812
60090 0.895884
60105 0.895956
60120 0.896036
60135 0.896116
60150 0.896194
60165 0.896266
60180 0.896356
60195 0.896428
60210 0.896514
60225 0.896616
60240 0.896746
60255 0.89683
60270 0.89691
60285 0.897002
60300 0.897098
60315 0.897184
60330 0.897256
60345 0.897308
60360 0.897384
60375 0.897438
60390 0.897524
60405 0.897602
60420 0.897694
60435 0.897788
60450 0.89787
60465 0.897984
60480 0.898082
60495 0.89818
60510 0.89825
60525 0.898356
60540 0.898458
60555 0.898546
60570 0.898658
60585 0.898762
60600 0.898844
60615 0.89898
60630 0.899068
60645 0.899132
60660 0.8992
60675 0.899304
60690 0.899384
60705 0.899478
60720 0.899594
60735 0.899652
60750 0.89971
60765 0.899812
60780 0.899874
60795 0.899988
60810 0.900082
60825 0.900148
60840 0.900198
60855 0.90028
60870 0.900346
60885 0.900424
60900 0.900546
60915 0.900614
60930 0.900706
60945 0.900794
60960 0.900882
60975 0.900972
60990 0.901048
61005 0.901142
61020 0.901232
61035 0.901328
61050 0.901446
61065 0.901538
61080 0.901618
61095 0.901732
61110 0.901838
61125 0.901924
61140 0.901988
61155 0.902066
61170 0.902174
61185 0.90228
61200 0.902342
61215 0.902436
61230 0.902524
61245 0.90264
61260 0.902714
61275 0.902868
61290 0.90293
61305 0.903018
61320 0.903102
61335 0.903226
61350 0.903342
61365 0.903416
61380 0.903506
61395 0.903614
61410 0.903688
61425 0.903796
61440 0.90388
61455 0.903966
61470 0.904058
61485 0.904146
61500 0.904216
61515 0.904284
61530 0.904384
61545 0.904438
61560 0.904552
61575 0.904586
61590 0.904692
61605 0.90474
61620 0.904826
61635 0.904898
61650 0.904996
61665 0.905066
61680 0.90513
61695 0.905208
61710 0.905308
61725 0.905388
61740 0.905486
61755 0.905558
61770 0.905608
61785 0.905706
61800 0.905786
61815 0.90587
61830 0.905954
61845 0.90604
61860 0.90611
61875 0.90616
61890 0.906242
61905 0.906308
61920 0.906384
61935 0.906496
61950 0.906568
61965 0.90662
61980 0.90671
61995 0.906786
62010 0.906906
62025 0.90699
62040 0.907042
62055 0.9071
62070 0.907168
62085 0.907264
62100 0.907334
62115 0.907414
62130 0.907514
62145 0.90761
62160 0.907672
62175 0.907708
62190 0.9078
62205 0.907888
62220 0.908002
62235 0.908084
62250 0.908166
62265 0.90828
62280 0.908356
62295 0.908448
62310 0.90852
62325 0.908606
62340 0.908704
62355 0.90876
62370 0.908808
62385 0.908872
62400 0.908936
62415 0.909032
62430 0.909126
62445 0.909218
62460 0.909312
62475 0.909398
62490 0.909466
62505 0.90955
62520 0.909638
62535 0.909696
62550 0.90979
62565 0.90988
62580 0.90994
62595 0.910016
62610 0.910082
62625 0.910178
62640 0.91029
62655 0.910364
62670 0.91044
62685 0.91056
62700 0.910662
62715 0.910728
62730 0.910794
62745 0.910876
62760 0.910988
62775 0.911016
62790 0.911088
62805 0.911154
62820 0.91122
62835 0.911322
62850 0.91143
62865 0.911492
62880 0.911578
62895 0.91164
62910 0.91169
62925 0.911752
62940 0.9118
62955 0.911884
62970 0.911958
62985 0.912058
63000 0.912116
63015 0.912182
63030 0.912252
63045 0.912308
63060 0.912382
63075 0.91248
63090 0.912558
63105 0.912642
63120 0.912726
63135 0.912814
63150 0.91289
63165 0.912972
63180 0.91304
63195 0.913116
63210 0.913174
63225 0.913244
63240 0.913326
63255 0.91339
63270 0.913448
63285 0.91352
63300 0.913572
63315 0.913632
63330 0.913694
63345 0.913776
63360 0.913818
63375 0.91392
63390 0.913966
63405 0.914026
63420 0.91409
63435 0.914146
63450 0.91422
63465 0.914294
63480 0.914414
63495 0.914486
63510 0.914566
63525 0.914664
63540 0.914734
63555 0.914774
63570 0.914854
63585 0.914938
63600 0.915024
63615 0.915094
63630 0.915174
63645 0.915232
63660 0.91529
63675 0.915344
63690 0.915424
63705 0.91549
63720 0.915546
63735 0.915618
63750 0.915718
63765 0.91578
63780 0.915868
63795 0.915914
63810 0.915984
63825 0.916064
63840 0.916136
63855 0.916268
63870 0.91634
63885 0.9164
63900 0.916492
63915 0.916552
63930 0.916622
63945 0.916688
63960 0.916772
63975 0.916832
63990 0.916906
64005 0.917008
64020 0.917072
64035 0.917158
64050 0.917228
64065 0.917264
64080 0.917324
64095 0.917432
64110 0.917514
64125 0.917556
64140 0.917622
64155 0.917714
64170 0.91781
64185 0.917894
64200 0.917972
64215 0.918018
64230 0.918102
64245 0.918176
64260 0.918228
64275 0.918298
64290 0.918394
64305 0.918454
64320 0.918516
64335 0.918566
64350 0.918658
64365 0.918726
64380 0.91877
64395 0.918828
64410 0.918882
64425 0.918922
64440 0.919016
64455 0.91908
64470 0.91913
64485 0.919186
64500 0.919264
64515 0.91934
64530 0.919418
64545 0.919484
64560 0.919594
64575 0.919652
64590 0.919726
64605 0.919782
64620 0.919848
64635 0.919924
64650 0.919986
64665 0.920058
64680 0.920114
64695 0.920164
64710 0.920224
64725 0.920274
64740 0.92033
64755 0.920402
64770 0.920548
64785 0.92063
64800 0.920692
64815 0.920748
64830 0.920842
64845 0.92091
64860 0.920986
64875 0.921032
64890 0.921068
64905 0.92115
64920 0.921192
64935 0.921248
64950 0.92133
64965 0.92139
64980 0.92147
64995 0.92152
65010 0.921608
65025 0.921698
65040 0.921782
65055 0.921846
65070 0.921906
65085 0.922002
65100 0.922062
65115 0.922128
65130 0.922216
65145 0.922288
65160 0.922364
65175 0.922418
65190 0.922488
65205 0.922558
65220 0.922632
65235 0.922698
65250 0.922744
65265 0.922782
65280 0.92284
65295 0.922908
65310 0.922966
65325 0.923032
65340 0.923086
65355 0.923138
65370 0.923226
65385 0.923312
65400 0.92338
65415 0.92343
65430 0.923492
65445 0.923552
65460 0.9236
65475 0.923674
65490 0.92373
65505 0.9238
65520 0.923836
65535 0.923892
65550 0.923938
65565 0.924024
65580 0.924078
65595 0.924128
65610 0.924202
65625 0.924278
65640 0.92435
65655 0.924422
65670 0.92447
65685 0.924532
65700 0.924582
65715 0.924652
65730 0.924726
65745 0.9248
65760 0.924868
65775 0.924924
65790 0.924994
65805 0.925064
65820 0.925138
65835 0.925216
65850 0.925282
65865 0.925348
65880 0.925434
65895 0.925492
65910 0.92553
65925 0.925584
65940 0.92564
65955 0.925676
65970 0.925754
65985 0.92581
66000 0.925896
66015 0.925968
66030 0.926026
66045 0.926096
66060 0.926156
66075 0.926194
66090 0.926244
66105 0.92629
66120 0.926358
66135 0.926418
66150 0.926476
66165 0.926526
66180 0.926582
66195 0.926662
66210 0.926732
66225 0.926764
66240 0.926834
66255 0.926892
66270 0.926962
66285 0.92703
66300 0.927084
66315 0.927132
66330 0.92719
66345 0.92724
66360 0.927342
66375 0.927414
66390 0.927482
66405 0.927546
66420 0.92761
66435 0.927706
66450 0.927788
66465 0.92784
66480 0.927884
66495 0.927944
66510 0.927994
66525 0.928038
66540 0.928096
66555 0.928144
66570 0.928242
66585 0.928296
66600 0.928336
66615 0.928384
66630 0.928442
66645 0.92851
66660 0.9286
66675 0.928682
66690 0.928776
66705 0.928816
66720 0.928864
66735 0.928972
66750 0.929032
66765 0.929086
66780 0.929156
66795 0.929192
66810 0.929256
66825 0.929356
66840 0.929406
66855 0.929476
66870 0.92952
66885 0.929584
66900 0.929648
66915 0.929682
66930 0.929748
66945 0.92982
66960 0.92989
66975 0.929962
66990 0.930022
67005 0.93007
67020 0.9301
67035 0.930164
67050 0.93022
67065 0.930316
67080 0.930366
67095 0.930462
67110 0.93053
67125 0.930596
67140 0.93066
67155 0.930742
67170 0.930784
67185 0.930832
67200 0.930896
67215 0.93097
67230 0.93101
67245 0.93108
67260 0.931132
67275 0.93118
67290 0.931254
67305 0.931316
67320 0.931352
67335 0.931394
67350 0.931434
67365 0.931494
67380 0.931546
67395 0.931592
67410 0.931652
67425 0.931706
67440 0.931746
67455 0.931802
67470 0.931852
67485 0.931896
67500 0.931958
67515 0.93202
67530 0.932094
67545 0.93215
67560 0.932212
67575 0.932266
67590 0.932324
67605 0.932406
67620 0.93249
67635 0.932538
67650 0.932592
67665 0.932646
67680 0.932684
67695 0.932742
67710 0.932812
67725 0.932844
67740 0.932912
67755 0.932954
67770 0.933006
67785 0.933056
67800 0.933106
67815 0.933152
67830 0.933208
67845 0.933286
67860 0.93333
67875 0.9334
67890 0.933434
67905 0.933492
67920 0.933548
67935 0.933602
67950 0.93365
67965 0.933688
67980 0.933722
67995 0.933788
68010 0.93387
68025 0.933946
68040 0.93398
68055 0.934034
68070 0.934072
68085 0.934102
68100 0.93416
68115 0.934218
68130 0.934258
68145 0.934322
68160 0.934362
68175 0.934418
68190 0.934452
68205 0.934512
68220 0.93456
68235 0.93462
68250 0.934686
68265 0.93472
68280 0.93476
68295 0.934798
68310 0.934848
68325 0.934912
68340 0.934964
68355 0.935022
68370 0.935058
68385 0.935112
68400 0.935164
68415 0.935216
68430 0.93527
68445 0.935332
68460 0.935394
68475 0.93545
68490 0.935512
68505 0.935568
68520 0.93561
68535 0.935664
68550 0.935714
68565 0.935754
68580 0.935804
68595 0.935858
68610 0.935918
68625 0.935996
68640 0.936052
68655 0.936102
68670 0.93616
68685 0.936238
68700 0.936292
68715 0.936356
68730 0.936416
68745 0.936474
68760 0.936558
68775 0.936588
68790 0.936632
68805 0.93668
68820 0.936728
68835 0.936802
68850 0.936878
68865 0.9369
68880 0.936956
68895 0.936996
68910 0.93705
68925 0.93709
68940 0.937152
68955 0.93719
68970 0.93723
68985 0.937276
69000 0.937334
69015 0.937384
69030 0.937468
69045 0.937492
69060 0.937546
69075 0.937586
69090 0.937614
69105 0.937662
69120 0.937696
69135 0.937736
69150 0.937802
69165 0.937866
69180 0.937916
69195 0.937958
69210 0.93801
69225 0.93806
69240 0.938092
69255 0.938132
69270 0.938194
69285 0.938242
69300 0.93829
69315 0.938362
69330 0.938426
69345 0.938494
69360 0.93853
69375 0.938576
69390 0.938622
69405 0.938684
69420 0.938744
69435 0.93876
69450 0.938812
69465 0.938866
69480 0.938908
69495 0.938964
69510 0.939024
69525 0.939088
69540 0.939146
69555 0.939216
69570 0.939272
69585 0.939328
69600 0.939388
69615 0.93945
69630 0.939516
69645 0.939562
69660 0.939602
69675 0.939646
69690 0.939682
69705 0.939718
69720 0.93976
69735 0.939818
69750 0.939864
69765 0.939922
69780 0.939978
69795 0.940018
69810 0.940058
69825 0.940106
69840 0.940158
69855 0.940222
69870 0.940262
69885 0.940296
69900 0.94032
69915 0.940382
69930 0.940426
69945 0.940472
69960 0.9405
69975 0.940544
69990 0.940606
70005 0.940642
70020 0.940684
70035 0.940742
70050 0.94079
70065 0.94083
70080 0.940858
70095 0.940906
70110 0.940948
70125 0.941004
70140 0.94104
70155 0.94112
70170 0.94117
70185 0.941228
70200 0.941256
70215 0.941294
70230 0.94134
70245 0.94142
70260 0.941448
70275 0.941506
70290 0.94155
70305 0.941594
70320 0.941626
70335 0.941676
70350 0.941726
70365 0.941782
70380 0.941836
70395 0.941898
70410 0.941936
70425 0.941996
70440 0.942046
70455 0.94207
70470 0.942116
70485 0.942156
70500 0.942222
70515 0.942278
70530 0.942332
70545 0.942382
70560 0.942442
70575 0.942474
70590 0.94252
70605 0.942558
70620 0.942612
70635 0.942666
70650 0.942722
70665 0.942762
70680 0.942786
70695 0.94285
70710 0.942884
70725 0.942916
70740 0.94296
70755 0.94301
70770 0.943046
70785 0.943092
70800 0.943126
70815 0.943166
70830 0.943208
70845 0.94327
70860 0.943338
70875 0.943382
70890 0.943422
70905 0.943468
70920 0.943526
70935 0.943564
70950 0.943612
70965 0.943668
70980 0.943726
70995 0.943746
71010 0.943806
71025 0.943844
71040 0.943876
71055 0.943922
71070 0.943976
71085 0.944012
71100 0.944038
71115 0.94409
71130 0.944134
71145 0.944184
71160 0.944226
71175 0.94427
71190 0.9443
71205 0.944358
71220 0.944396
71235 0.94444
71250 0.944498
71265 0.944532
71280 0.944568
71295 0.94459
71310 0.94462
71325 0.944636
71340 0.944706
71355 0.944764
71370 0.9448
71385 0.944856
71400 0.944904
71415 0.944954
71430 0.945
71445 0.94503
71460 0.945072
71475 0.945096
71490 0.945152
71505 0.9452
71520 0.945254
71535 0.945306
71550 0.945362
71565 0.945392
71580 0.945442
71595 0.9455
71610 0.94552
71625 0.945558
71640 0.945612
71655 0.945666
71670 0.945712
71685 0.945768
71700 0.945812
71715 0.94585
71730 0.945894
71745 0.945948
71760 0.94597
71775 0.946012
71790 0.946048
71805 0.94609
71820 0.94613
71835 0.94618
71850 0.946218
71865 0.946258
71880 0.9463
71895 0.946332
71910 0.946376
71925 0.94643
71940 0.946462
71955 0.946514
71970 0.946546
71985 0.94659
72000 0.946622
72015 0.946662
72030 0.946694
72045 0.946734
72060 0.94677
72075 0.946816
72090 0.946862
72105 0.94689
72120 0.946956
72135 0.947
72150 0.947044
72165 0.947068
72180 0.947114
72195 0.94714
72210 0.947172
72225 0.947194
72240 0.94723
72255 0.94727
72270 0.947314
72285 0.947362
72300 0.9474
72315 0.947434
72330 0.94745
72345 0.947478
72360 0.94752
72375 0.947544
72390 0.947578
72405 0.947608
72420 0.947652
72435 0.947686
72450 0.947724
72465 0.947762
72480 0.947788
72495 0.94784
72510 0.947874
72525 0.947924
72540 0.947976
72555 0.948012
72570 0.948068
72585 0.948136
72600 0.948184
72615 0.948218
72630 0.948276
72645 0.94833
72660 0.948376
72675 0.948392
72690 0.948432
72705 0.948494
72720 0.948528
72735 0.94859
72750 0.948626
72765 0.948674
72780 0.94871
72795 0.94875
72810 0.948808
72825 0.94886
72840 0.948916
72855 0.948962
72870 0.948998
72885 0.949044
72900 0.949078
72915 0.949126
72930 0.949178
72945 0.94921
72960 0.949242
72975 0.949274
72990 0.949322
73005 0.949364
73020 0.949384
73035 0.949424
73050 0.949482
73065 0.949512
73080 0.949548
73095 0.949586
73110 0.949618
73125 0.949668
73140 0.949696
73155 0.949714
73170 0.94973
73185 0.94977
73200 0.949794
73215 0.949822
73230 0.949864
73245 0.949884
73260 0.949924
73275 0.949976
73290 0.950022
73305 0.95007
73320 0.950104
73335 0.950132
73350 0.95018
73365 0.950212
73380 0.950274
73395 0.950328
73410 0.950366
73425 0.950402
73440 0.950466
73455 0.950482
73470 0.95052
73485 0.950562
73500 0.950622
73515 0.950654
73530 0.950686
73545 0.95072
73560 0.950732
73575 0.95075
73590 0.9508
73605 0.950842
73620 0.950888
73635 0.950924
73650 0.950958
73665 0.950996
73680 0.95103
73695 0.951072
73710 0.951114
73725 0.951132
73740 0.951174
73755 0.951206
73770 0.951238
73785 0.951262
73800 0.951292
73815 0.951324
73830 0.951366
73845 0.951402
73860 0.951448
73875 0.951478
73890 0.951508
73905 0.951552
73920 0.951586
73935 0.95163
73950 0.951674
73965 0.951714
73980 0.951746
73995 0.951784
74010 0.95182
74025 0.951864
74040 0.951908
74055 0.951944
74070 0.952
74085 0.95203
74100 0.952086
74115 0.952116
74130 0.952162
74145 0.952208
74160 0.95225
74175 0.952286
74190 0.952328
74205 0.952362
74220 0.95241
74235 0.952438
74250 0.95249
74265 0.952522
74280 0.952542
74295 0.952578
74310 0.952612
74325 0.952658
74340 0.9527
74355 0.952732
74370 0.952772
74385 0.952828
74400 0.952852
74415 0.952884
74430 0.952918
74445 0.95294
74460 0.952988
74475 0.953024
74490 0.953046
74505 0.953092
74520 0.953142
74535 0.953168
74550 0.953208
74565 0.953248
74580 0.953278
74595 0.953306
74610 0.95334
74625 0.953376
74640 0.953394
74655 0.953422
74670 0.95347
74685 0.95352
74700 0.953546
74715 0.953584
74730 0.95361
74745 0.953658
74760 0.9537
74775 0.953734
74790 0.95376
74805 0.953792
74820 0.953824
74835 0.953848
74850 0.953882
74865 0.953914
74880 0.953952
74895 0.954006
74910 0.954036
74925 0.954072
74940 0.95411
74955 0.954132
74970 0.95418
74985 0.95419
