0 0.0002
15 0.0002
30 0.0002
45 0.0002
60 0.0002
75 0.0002
90 0.0002
105 0.0002
120 0.0002
135 0.0002
150 0.00021
165 0.00021
180 0.00021
195 0.00021
210 0.00021
225 0.00021
240 0.00021
255 0.00021
270 0.00023
285 0.00023
300 0.00023
315 0.00024
330 0.00024
345 0.00024
360 0.00026
375 0.00026
390 0.00028
405 0.00029
420 0.0003
435 0.0003
450 0.0003
465 0.0003
480 0.0003
495 0.0003
510 0.0003
525 0.0003
540 0.0003
555 0.0003
570 0.0003
585 0.0003
600 0.0003
615 0.0003
630 0.00031
645 0.00031
660 0.00031
675 0.00032
690 0.00032
705 0.00032
720 0.00032
735 0.00034
750 0.00034
765 0.00034
780 0.00034
795 0.00034
810 0.00035
825 0.00037
840 0.00038
855 0.00038
870 0.00038
885 0.00038
900 0.00039
915 0.0004
930 0.0004
945 0.0004
960 0.0004
975 0.0004
990 0.0004
1005 0.0004
1020 0.0004
1035 0.00041
1050 0.00042
1065 0.00042
1080 0.00043
1095 0.00043
1110 0.00043
1125 0.00045
1140 0.00045
1155 0.00045
1170 0.00046
1185 0.00046
1200 0.00046
1215 0.00046
1230 0.00047
1245 0.00047
1260 0.00047
1275 0.00047
1290 0.00047
1305 0.00047
1320 0.00047
1335 0.00047
1350 0.00048
1365 0.00048
1380 0.00048
1395 0.00048
1410 0.00048
1425 0.00048
1440 0.00049
1455 0.0005
1470 0.0005
1485 0.00051
1500 0.00051
1515 0.00052
1530 0.00053
1545 0.00054
1560 0.00054
1575 0.00054
1590 0.00054
1605 0.00054
1620 0.00054
1635 0.00054
1650 0.00054
1665 0.00055
1680 0.00055
1695 0.00055
1710 0.00056
1725 0.00056
1740 0.00056
1755 0.00057
1770 0.00057
1785 0.00057
1800 0.00058
1815 0.00058
1830 0.00058
1845 0.0006
1860 0.0006
1875 0.0006
1890 0.00061
1905 0.00061
1920 0.00062
1935 0.00062
1950 0.00062
1965 0.00062
1980 0.00062
1995 0.00062
2010 0.00062
2025 0.00062
2040 0.00063
2055 0.00065
2070 0.00066
2085 0.00071
2100 0.00072
2115 0.00072
2130 0.00073
2145 0.00073
2160 0.00074
2175 0.00074
2190 0.00076
2205 0.00076
2220 0.00076
2235 0.00077
2250 0.00078
2265 0.00079
2280 0.00079
2295 0.0008
2310 0.0008
2325 0.00081
2340 0.00082
2355 0.00082
2370 0.00083
2385 0.00083
2400 0.00084
2415 0.00084
2430 0.00084
2445 0.00084
2460 0.00084
2475 0.00086
2490 0.00086
2505 0.00088
2520 0.00089
2535 0.0009
2550 0.0009
2565 0.0009
2580 0.0009
2595 0.00093
2610 0.00093
2625 0.00095
2640 0.00096
2655 0.00096
2670 0.00096
2685 0.001
2700 0.00102
2715 0.00102
2730 0.00102
2745 0.00102
2760 0.00104
2775 0.00104
2790 0.00106
2805 0.00106
2820 0.00106
2835 0.00107
2850 0.00109
2865 0.00109
2880 0.00109
2895 0.0011
2910 0.00117
2925 0.0012
2940 0.0012
2955 0.0012
2970 0.0012
2985 0.0012
3000 0.00121
3015 0.00125
3030 0.00125
3045 0.00125
3060 0.00125
3075 0.00128
3090 0.00128
3105 0.00128
3120 0.00128
3135 0.0013
3150 0.00132
3165 0.00132
3180 0.00132
3195 0.00133
3210 0.00133
3225 0.00133
3240 0.00134
3255 0.00134
3270 0.00134
3285 0.00138
3300 0.0014
3315 0.00141
3330 0.00141
3345 0.00143
3360 0.00145
3375 0.00145
3390 0.0015
3405 0.00154
3420 0.00156
3435 0.00158
3450 0.00158
3465 0.00158
3480 0.0016
3495 0.00162
3510 0.00164
3525 0.00164
3540 0.00169
3555 0.0017
3570 0.0017
3585 0.0017
3600 0.00174
3615 0.00174
3630 0.00174
3645 0.00174
3660 0.0018
3675 0.0018
3690 0.0018
3705 0.0018
3720 0.00189
3735 0.00189
3750 0.0019
3765 0.0019
3780 0.0019
3795 0.00192
3810 0.00194
3825 0.00195
3840 0.00198
3855 0.00198
3870 0.00198
3885 0.002
3900 0.00201
3915 0.00201
3930 0.00217
3945 0.00217
3960 0.00222
3975 0.00222
3990 0.00223
4005 0.00233
4020 0.00237
4035 0.00237
4050 0.00239
4065 0.00239
4080 0.0024
4095 0.00247
4110 0.00249
4125 0.0025
4140 0.0025
4155 0.00251
4170 0.00251
4185 0.00253
4200 0.00253
4215 0.00259
4230 0.00259
4245 0.0026
4260 0.0026
4275 0.00266
4290 0.00269
4305 0.00275
4320 0.00275
4335 0.00275
4350 0.00276
4365 0.00283
4380 0.00292
4395 0.00292
4410 0.00293
4425 0.003
4440 0.00303
4455 0.00306
4470 0.00306
4485 0.00311
4500 0.00315
4515 0.00315
4530 0.00316
4545 0.00335
4560 0.00358
4575 0.0036
4590 0.00364
4605 0.0037
4620 0.0037
4635 0.00385
4650 0.00387
4665 0.00387
4680 0.00403
4695 0.00405
4710 0.00424
4725 0.00439
4740 0.00439
4755 0.00444
4770 0.00445
4785 0.00463
4800 0.00463
4815 0.00467
4830 0.00476
4845 0.00479
4860 0.00486
4875 0.00494
4890 0.00498
4905 0.00507
4920 0.00513
4935 0.00518
4950 0.0052
4965 0.00529
4980 0.00542
4995 0.00546
5010 0.00546
5025 0.00562
5040 0.00569
5055 0.00569
5070 0.00603
5085 0.00609
5100 0.00619
5115 0.00644
5130 0.00649
5145 0.00656
5160 0.00669
5175 0.00682
5190 0.00707
5205 0.0075
5220 0.00751
5235 0.00761
5250 0.00761
5265 0.00779
5280 0.00781
5295 0.00783
5310 0.00798
5325 0.00799
5340 0.00802
5355 0.00815
5370 0.00859
5385 0.00878
5400 0.00896
5415 0.00923
5430 0.00952
5445 0.00962
5460 0.01019
5475 0.01047
5490 0.01088
5505 0.01142
5520 0.01233
5535 0.01248
5550 0.0126
5565 0.01317
5580 0.01324
5595 0.01374
5610 0.01379
5625 0.01434
5640 0.01468
5655 0.01517
5670 0.01533
5685 0.01595
5700 0.01695
5715 0.01706
5730 0.01846
5745 0.01883
5760 0.01962
5775 0.02089
5790 0.0226
5805 0.02485
5820 0.02544
5835 0.02563
5850 0.02262
5865 0.02305
5880 0.02393
5895 0.02394
5910 0.02474
5925 0.02558
5940 0.02588
5955 0.02597
5970 0.02145
5985 0.02194
6000 0.02325
6015 0.01947
6030 0.02053
6045 0.02101
6060 0.02164
6075 0.02181
6090 0.02268
6105 0.02265
6120 0.02395
6135 0.02419
6150 0.02448
6165 0.0254
6180 0.02579
6195 0.02095
6210 0.02118
6225 0.02125
6240 0.0202
6255 0.01955
6270 0.01964
6285 0.02005
6300 0.02036
6315 0.02048
6330 0.02076
6345 0.02195
6360 0.02093
6375 0.02094
6390 0.02102
6405 0.01887
6420 0.01996
6435 0.0223
6450 0.01607
6465 0.01746
6480 0.01695
6495 0.01566
6510 0.0162
6525 0.0165
6540 0.01571
6555 0.01473
6570 0.01417
6585 0.01352
6600 0.01363
6615 0.00977
6630 0.00988
6645 0.00989
6660 0.00959
6675 0.009
6690 0.00911
6705 0.00936
6720 0.00918
6735 0.00923
6750 0.00903
6765 0.00909
6780 0.00874
6795 0.00832
6810 0.00832
6825 0.00703
6840 0.00703
6855 0.00708
6870 0.00708
6885 0.00662
6900 0.00651
6915 0.00665
6930 0.00637
6945 0.0064
6960 0.0059
6975 0.00593
6990 0.00594
7005 0.006
7020 0.00601
7035 0.00588
7050 0.00589
7065 0.00577
7080 0.00587
7095 0.0059
7110 0.00585
7125 0.0059
7140 0.00607
7155 0.00572
7170 0.00573
7185 0.00573
7200 0.00575
7215 0.00586
7230 0.00573
7245 0.00573
7260 0.00583
7275 0.00586
7290 0.00586
7305 0.00542
7320 0.00543
7335 0.00469
7350 0.00458
7365 0.00418
7380 0.00409
7395 0.00385
7410 0.00396
7425 0.00383
7440 0.00392
7455 0.00353
7470 0.00356
7485 0.00356
7500 0.00358
7515 0.00358
7530 0.00364
7545 0.00364
7560 0.00364
7575 0.00366
7590 0.00366
7605 0.00366
7620 0.00369
7635 0.0037
7650 0.0037
7665 0.00375
7680 0.00375
7695 0.00377
7710 0.00381
7725 0.00381
7740 0.00374
7755 0.0037
7770 0.00366
7785 0.00368
7800 0.00368
7815 0.00368
7830 0.00368
7845 0.00339
7860 0.00336
7875 0.00325
7890 0.00325
7905 0.00325
7920 0.00327
7935 0.00323
7950 0.00302
7965 0.00302
7980 0.00306
7995 0.00309
8010 0.00309
8025 0.00309
8040 0.00295
8055 0.00296
8070 0.00297
8085 0.00298
8100 0.00297
8115 0.00299
8130 0.00301
8145 0.00301
8160 0.00301
8175 0.00299
8190 0.00299
8205 0.00299
8220 0.00296
8235 0.00298
8250 0.00294
8265 0.00278
8280 0.00267
8295 0.00267
8310 0.00266
8325 0.00266
8340 0.0027
8355 0.0027
8370 0.0027
8385 0.0027
8400 0.0027
8415 0.00252
8430 0.0023
8445 0.0023
8460 0.00188
8475 0.00181
8490 0.00181
8505 0.00181
8520 0.00173
8535 0.00173
8550 0.00173
8565 0.00173
8580 0.00177
8595 0.00177
8610 0.00177
8625 0.00168
8640 0.00171
8655 0.00171
8670 0.00171
8685 0.00176
8700 0.00177
8715 0.00172
8730 0.00167
8745 0.00167
8760 0.00166
8775 0.00163
8790 0.00159
8805 0.00159
8820 0.00159
8835 0.00156
8850 0.00156
8865 0.00157
8880 0.00159
8895 0.00158
8910 0.00157
8925 0.00157
8940 0.00157
8955 0.00154
8970 0.00154
8985 0.00154
9000 0.00151
9015 0.00151
9030 0.00156
9045 0.00156
9060 0.00164
9075 0.00164
9090 0.00163
9105 0.00163
9120 0.00163
9135 0.00166
9150 0.00166
9165 0.00166
9180 0.00166
9195 0.00166
9210 0.00159
9225 0.00152
9240 0.00152
9255 0.00151
9270 0.00151
9285 0.00155
9300 0.00155
9315 0.00157
9330 0.00153
9345 0.00153
9360 0.00152
9375 0.00143
9390 0.00145
9405 0.00144
9420 0.00142
9435 0.00142
9450 0.00142
9465 0.00142
9480 0.00142
9495 0.00142
9510 0.00142
9525 0.00141
9540 0.00141
9555 0.00139
9570 0.00139
9585 0.00139
9600 0.0014
9615 0.0014
9630 0.00146
9645 0.00146
9660 0.00142
9675 0.00142
9690 0.00141
9705 0.00142
9720 0.00142
9735 0.00142
9750 0.00142
9765 0.00139
9780 0.00139
9795 0.00139
9810 0.00139
9825 0.00139
9840 0.00141
9855 0.00143
9870 0.00143
9885 0.00143
9900 0.00143
9915 0.00137
9930 0.00137
9945 0.00138
9960 0.00138
9975 0.00138
9990 0.00138
10005 0.00132
10020 0.00132
10035 0.00132
10050 0.00132
10065 0.00125
10080 0.00123
10095 0.00107
10110 0.00107
10125 0.00107
10140 0.00107
10155 0.00107
10170 0.00107
10185 0.00107
10200 0.00107
10215 0.00107
10230 0.00107
10245 0.00107
10260 0.00107
10275 0.00107
10290 0.00107
10305 0.00107
10320 0.00107
10335 0.00107
10350 0.00107
10365 0.00103
10380 0.00102
10395 0.00101
10410 0.00101
10425 0.00101
10440 0.00101
10455 0.00101
10470 0.00101
10485 0.00101
10500 0.00101
10515 0.00101
10530 0.00101
10545 0.00101
10560 0.00101
10575 0.00101
10590 0.00102
10605 0.00102
10620 0.00102
10635 0.00102
10650 0.00102
10665 0.00102
10680 0.00102
10695 0.00102
10710 0.00101
10725 0.00101
10740 0.00099
10755 0.00099
10770 0.00097
10785 0.00092
10800 0.00092
10815 0.00092
10830 0.00092
10845 0.00092
10860 0.00092
10875 0.00092
10890 0.00092
10905 0.00092
10920 0.00092
10935 0.00092
10950 0.00092
10965 0.00092
10980 0.00092
10995 0.00092
11010 0.00092
11025 0.00092
11040 0.00093
11055 0.00091
11070 0.00091
11085 0.00091
11100 0.00091
11115 0.00091
11130 0.00091
11145 0.00093
11160 0.00093
11175 0.00094
11190 0.00094
11205 0.00094
11220 0.00094
11235 0.00092
11250 0.00089
11265 0.00089
11280 0.00088
11295 0.00088
11310 0.00088
11325 0.00088
11340 0.00088
11355 0.00088
11370 0.00088
11385 0.00088
11400 0.00088
11415 0.00088
11430 0.00084
11445 0.00084
11460 0.00084
11475 0.00084
11490 0.00084
11505 0.00084
11520 0.00084
11535 0.00084
11550 0.00084
11565 0.00084
11580 0.00084
11595 0.00084
11610 0.00084
11625 0.00084
11640 0.00084
11655 0.00084
11670 0.00083
11685 0.00083
11700 0.00083
11715 0.00083
11730 0.00083
11745 0.00083
11760 0.00083
11775 0.00083
11790 0.00086
11805 0.00086
11820 0.00086
11835 0.00086
11850 0.00086
11865 0.00086
11880 0.00086
11895 0.00086
11910 0.00086
11925 0.00086
11940 0.00085
11955 0.00085
11970 0.00085
11985 0.00085
12000 0.00085
12015 0.00085
12030 0.00085
12045 0.00085
12060 0.00085
12075 0.00085
12090 0.00074
12105 0.00074
12120 0.00065
12135 0.00065
12150 0.00065
12165 0.00065
12180 0.00065
12195 0.00065
12210 0.00065
12225 0.00065
12240 0.00065
12255 0.00065
12270 0.00065
12285 0.00065
12300 0.00065
12315 0.00065
12330 0.00064
12345 0.00064
12360 0.00064
12375 0.00064
12390 0.00064
12405 0.00064
12420 0.00062
12435 0.00062
12450 0.00062
12465 0.00062
12480 0.00062
12495 0.00062
12510 0.00062
12525 0.00058
12540 0.00058
12555 0.00058
12570 0.00058
12585 0.00058
12600 0.00058
12615 0.00058
12630 0.00058
12645 0.00054
12660 0.00054
12675 0.00054
12690 0.00054
12705 0.00054
12720 0.00054
12735 0.00054
12750 0.00054
12765 0.00054
12780 0.00054
12795 0.00054
12810 0.00054
12825 0.00054
12840 0.00054
12855 0.00055
12870 0.00055
12885 0.00055
12900 0.00055
12915 0.00055
12930 0.00055
12945 0.00055
12960 0.00055
12975 0.00055
12990 0.00055
13005 0.00054
13020 0.00051
13035 0.00051
13050 0.0005
13065 0.0005
13080 0.0005
13095 0.0005
13110 0.0005
13125 0.0005
13140 0.0005
13155 0.0005
13170 0.0005
13185 0.0005
13200 0.0005
13215 0.0005
13230 0.0005
13245 0.0005
13260 0.00049
13275 0.00049
13290 0.0005
13305 0.0005
13320 0.0005
13335 0.0005
13350 0.0005
13365 0.0005
13380 0.0005
13395 0.0005
13410 0.0005
13425 0.0005
13440 0.0005
13455 0.0005
13470 0.0005
13485 0.0005
13500 0.0005
13515 0.0005
13530 0.0005
13545 0.0005
13560 0.0005
13575 0.00051
13590 0.00051
13605 0.00051
13620 0.00051
13635 0.00051
13650 0.00051
13665 0.0005
13680 0.0005
13695 0.0005
13710 0.0005
13725 0.0005
13740 0.0005
13755 0.0005
13770 0.0005
13785 0.0005
13800 0.0005
13815 0.0005
13830 0.0005
13845 0.0005
13860 0.0005
13875 0.0005
13890 0.0005
13905 0.0005
13920 0.0005
13935 0.00049
13950 0.00049
13965 0.00049
13980 0.00047
13995 0.00047
14010 0.00045
14025 0.00045
14040 0.00045
14055 0.00045
14070 0.00045
14085 0.00045
14100 0.00045
14115 0.00045
14130 0.00045
14145 0.00044
14160 0.00043
14175 0.00043
14190 0.00043
14205 0.00043
14220 0.00043
14235 0.00043
14250 0.00043
14265 0.00043
14280 0.00043
14295 0.00042
14310 0.00042
14325 0.00041
14340 0.00041
14355 0.00041
14370 0.00041
14385 0.00041
14400 0.00041
14415 0.00041
14430 0.00041
14445 0.00041
14460 0.00041
14475 0.00041
14490 0.00041
14505 0.00041
14520 0.00041
14535 0.00039
14550 0.00039
14565 0.00039
14580 0.00039
14595 0.00039
14610 0.00039
14625 0.00039
14640 0.00039
14655 0.00039
14670 0.00039
14685 0.00039
14700 0.00039
14715 0.00039
14730 0.00039
14745 0.00039
14760 0.00039
14775 0.00039
14790 0.00038
14805 0.00038
14820 0.00038
14835 0.00038
14850 0.00038
14865 0.00038
14880 0.00038
14895 0.00038
14910 0.00038
14925 0.00038
14940 0.00038
14955 0.00038
14970 0.00038
14985 0.00038
