0 4e-05
15 4.2e-05
30 4.2e-05
45 4.2e-05
60 4.2e-05
75 4.4e-05
90 4.6e-05
105 4.8e-05
120 4.8e-05
135 5.2e-05
150 5.4e-05
165 5.8e-05
180 5.8e-05
195 5.8e-05
210 6e-05
225 6e-05
240 6e-05
255 6e-05
270 6e-05
285 6e-05
300 6e-05
315 6e-05
330 6e-05
345 6e-05
360 6e-05
375 6e-05
390 6e-05
405 6e-05
420 6e-05
435 6e-05
450 6e-05
465 6e-05
480 6e-05
495 6e-05
510 6e-05
525 6.2e-05
540 6.4e-05
555 6.4e-05
570 6.4e-05
585 6.4e-05
600 6.4e-05
615 6.4e-05
630 6.4e-05
645 6.4e-05
660 6.4e-05
675 6.4e-05
690 6.4e-05
705 6.6e-05
720 6.6e-05
735 6.6e-05
750 6.6e-05
765 6.6e-05
780 6.6e-05
795 6.8e-05
810 7e-05
825 7e-05
840 7e-05
855 7e-05
870 7e-05
885 7.2e-05
900 7.4e-05
915 7.4e-05
930 7.4e-05
945 7.4e-05
960 7.4e-05
975 7.4e-05
990 7.4e-05
1005 7.6e-05
1020 7.6e-05
1035 7.8e-05
1050 7.8e-05
1065 8e-05
1080 8e-05
1095 8e-05
1110 8e-05
1125 8e-05
1140 8e-05
1155 8e-05
1170 8e-05
1185 8e-05
1200 8e-05
1215 8e-05
1230 8e-05
1245 8e-05
1260 8e-05
1275 8.2e-05
1290 8.2e-05
1305 8.2e-05
1320 8.2e-05
1335 8.4e-05
1350 8.6e-05
1365 8.6e-05
1380 8.6e-05
1395 8.6e-05
1410 8.8e-05
1425 8.8e-05
1440 8.8e-05
1455 8.8e-05
1470 8.8e-05
1485 9e-05
1500 9e-05
1515 9e-05
1530 9e-05
1545 9e-05
1560 9e-05
1575 9e-05
1590 9e-05
1605 9e-05
1620 9e-05
1635 9e-05
1650 9.6e-05
1665 9.6e-05
1680 0.0001
1695 0.0001
1710 0.0001
1725 0.0001
1740 0.0001
1755 0.000102
1770 0.000102
1785 0.000102
1800 0.000102
1815 0.000102
1830 0.000102
1845 0.000102
1860 0.000102
1875 0.000104
1890 0.000104
1905 0.000104
1920 0.000104
1935 0.000104
1950 0.000104
1965 0.000104
1980 0.000106
1995 0.00011
2010 0.00011
2025 0.00011
2040 0.00011
2055 0.00011
2070 0.00011
2085 0.00011
2100 0.00011
2115 0.00011
2130 0.00011
2145 0.00011
2160 0.00011
2175 0.00011
2190 0.00011
2205 0.00011
2220 0.00011
2235 0.00011
2250 0.00011
2265 0.00011
2280 0.00011
2295 0.00011
2310 0.00011
2325 0.00011
2340 0.000112
2355 0.000112
2370 0.000112
2385 0.000112
2400 0.000112
2415 0.000112
2430 0.000112
2445 0.000112
2460 0.000112
2475 0.000112
2490 0.000112
2505 0.000112
2520 0.000112
2535 0.000112
2550 0.000114
2565 0.000116
2580 0.000116
2595 0.000116
2610 0.000116
2625 0.000116
2640 0.000116
2655 0.000116
2670 0.000116
2685 0.000116
2700 0.000116
2715 0.000116
2730 0.000118
2745 0.00012
2760 0.00012
2775 0.00012
2790 0.00012
2805 0.000126
2820 0.000126
2835 0.000126
2850 0.000126
2865 0.000126
2880 0.000126
2895 0.000126
2910 0.000126
2925 0.000126
2940 0.000126
2955 0.000126
2970 0.000126
2985 0.000126
3000 0.000126
3015 0.000126
3030 0.000126
3045 0.000126
3060 0.000126
3075 0.000126
3090 0.000126
3105 0.000126
3120 0.000126
3135 0.000128
3150 0.000128
3165 0.00013
3180 0.00013
3195 0.00013
3210 0.00013
3225 0.00013
3240 0.00013
3255 0.00013
3270 0.00013
3285 0.000132
3300 0.000132
3315 0.000132
3330 0.000134
3345 0.000134
3360 0.000134
3375 0.000134
3390 0.000134
3405 0.000134
3420 0.000136
3435 0.000136
3450 0.000136
3465 0.000136
3480 0.000136
3495 0.000136
3510 0.000136
3525 0.000136
3540 0.000138
3555 0.000138
3570 0.000138
3585 0.00014
3600 0.00014
3615 0.00014
3630 0.00014
3645 0.00014
3660 0.00014
3675 0.00014
3690 0.00014
3705 0.00014
3720 0.00014
3735 0.00014
3750 0.00014
3765 0.00014
3780 0.00014
3795 0.00014
3810 0.00014
3825 0.00014
3840 0.00014
3855 0.000142
3870 0.000142
3885 0.000142
3900 0.000142
3915 0.000142
3930 0.000142
3945 0.000142
3960 0.000142
3975 0.000142
3990 0.000142
4005 0.000144
4020 0.000144
4035 0.000146
4050 0.000146
4065 0.000146
4080 0.000146
4095 0.000146
4110 0.000146
4125 0.000146
4140 0.000146
4155 0.000146
4170 0.000146
4185 0.000146
4200 0.000146
4215 0.000146
4230 0.000146
4245 0.000146
4260 0.000146
4275 0.000146
4290 0.000146
4305 0.000146
4320 0.000146
4335 0.000146
4350 0.000146
4365 0.000146
4380 0.000152
4395 0.000152
4410 0.000152
4425 0.000152
4440 0.000152
4455 0.000152
4470 0.000152
4485 0.000152
4500 0.000152
4515 0.000152
4530 0.000152
4545 0.000152
4560 0.000152
4575 0.000152
4590 0.000152
4605 0.000152
4620 0.000152
4635 0.000152
4650 0.000152
4665 0.000152
4680 0.000152
4695 0.000154
4710 0.000154
4725 0.000154
4740 0.000154
4755 0.000154
4770 0.000154
4785 0.000154
4800 0.000154
4815 0.000154
4830 0.000154
4845 0.000156
4860 0.000156
4875 0.000156
4890 0.000156
4905 0.000156
4920 0.000156
4935 0.000158
4950 0.000158
4965 0.000158
4980 0.000158
4995 0.000162
5010 0.000162
5025 0.000162
5040 0.000162
5055 0.00017
5070 0.00017
5085 0.00017
5100 0.00017
5115 0.00017
5130 0.00017
5145 0.00017
5160 0.00017
5175 0.00017
5190 0.00017
5205 0.00017
5220 0.00017
5235 0.00017
5250 0.00017
5265 0.00017
5280 0.00017
5295 0.00017
5310 0.00017
5325 0.00017
5340 0.000174
5355 0.000174
5370 0.000174
5385 0.000174
5400 0.000174
5415 0.000176
5430 0.000176
5445 0.000176
5460 0.000176
5475 0.000178
5490 0.000178
5505 0.000178
5520 0.000178
5535 0.000178
5550 0.000178
5565 0.000178
5580 0.000178
5595 0.000178
5610 0.000178
5625 0.000178
5640 0.000178
5655 0.000178
5670 0.000178
5685 0.000178
5700 0.000178
5715 0.000178
5730 0.000178
5745 0.000178
5760 0.000178
5775 0.000178
5790 0.000178
5805 0.000178
5820 0.00018
5835 0.00018
5850 0.00018
5865 0.00018
5880 0.00018
5895 0.00018
5910 0.00018
5925 0.000182
5940 0.000182
5955 0.000182
5970 0.000182
5985 0.000182
6000 0.000182
6015 0.000182
6030 0.000182
6045 0.000182
6060 0.000182
6075 0.000182
6090 0.000182
6105 0.000182
6120 0.000182
6135 0.000182
6150 0.000182
6165 0.000182
6180 0.000186
6195 0.000186
6210 0.000188
6225 0.000188
6240 0.000188
6255 0.000188
6270 0.000188
6285 0.000188
6300 0.000188
6315 0.000188
6330 0.000188
6345 0.00019
6360 0.00019
6375 0.00019
6390 0.000192
6405 0.000192
6420 0.000192
6435 0.000194
6450 0.000194
6465 0.000196
6480 0.000196
6495 0.000196
6510 0.000196
6525 0.0002
6540 0.0002
6555 0.000202
6570 0.000202
6585 0.000202
6600 0.000202
6615 0.000202
6630 0.000202
6645 0.000202
6660 0.000202
6675 0.000202
6690 0.000202
6705 0.000202
6720 0.000202
6735 0.000202
6750 0.000202
6765 0.000202
6780 0.000202
6795 0.000202
6810 0.000202
6825 0.000202
6840 0.000202
6855 0.000202
6870 0.000204
6885 0.000204
6900 0.000204
6915 0.000204
6930 0.000204
6945 0.000206
6960 0.000206
6975 0.000206
6990 0.000206
7005 0.000206
7020 0.000206
7035 0.000206
7050 0.000206
7065 0.000206
7080 0.000206
7095 0.000206
7110 0.000206
7125 0.000206
7140 0.000206
7155 0.000206
7170 0.000206
7185 0.000206
7200 0.000206
7215 0.000206
7230 0.000206
7245 0.000206
7260 0.000206
7275 0.000206
7290 0.000206
7305 0.000208
7320 0.000208
7335 0.000208
7350 0.00021
7365 0.00021
7380 0.00021
7395 0.00021
7410 0.00021
7425 0.00021
7440 0.00021
7455 0.00021
7470 0.00021
7485 0.00021
7500 0.00021
7515 0.00021
7530 0.00021
7545 0.00021
7560 0.00021
7575 0.00021
7590 0.00021
7605 0.00021
7620 0.00021
7635 0.000212
7650 0.000212
7665 0.000212
7680 0.000212
7695 0.000212
7710 0.000212
7725 0.000212
7740 0.000212
7755 0.000212
7770 0.000212
7785 0.000212
7800 0.000212
7815 0.000212
7830 0.000212
7845 0.000212
7860 0.000216
7875 0.000218
7890 0.000218
7905 0.000218
7920 0.00022
7935 0.000228
7950 0.000228
7965 0.000228
7980 0.000228
7995 0.000228
8010 0.000228
8025 0.000228
8040 0.000228
8055 0.000228
8070 0.000228
8085 0.000228
8100 0.000228
8115 0.000228
8130 0.000228
8145 0.000228
8160 0.000228
8175 0.000228
8190 0.000228
8205 0.000228
8220 0.000228
8235 0.000232
8250 0.000232
8265 0.000232
8280 0.000232
8295 0.000232
8310 0.000232
8325 0.000232
8340 0.000232
8355 0.000232
8370 0.000232
8385 0.000232
8400 0.000232
8415 0.000232
8430 0.000232
8445 0.000232
8460 0.000232
8475 0.000232
8490 0.000232
8505 0.000232
8520 0.000232
8535 0.000232
8550 0.000232
8565 0.000234
8580 0.000234
8595 0.000234
8610 0.000236
8625 0.00024
8640 0.00024
8655 0.00024
8670 0.00024
8685 0.00024
8700 0.00024
8715 0.00024
8730 0.00024
8745 0.00024
8760 0.000244
8775 0.000244
8790 0.000248
8805 0.000248
8820 0.00025
8835 0.00025
8850 0.00025
8865 0.00025
8880 0.000252
8895 0.000252
8910 0.000254
8925 0.000256
8940 0.000256
8955 0.000256
8970 0.000256
8985 0.000256
9000 0.000256
9015 0.000256
9030 0.000258
9045 0.000262
9060 0.000262
9075 0.000262
9090 0.000262
9105 0.000262
9120 0.00027
9135 0.00027
9150 0.00027
9165 0.00027
9180 0.00027
9195 0.000272
9210 0.000272
9225 0.000272
9240 0.00028
9255 0.000286
9270 0.000286
9285 0.000286
9300 0.000286
9315 0.000286
9330 0.000286
9345 0.00029
9360 0.00029
9375 0.00029
9390 0.00029
9405 0.00029
9420 0.000294
9435 0.000296
9450 0.000296
9465 0.000298
9480 0.000298
9495 0.000306
9510 0.000306
9525 0.000306
9540 0.000308
9555 0.000308
9570 0.000314
9585 0.000314
9600 0.000314
9615 0.000314
9630 0.000314
9645 0.000314
9660 0.000314
9675 0.000314
9690 0.000314
9705 0.000316
9720 0.000316
9735 0.000316
9750 0.000316
9765 0.000318
9780 0.000318
9795 0.000318
9810 0.000318
9825 0.000318
9840 0.000318
9855 0.000324
9870 0.000324
9885 0.000326
9900 0.000328
9915 0.000328
9930 0.000332
9945 0.000334
9960 0.000334
9975 0.000334
9990 0.00034
10005 0.00034
10020 0.00034
10035 0.00034
10050 0.00034
10065 0.000342
10080 0.000344
10095 0.000344
10110 0.000344
10125 0.000344
10140 0.000344
10155 0.000344
10170 0.000344
10185 0.000344
10200 0.000344
10215 0.000344
10230 0.000344
10245 0.000344
10260 0.000344
10275 0.000344
10290 0.000344
10305 0.000344
10320 0.000344
10335 0.000346
10350 0.000346
10365 0.000352
10380 0.000356
10395 0.000356
10410 0.000358
10425 0.00036
10440 0.00036
10455 0.00036
10470 0.00036
10485 0.00036
10500 0.000368
10515 0.000368
10530 0.000372
10545 0.000372
10560 0.000372
10575 0.000372
10590 0.000372
10605 0.000372
10620 0.000376
10635 0.000376
10650 0.000384
10665 0.0004
10680 0.0004
10695 0.0004
10710 0.0004
10725 0.0004
10740 0.0004
10755 0.0004
10770 0.0004
10785 0.0004
10800 0.0004
10815 0.0004
10830 0.0004
10845 0.0004
10860 0.0004
10875 0.0004
10890 0.0004
10905 0.0004
10920 0.0004
10935 0.0004
10950 0.0004
10965 0.0004
10980 0.0004
10995 0.0004
11010 0.0004
11025 0.0004
11040 0.0004
11055 0.0004
11070 0.0004
11085 0.0004
11100 0.0004
11115 0.000406
11130 0.000406
11145 0.000406
11160 0.000406
11175 0.000406
11190 0.000406
11205 0.000412
11220 0.000412
11235 0.000412
11250 0.000412
11265 0.000416
11280 0.000416
11295 0.000416
11310 0.000416
11325 0.000416
11340 0.000416
11355 0.000416
11370 0.000416
11385 0.000416
11400 0.000416
11415 0.000416
11430 0.000416
11445 0.000416
11460 0.000416
11475 0.000416
11490 0.000416
11505 0.000416
11520 0.000416
11535 0.000416
11550 0.000416
11565 0.000418
11580 0.000418
11595 0.000418
11610 0.000418
11625 0.000418
11640 0.000418
11655 0.000418
11670 0.000418
11685 0.000424
11700 0.000424
11715 0.000426
11730 0.000426
11745 0.000426
11760 0.000426
11775 0.000426
11790 0.000428
11805 0.000428
11820 0.000428
11835 0.000428
11850 0.000428
11865 0.000428
11880 0.000428
11895 0.000428
11910 0.000428
11925 0.000428
11940 0.000428
11955 0.000428
11970 0.000428
11985 0.000428
12000 0.000428
12015 0.000428
12030 0.000428
12045 0.000428
12060 0.000428
12075 0.000428
12090 0.000428
12105 0.000428
12120 0.000428
12135 0.000428
12150 0.000428
12165 0.000428
12180 0.000432
12195 0.000432
12210 0.000432
12225 0.000432
12240 0.000436
12255 0.00044
12270 0.00044
12285 0.000444
12300 0.000448
12315 0.00045
12330 0.00045
12345 0.00045
12360 0.00045
12375 0.00045
12390 0.00045
12405 0.00045
12420 0.00045
12435 0.00045
12450 0.00045
12465 0.00045
12480 0.000452
12495 0.000452
12510 0.000452
12525 0.000452
12540 0.000452
12555 0.000454
12570 0.000454
12585 0.000454
12600 0.000454
12615 0.000454
12630 0.000454
12645 0.000454
12660 0.000454
12675 0.000456
12690 0.000456
12705 0.000456
12720 0.00046
12735 0.00046
12750 0.000462
12765 0.000462
12780 0.000462
12795 0.000464
12810 0.000464
12825 0.000488
12840 0.000488
12855 0.000488
12870 0.000488
12885 0.00049
12900 0.00049
12915 0.00049
12930 0.00049
12945 0.00049
12960 0.00049
12975 0.00049
12990 0.00049
13005 0.00049
13020 0.00049
13035 0.000492
13050 0.000492
13065 0.000492
13080 0.000492
13095 0.000492
13110 0.000492
13125 0.000492
13140 0.000492
13155 0.000502
13170 0.000502
13185 0.000502
13200 0.000502
13215 0.000526
13230 0.000548
13245 0.00055
13260 0.00055
13275 0.00055
13290 0.00055
13305 0.000556
13320 0.00056
13335 0.00056
13350 0.000566
13365 0.000578
13380 0.000582
13395 0.000586
13410 0.000586
13425 0.000586
13440 0.000586
13455 0.000596
13470 0.000596
13485 0.000604
13500 0.000604
13515 0.000604
13530 0.000606
13545 0.000608
13560 0.000608
13575 0.000608
13590 0.000608
13605 0.000608
13620 0.000608
13635 0.000622
13650 0.000622
13665 0.000622
13680 0.000622
13695 0.000622
13710 0.000622
13725 0.000622
13740 0.000622
13755 0.000622
13770 0.000622
13785 0.000634
13800 0.00065
13815 0.00065
13830 0.00065
13845 0.00065
13860 0.00065
13875 0.00065
13890 0.00065
13905 0.00065
13920 0.00065
13935 0.00065
13950 0.000662
13965 0.00067
13980 0.00067
13995 0.00067
14010 0.000672
14025 0.000672
14040 0.000672
14055 0.000672
14070 0.000672
14085 0.00068
14100 0.00068
14115 0.00068
14130 0.00068
14145 0.00068
14160 0.00068
14175 0.00068
14190 0.00068
14205 0.00068
14220 0.00068
14235 0.00068
14250 0.00068
14265 0.00068
14280 0.000688
14295 0.000688
14310 0.000688
14325 0.000688
14340 0.000688
14355 0.000688
14370 0.000698
14385 0.000698
14400 0.000698
14415 0.000698
14430 0.000698
14445 0.0007
14460 0.0007
14475 0.000702
14490 0.000702
14505 0.000702
14520 0.000702
14535 0.000702
14550 0.000712
14565 0.000712
14580 0.000712
14595 0.000714
14610 0.000714
14625 0.000714
14640 0.000714
14655 0.000714
14670 0.000714
14685 0.00072
14700 0.00072
14715 0.00072
14730 0.000724
14745 0.000724
14760 0.000724
14775 0.000724
14790 0.000724
14805 0.000724
14820 0.000724
14835 0.000724
14850 0.000724
14865 0.000724
14880 0.000724
14895 0.000724
14910 0.000724
14925 0.000724
14940 0.000724
14955 0.000724
14970 0.000724
14985 0.000724
15000 0.000726
15015 0.000726
15030 0.000726
15045 0.000726
15060 0.000726
15075 0.000726
15090 0.000726
15105 0.000726
15120 0.000726
15135 0.000742
15150 0.000742
15165 0.000742
15180 0.000742
15195 0.000742
15210 0.000742
15225 0.000742
15240 0.000748
15255 0.000748
15270 0.00075
15285 0.00075
15300 0.000752
15315 0.000752
15330 0.000752
15345 0.000752
15360 0.000752
15375 0.000752
15390 0.000754
15405 0.000756
15420 0.000756
15435 0.00076
15450 0.00076
15465 0.000778
15480 0.00078
15495 0.00078
15510 0.00078
15525 0.000782
15540 0.000782
15555 0.000792
15570 0.000798
15585 0.000798
15600 0.000798
15615 0.000798
15630 0.000798
15645 0.000798
15660 0.000806
15675 0.000806
15690 0.000808
15705 0.000808
15720 0.000812
15735 0.000812
15750 0.000812
15765 0.000812
15780 0.000812
15795 0.000816
15810 0.00082
15825 0.00082
15840 0.00082
15855 0.00082
15870 0.00082
15885 0.00082
15900 0.000828
15915 0.000828
15930 0.000828
15945 0.000828
15960 0.000828
15975 0.000828
15990 0.000828
16005 0.000828
16020 0.000836
16035 0.000836
16050 0.000838
16065 0.000838
16080 0.000838
16095 0.000844
16110 0.000852
16125 0.00086
16140 0.00086
16155 0.00086
16170 0.00086
16185 0.00086
16200 0.00086
16215 0.000862
16230 0.000862
16245 0.000862
16260 0.000862
16275 0.000868
16290 0.000868
16305 0.00087
16320 0.00087
16335 0.00087
16350 0.00087
16365 0.00087
16380 0.00087
16395 0.00087
16410 0.000872
16425 0.000872
16440 0.000872
16455 0.000872
16470 0.000872
16485 0.000882
16500 0.000882
16515 0.000882
16530 0.000882
16545 0.000898
16560 0.000898
16575 0.0009
16590 0.0009
16605 0.0009
16620 0.0009
16635 0.000902
16650 0.000916
16665 0.000916
16680 0.000916
16695 0.000926
16710 0.000928
16725 0.000928
16740 0.00093
16755 0.00093
16770 0.00093
16785 0.00093
16800 0.000932
16815 0.000932
16830 0.000932
16845 0.000932
16860 0.000932
16875 0.000932
16890 0.000934
16905 0.000946
16920 0.000946
16935 0.000948
16950 0.000958
16965 0.000958
16980 0.000958
16995 0.000958
17010 0.000958
17025 0.000958
17040 0.000958
17055 0.000958
17070 0.000958
17085 0.000958
17100 0.000958
17115 0.000958
17130 0.000958
17145 0.000958
17160 0.000958
17175 0.000958
17190 0.000958
17205 0.00096
17220 0.000962
17235 0.00099
17250 0.000992
17265 0.000992
17280 0.000992
17295 0.000992
17310 0.000998
17325 0.00102
17340 0.00102
17355 0.00102
17370 0.001024
17385 0.001024
17400 0.001024
17415 0.001024
17430 0.001028
17445 0.001028
17460 0.001036
17475 0.00105
17490 0.001052
17505 0.001052
17520 0.001054
17535 0.001056
17550 0.001056
17565 0.001062
17580 0.001064
17595 0.001068
17610 0.001068
17625 0.001068
17640 0.00107
17655 0.001096
17670 0.001102
17685 0.001102
17700 0.00112
17715 0.00112
17730 0.001134
17745 0.001134
17760 0.001142
17775 0.001172
17790 0.001172
17805 0.001196
17820 0.001198
17835 0.001198
17850 0.001208
17865 0.00121
17880 0.001212
17895 0.001214
17910 0.001214
17925 0.001214
17940 0.001218
17955 0.001234
17970 0.001234
17985 0.001234
18000 0.001234
18015 0.001234
18030 0.001236
18045 0.00124
18060 0.001242
18075 0.001242
18090 0.001244
18105 0.001244
18120 0.001244
18135 0.001244
18150 0.001244
18165 0.001244
18180 0.001244
18195 0.001248
18210 0.001256
18225 0.001256
18240 0.001258
18255 0.001258
18270 0.00127
18285 0.00127
18300 0.001316
18315 0.001318
18330 0.001318
18345 0.00132
18360 0.001328
18375 0.00133
18390 0.00133
18405 0.00133
18420 0.00147
18435 0.00147
18450 0.001482
18465 0.001486
18480 0.001492
18495 0.001494
18510 0.001512
18525 0.001512
18540 0.001512
18555 0.001512
18570 0.001516
18585 0.001516
18600 0.001516
18615 0.001544
18630 0.001544
18645 0.001566
18660 0.00157
18675 0.001582
18690 0.001582
18705 0.001586
18720 0.00159
18735 0.001592
18750 0.001592
18765 0.001628
18780 0.001632
18795 0.001632
18810 0.001632
18825 0.001634
18840 0.001634
18855 0.001642
18870 0.001644
18885 0.001644
18900 0.001644
18915 0.001644
18930 0.001648
18945 0.001648
18960 0.001658
18975 0.001658
18990 0.001668
19005 0.001694
19020 0.001706
19035 0.001706
19050 0.001706
19065 0.001706
19080 0.001706
19095 0.001706
19110 0.001706
19125 0.001742
19140 0.001742
19155 0.001752
19170 0.001752
19185 0.001776
19200 0.00178
19215 0.001888
19230 0.001892
19245 0.001892
19260 0.001906
19275 0.00191
19290 0.001942
19305 0.001986
19320 0.00199
19335 0.002002
19350 0.002002
19365 0.002004
19380 0.002006
19395 0.002006
19410 0.002006
19425 0.00201
19440 0.00202
19455 0.00202
19470 0.002026
19485 0.002026
19500 0.002026
19515 0.002046
19530 0.002046
19545 0.002046
19560 0.002046
19575 0.002048
19590 0.002048
19605 0.002048
19620 0.00205
19635 0.002056
19650 0.002056
19665 0.002056
19680 0.002064
19695 0.002068
19710 0.002074
19725 0.002074
19740 0.002076
19755 0.002092
19770 0.002106
19785 0.002106
19800 0.002122
19815 0.002126
19830 0.002126
19845 0.002126
19860 0.002126
19875 0.002138
19890 0.002152
19905 0.002152
19920 0.002166
19935 0.002168
19950 0.002184
19965 0.002184
19980 0.002184
19995 0.002184
20010 0.002184
20025 0.002186
20040 0.002188
20055 0.002188
20070 0.002274
20085 0.002276
20100 0.00229
20115 0.00229
20130 0.00229
20145 0.002298
20160 0.002298
20175 0.002304
20190 0.002306
20205 0.002306
20220 0.002322
20235 0.002324
20250 0.002334
20265 0.002334
20280 0.002334
20295 0.002334
20310 0.002334
20325 0.002338
20340 0.002338
20355 0.00234
20370 0.002342
20385 0.002342
20400 0.002342
20415 0.002344
20430 0.002344
20445 0.00238
20460 0.00238
20475 0.002434
20490 0.002436
20505 0.002446
20520 0.002454
20535 0.002468
20550 0.002468
20565 0.002516
20580 0.00252
20595 0.00252
20610 0.002524
20625 0.002532
20640 0.002544
20655 0.002568
20670 0.002568
20685 0.00258
20700 0.00259
20715 0.002594
20730 0.002594
20745 0.002622
20760 0.002622
20775 0.002622
20790 0.00263
20805 0.002662
20820 0.002668
20835 0.00267
20850 0.002672
20865 0.002676
20880 0.002676
20895 0.00271
20910 0.00278
20925 0.002786
20940 0.002832
20955 0.002888
20970 0.002908
20985 0.00291
21000 0.002918
21015 0.002918
21030 0.002918
21045 0.002918
21060 0.002918
21075 0.002922
21090 0.002924
21105 0.002924
21120 0.002924
21135 0.002924
21150 0.002936
21165 0.002936
21180 0.002968
21195 0.002968
21210 0.002968
21225 0.002968
21240 0.002994
21255 0.003006
21270 0.003008
21285 0.00304
21300 0.003104
21315 0.003104
21330 0.003136
21345 0.003156
21360 0.003158
21375 0.003162
21390 0.003164
21405 0.003174
21420 0.003188
21435 0.003212
21450 0.003236
21465 0.003366
21480 0.00353
21495 0.003532
21510 0.003536
21525 0.003566
21540 0.003596
21555 0.003596
21570 0.0036
21585 0.0036
21600 0.003648
21615 0.00365
21630 0.003696
21645 0.003696
21660 0.003702
21675 0.00371
21690 0.00371
21705 0.00371
21720 0.003724
21735 0.003726
21750 0.003726
21765 0.003726
21780 0.003764
21795 0.003764
21810 0.003782
21825 0.003864
21840 0.003888
21855 0.003892
21870 0.00391
21885 0.003922
21900 0.003922
21915 0.003924
21930 0.003924
21945 0.00395
21960 0.003952
21975 0.003968
21990 0.003968
22005 0.003998
22020 0.00402
22035 0.00402
22050 0.004126
22065 0.004126
22080 0.004418
22095 0.004428
22110 0.004448
22125 0.004466
22140 0.004496
22155 0.004506
22170 0.004508
22185 0.004522
22200 0.004542
22215 0.004542
22230 0.004566
22245 0.004568
22260 0.00458
22275 0.00458
22290 0.004592
22305 0.004592
22320 0.004596
22335 0.004604
22350 0.004608
22365 0.004608
22380 0.004626
22395 0.004628
22410 0.00463
22425 0.004662
22440 0.004706
22455 0.004718
22470 0.00472
22485 0.004722
22500 0.004734
22515 0.004734
22530 0.004734
22545 0.004744
22560 0.00475
22575 0.004754
22590 0.004754
22605 0.004774
22620 0.004778
22635 0.004952
22650 0.004998
22665 0.005
22680 0.00501
22695 0.005032
22710 0.005032
22725 0.005048
22740 0.005264
22755 0.005264
22770 0.005272
22785 0.005272
22800 0.005416
22815 0.00553
22830 0.005624
22845 0.005722
22860 0.005724
22875 0.00579
22890 0.005812
22905 0.005824
22920 0.005828
22935 0.005832
22950 0.006052
22965 0.006052
22980 0.006064
22995 0.00614
23010 0.006168
23025 0.006184
23040 0.00622
23055 0.006288
23070 0.006448
23085 0.006454
23100 0.006458
23115 0.006598
23130 0.006612
23145 0.00662
23160 0.006702
23175 0.006898
23190 0.006898
23205 0.007016
23220 0.007318
23235 0.007322
23250 0.007394
23265 0.007444
23280 0.007448
23295 0.007634
23310 0.007646
23325 0.008024
23340 0.008032
23355 0.008044
23370 0.008092
23385 0.008106
23400 0.008586
23415 0.008588
23430 0.008592
23445 0.008622
23460 0.008708
23475 0.008726
23490 0.008742
23505 0.00875
23520 0.008764
23535 0.008812
23550 0.008862
23565 0.008878
23580 0.00888
23595 0.00889
23610 0.008912
23625 0.008976
23640 0.008988
23655 0.008992
23670 0.008994
23685 0.009
23700 0.009022
23715 0.009028
23730 0.009036
23745 0.009052
23760 0.00918
23775 0.009182
23790 0.009442
23805 0.009464
23820 0.009482
23835 0.00956
23850 0.00958
23865 0.009584
23880 0.009586
23895 0.009586
23910 0.009762
23925 0.009822
23940 0.009878
23955 0.009914
23970 0.00998
23985 0.010042
24000 0.010106
24015 0.010126
24030 0.010144
24045 0.010256
24060 0.010272
24075 0.010284
24090 0.010294
24105 0.010338
24120 0.010362
24135 0.010366
24150 0.01038
24165 0.010388
24180 0.010432
24195 0.010786
24210 0.010792
24225 0.01125
24240 0.011262
24255 0.011268
24270 0.011372
24285 0.011382
24300 0.011524
24315 0.011666
24330 0.011692
24345 0.0117
24360 0.011852
24375 0.012074
24390 0.012082
24405 0.012566
24420 0.01264
24435 0.012806
24450 0.013154
24465 0.01324
24480 0.013246
24495 0.014208
24510 0.014238
24525 0.014244
24540 0.014312
24555 0.01433
24570 0.01447
24585 0.014672
24600 0.014672
24615 0.014798
24630 0.01482
24645 0.014934
24660 0.014958
24675 0.014992
24690 0.015142
24705 0.017252
24720 0.017264
24735 0.017374
24750 0.017402
24765 0.017544
24780 0.0178
24795 0.017822
24810 0.017874
24825 0.019096
24840 0.019108
24855 0.019592
24870 0.01989
24885 0.020256
24900 0.020446
24915 0.020494
24930 0.020634
24945 0.020708
24960 0.020772
24975 0.02128
24990 0.02133
25005 0.02312
25020 0.02348
25035 0.02359
25050 0.02363
25065 0.023656
25080 0.02396
25095 0.024258
25110 0.02541
25125 0.02616
25140 0.026704
25155 0.027646
25170 0.027706
25185 0.02777
25200 0.027816
25215 0.027844
25230 0.027886
25245 0.027948
25260 0.028442
25275 0.028952
25290 0.029216
25305 0.029324
25320 0.029346
25335 0.0301
25350 0.030226
25365 0.030398
25380 0.030574
25395 0.032602
25410 0.034868
25425 0.034882
25440 0.036082
25455 0.03687
25470 0.03698
25485 0.03729
25500 0.037434
25515 0.037664
25530 0.037712
25545 0.038666
25560 0.039
25575 0.039356
25590 0.039562
25605 0.040038
25620 0.04033
25635 0.041664
25650 0.044508
25665 0.044944
25680 0.046058
25695 0.046548
25710 0.046802
25725 0.04693
25740 0.047192
25755 0.047654
25770 0.04793
25785 0.048004
25800 0.049196
25815 0.049716
25830 0.053212
25845 0.053712
25860 0.054108
25875 0.05465
25890 0.055456
25905 0.055718
25920 0.056658
25935 0.056906
25950 0.059712
25965 0.059952
25980 0.060554
25995 0.061276
26010 0.061778
26025 0.062986
26040 0.06354
26055 0.064428
26070 0.069054
26085 0.072964
26100 0.07345
26115 0.074186
26130 0.07457
26145 0.075362
26160 0.075744
26175 0.077006
26190 0.077314
26205 0.077696
26220 0.080424
26235 0.08072
26250 0.082666
26265 0.083284
26280 0.084074
26295 0.085192
26310 0.08606
26325 0.08634
26340 0.087246
26355 0.087536
26370 0.089358
26385 0.089934
26400 0.09047
26415 0.090826
26430 0.091212
26445 0.09173
26460 0.091966
26475 0.092598
26490 0.093346
26505 0.093946
26520 0.095684
26535 0.096042
26550 0.098414
26565 0.098836
26580 0.099256
26595 0.099564
26610 0.101082
26625 0.101196
26640 0.103162
26655 0.103516
26670 0.104024
26685 0.106554
26700 0.107504
26715 0.10878
26730 0.110462
26745 0.11146
26760 0.112272
26775 0.112654
26790 0.113426
26805 0.113788
26820 0.114752
26835 0.116654
26850 0.117338
26865 0.122198
26880 0.12369
26895 0.124556
26910 0.125842
26925 0.126916
26940 0.127968
26955 0.13278
26970 0.133968
26985 0.134784
27000 0.137766
27015 0.138578
27030 0.13917
27045 0.140964
27060 0.141348
27075 0.142412
27090 0.144572
27105 0.1459
27120 0.14669
27135 0.147612
27150 0.1491
27165 0.15015
27180 0.152496
27195 0.153434
27210 0.153976
27225 0.154854
27240 0.1556
27255 0.15714
27270 0.15784
27285 0.159092
27300 0.159542
27315 0.160906
27330 0.16165
27345 0.16204
27360 0.164702
27375 0.165542
27390 0.166442
27405 0.167072
27420 0.168572
27435 0.170382
27450 0.170674
27465 0.17223
27480 0.173182
27495 0.17369
27510 0.174744
27525 0.176278
27540 0.177578
27555 0.179188
27570 0.180594
27585 0.181562
27600 0.183022
27615 0.183594
27630 0.185008
27645 0.186432
27660 0.187298
27675 0.188088
27690 0.188888
27705 0.190128
27720 0.191252
27735 0.19264
27750 0.19476
27765 0.195768
27780 0.196982
27795 0.197792
27810 0.197968
27825 0.198638
27840 0.199676
27855 0.200684
27870 0.201272
27885 0.201812
27900 0.202436
27915 0.20306
27930 0.20362
27945 0.204384
27960 0.2051
27975 0.205624
27990 0.206172
28005 0.208146
28020 0.208804
28035 0.209202
28050 0.211462
28065 0.212642
28080 0.213772
28095 0.215012
28110 0.21577
28125 0.216606
28140 0.219204
28155 0.219954
28170 0.221094
28185 0.22204
28200 0.222794
28215 0.223666
28230 0.224024
28245 0.224492
28260 0.225898
28275 0.226798
28290 0.227792
28305 0.228344
28320 0.228774
28335 0.22941
28350 0.230328
28365 0.230894
28380 0.231554
28395 0.232716
28410 0.233554
28425 0.234372
28440 0.235004
28455 0.235814
28470 0.236206
28485 0.236856
28500 0.238048
28515 0.238506
28530 0.239248
28545 0.240052
28560 0.241196
28575 0.24203
28590 0.24279
28605 0.24396
28620 0.244998
28635 0.245868
28650 0.2464
28665 0.247272
28680 0.248286
28695 0.248938
28710 0.249632
28725 0.250198
28740 0.251154
28755 0.25192
28770 0.252824
28785 0.253602
28800 0.254292
28815 0.255226
28830 0.256478
28845 0.257182
28860 0.257834
28875 0.258196
28890 0.259188
28905 0.260134
28920 0.2607
28935 0.261124
28950 0.261746
28965 0.262436
28980 0.26302
28995 0.264166
29010 0.265454
29025 0.266838
29040 0.267498
29055 0.268398
29070 0.26946
29085 0.270002
29100 0.270776
29115 0.27223
29130 0.273278
29145 0.273906
29160 0.274898
29175 0.275432
29190 0.276422
29205 0.277126
29220 0.277918
29235 0.27883
29250 0.279866
29265 0.28081
29280 0.281132
29295 0.281808
29310 0.282532
29325 0.282996
29340 0.284274
29355 0.284896
29370 0.285316
29385 0.28613
29400 0.286694
29415 0.287336
29430 0.288204
29445 0.28952
29460 0.290424
29475 0.291156
29490 0.292022
29505 0.292966
29520 0.293824
29535 0.294754
29550 0.295316
29565 0.295964
29580 0.296766
29595 0.296996
29610 0.297872
29625 0.298694
29640 0.29929
29655 0.300644
29670 0.301752
29685 0.302354
29700 0.303258
29715 0.303852
29730 0.304622
29745 0.305316
29760 0.305874
29775 0.306172
29790 0.307326
29805 0.308064
29820 0.308796
29835 0.309306
29850 0.310144
29865 0.31065
29880 0.311136
29895 0.311902
29910 0.312718
29925 0.313402
29940 0.314026
29955 0.314568
29970 0.315196
29985 0.316308
30000 0.31678
30015 0.317226
30030 0.318118
30045 0.318612
30060 0.319424
30075 0.320144
30090 0.32061
30105 0.32123
30120 0.321766
30135 0.32221
30150 0.323146
30165 0.323682
30180 0.324042
30195 0.324978
30210 0.32543
30225 0.326172
30240 0.326724
30255 0.32735
30270 0.328102
30285 0.328778
30300 0.329314
30315 0.329754
30330 0.33033
30345 0.33117
30360 0.332072
30375 0.332598
30390 0.333374
30405 0.334456
30420 0.334994
30435 0.335672
30450 0.336562
30465 0.337086
30480 0.337786
30495 0.338492
30510 0.3392
30525 0.339914
30540 0.34074
30555 0.341612
30570 0.342052
30585 0.342642
30600 0.343436
30615 0.344116
30630 0.344814
30645 0.345456
30660 0.345974
30675 0.346506
30690 0.347472
30705 0.348326
30720 0.349064
30735 0.350044
30750 0.350948
30765 0.351386
30780 0.352018
30795 0.35298
30810 0.353706
30825 0.354572
30840 0.35516
30855 0.355662
30870 0.356554
30885 0.357086
30900 0.357622
30915 0.358174
30930 0.35901
30945 0.359554
30960 0.360198
30975 0.360982
30990 0.361588
31005 0.362042
31020 0.363026
31035 0.363816
31050 0.364582
31065 0.36514
31080 0.365698
31095 0.366222
31110 0.366588
31125 0.367124
31140 0.367678
31155 0.368358
31170 0.369062
31185 0.369566
31200 0.370144
31215 0.371138
31230 0.37191
31245 0.372462
31260 0.37303
31275 0.373494
31290 0.374058
31305 0.37451
31320 0.375138
31335 0.376078
31350 0.37699
31365 0.37762
31380 0.378214
31395 0.378796
31410 0.3794
31425 0.380158
31440 0.380846
31455 0.382066
31470 0.382848
31485 0.383506
31500 0.38397
31515 0.384576
31530 0.385354
31545 0.385952
31560 0.386556
31575 0.387188
31590 0.387704
31605 0.388354
31620 0.388816
31635 0.389402
31650 0.390024
31665 0.39078
31680 0.391302
31695 0.391926
31710 0.392658
31725 0.393138
31740 0.393722
31755 0.394168
31770 0.395022
31785 0.395654
31800 0.396406
31815 0.396892
31830 0.397342
31845 0.398094
31860 0.398802
31875 0.399358
31890 0.400066
31905 0.40066
31920 0.401354
31935 0.401988
31950 0.40271
31965 0.403242
31980 0.404028
31995 0.404616
32010 0.405196
32025 0.40578
32040 0.406436
32055 0.407056
32070 0.407748
32085 0.408356
32100 0.408786
32115 0.40952
32130 0.410278
32145 0.410718
32160 0.411158
32175 0.411688
32190 0.412378
32205 0.413118
32220 0.41365
32235 0.414062
32250 0.41464
32265 0.415184
32280 0.415644
32295 0.416662
32310 0.417202
32325 0.417962
32340 0.418524
32355 0.41915
32370 0.419648
32385 0.419998
32400 0.420564
32415 0.421236
32430 0.421914
32445 0.42231
32460 0.422856
32475 0.423272
32490 0.423796
32505 0.424306
32520 0.424838
32535 0.425504
32550 0.426026
32565 0.426798
32580 0.427574
32595 0.428114
32610 0.428542
32625 0.42892
32640 0.429424
32655 0.430172
32670 0.43063
32685 0.431156
32700 0.431744
32715 0.432228
32730 0.43271
32745 0.43339
32760 0.433978
32775 0.434598
32790 0.434972
32805 0.43552
32820 0.436118
32835 0.436408
32850 0.437162
32865 0.437722
32880 0.438366
32895 0.43894
32910 0.439562
32925 0.439988
32940 0.440534
32955 0.441274
32970 0.441794
32985 0.44216
33000 0.442638
33015 0.443082
33030 0.443866
33045 0.444518
33060 0.445078
33075 0.445628
33090 0.446232
33105 0.446794
33120 0.447398
33135 0.447732
33150 0.448252
33165 0.448792
33180 0.44938
33195 0.449932
33210 0.450518
33225 0.451206
33240 0.451642
33255 0.45223
33270 0.452884
33285 0.453578
33300 0.454198
33315 0.454586
33330 0.45511
33345 0.45551
33360 0.455994
33375 0.456428
33390 0.456964
33405 0.457616
33420 0.458204
33435 0.458692
33450 0.459066
33465 0.459822
33480 0.460538
33495 0.461176
33510 0.46166
33525 0.462132
33540 0.462554
33555 0.46319
33570 0.463648
33585 0.464314
33600 0.464656
33615 0.465294
33630 0.466006
33645 0.466592
33660 0.467204
33675 0.467768
33690 0.46826
33705 0.468824
33720 0.469366
33735 0.469758
33750 0.47067
33765 0.471196
33780 0.471738
33795 0.472336
33810 0.47285
33825 0.473422
33840 0.473818
33855 0.474378
33870 0.47484
33885 0.475488
33900 0.475902
33915 0.476408
33930 0.476954
33945 0.477586
33960 0.478114
33975 0.478486
33990 0.478966
34005 0.479366
34020 0.479744
34035 0.480172
34050 0.480676
34065 0.481394
34080 0.481914
34095 0.482474
34110 0.482896
34125 0.483316
34140 0.48377
34155 0.484132
34170 0.484614
34185 0.485128
34200 0.485466
34215 0.486268
34230 0.486668
34245 0.487
34260 0.487712
34275 0.488256
34290 0.488518
34305 0.489112
34320 0.489658
34335 0.490182
34350 0.490542
34365 0.49108
34380 0.491642
34395 0.492104
34410 0.492464
34425 0.492782
34440 0.493112
34455 0.493674
34470 0.494054
34485 0.494466
34500 0.494954
34515 0.495474
34530 0.495992
34545 0.49634
34560 0.496788
34575 0.49727
34590 0.497622
34605 0.498036
34620 0.498668
34635 0.499112
34650 0.499566
34665 0.499924
34680 0.500438
34695 0.500822
34710 0.501432
34725 0.502044
34740 0.502414
34755 0.502852
34770 0.503188
34785 0.503838
34800 0.504372
34815 0.504862
34830 0.50523
34845 0.505624
34860 0.50623
34875 0.506728
34890 0.50714
34905 0.507556
34920 0.507952
34935 0.508442
34950 0.508904
34965 0.509362
34980 0.509826
34995 0.51028
35010 0.510692
35025 0.511106
35040 0.511572
35055 0.511998
35070 0.512408
35085 0.51294
35100 0.513406
35115 0.513838
35130 0.514436
35145 0.514828
35160 0.51534
35175 0.515756
35190 0.516236
35205 0.516588
35220 0.517166
35235 0.517638
35250 0.518002
35265 0.518512
35280 0.518998
35295 0.519516
35310 0.519994
35325 0.52036
35340 0.520774
35355 0.52117
35370 0.521634
35385 0.522164
35400 0.522564
35415 0.523008
35430 0.52339
35445 0.523752
35460 0.524302
35475 0.5247
35490 0.525076
35505 0.525502
35520 0.525816
35535 0.526302
35550 0.526802
35565 0.527226
35580 0.527604
35595 0.528158
35610 0.528596
35625 0.529188
35640 0.529636
35655 0.530128
35670 0.53062
35685 0.531088
35700 0.531424
35715 0.531922
35730 0.532542
35745 0.533034
35760 0.533576
35775 0.53393
35790 0.534284
35805 0.534792
35820 0.535302
35835 0.535702
35850 0.536196
35865 0.53668
35880 0.537246
35895 0.53757
35910 0.538072
35925 0.53859
35940 0.538964
35955 0.53937
35970 0.539816
35985 0.540112
36000 0.540578
36015 0.540926
36030 0.541298
36045 0.541922
36060 0.54243
36075 0.542852
36090 0.54323
36105 0.543668
36120 0.544062
36135 0.544476
36150 0.545
36165 0.545326
36180 0.545826
36195 0.546338
36210 0.546832
36225 0.547286
36240 0.547732
36255 0.548024
36270 0.54849
36285 0.548902
36300 0.549352
36315 0.549774
36330 0.55016
36345 0.550584
36360 0.550938
36375 0.551504
36390 0.551898
36405 0.55225
36420 0.552544
36435 0.55297
36450 0.55334
36465 0.553688
36480 0.554136
36495 0.554568
36510 0.554978
36525 0.555266
36540 0.555676
36555 0.55611
36570 0.556626
36585 0.557056
36600 0.557458
36615 0.557788
36630 0.558308
36645 0.5587
36660 0.559164
36675 0.559678
36690 0.560172
36705 0.56058
36720 0.561094
36735 0.561504
36750 0.561924
36765 0.56239
36780 0.562764
36795 0.563276
36810 0.563712
36825 0.56404
36840 0.564338
36855 0.564698
36870 0.565046
36885 0.565524
36900 0.565816
36915 0.566256
36930 0.566718
36945 0.566986
36960 0.567478
36975 0.567882
36990 0.568282
37005 0.568704
37020 0.569148
37035 0.569658
37050 0.569982
37065 0.570538
37080 0.570944
37095 0.571312
37110 0.571746
37125 0.57215
37140 0.572632
37155 0.572998
37170 0.573516
37185 0.573796
37200 0.57425
37215 0.57459
37230 0.575124
37245 0.575534
37260 0.575832
37275 0.576226
37290 0.576588
37305 0.577032
37320 0.577366
37335 0.577898
37350 0.578318
37365 0.578822
37380 0.579196
37395 0.579512
37410 0.579826
37425 0.580264
37440 0.580722
37455 0.581142
37470 0.581466
37485 0.58184
37500 0.58222
37515 0.582612
37530 0.583036
37545 0.583432
37560 0.583808
37575 0.58421
37590 0.584478
37605 0.58484
37620 0.585252
37635 0.585702
37650 0.586174
37665 0.586662
37680 0.587152
37695 0.58753
37710 0.588052
37725 0.58855
37740 0.588942
37755 0.589244
37770 0.589844
37785 0.59011
37800 0.59046
37815 0.590852
37830 0.59132
37845 0.591798
37860 0.592108
37875 0.592392
37890 0.592972
37905 0.593282
37920 0.593604
37935 0.59403
37950 0.594448
37965 0.59492
37980 0.5952
37995 0.595558
38010 0.595888
38025 0.596236
38040 0.596562
38055 0.596978
38070 0.597312
38085 0.597614
38100 0.597942
38115 0.59821
38130 0.598464
38145 0.598822
38160 0.59913
38175 0.599476
38190 0.59983
38205 0.600204
38220 0.600516
38235 0.600792
38250 0.601108
38265 0.601382
38280 0.60176
38295 0.602186
38310 0.602592
38325 0.60301
38340 0.603338
38355 0.60365
38370 0.603986
38385 0.604314
38400 0.604662
38415 0.604924
38430 0.605302
38445 0.605636
38460 0.606008
38475 0.6064
38490 0.606768
38505 0.607116
38520 0.6075
38535 0.607798
38550 0.608122
38565 0.608546
38580 0.60898
38595 0.609362
38610 0.609664
38625 0.610114
38640 0.61046
38655 0.610856
38670 0.611236
38685 0.61165
38700 0.612062
38715 0.612318
38730 0.612696
38745 0.612954
38760 0.61329
38775 0.613658
38790 0.61414
38805 0.614494
38820 0.6148
38835 0.615232
38850 0.615534
38865 0.615838
38880 0.616112
38895 0.616468
38910 0.61692
38925 0.617256
38940 0.617634
38955 0.617996
38970 0.618422
38985 0.618684
39000 0.618964
39015 0.619244
39030 0.619552
39045 0.619844
39060 0.620274
39075 0.62075
39090 0.621186
39105 0.62158
39120 0.622046
39135 0.622454
39150 0.622744
39165 0.623032
39180 0.623382
39195 0.62368
39210 0.623918
39225 0.62419
39240 0.62451
39255 0.624788
39270 0.62508
39285 0.625434
39300 0.625684
39315 0.626018
39330 0.626344
39345 0.626638
39360 0.626926
39375 0.62724
39390 0.627582
39405 0.627918
39420 0.628244
39435 0.628584
39450 0.628888
39465 0.629252
39480 0.62962
39495 0.63002
39510 0.630408
39525 0.630698
39540 0.630988
39555 0.631278
39570 0.631678
39585 0.631998
39600 0.632294
39615 0.632668
39630 0.633026
39645 0.633274
39660 0.6335
39675 0.633836
39690 0.634076
39705 0.634336
39720 0.634688
39735 0.634926
39750 0.635342
39765 0.63571
39780 0.635972
39795 0.636326
39810 0.636612
39825 0.63693
39840 0.637166
39855 0.637482
39870 0.637846
39885 0.63829
39900 0.638672
39915 0.638964
39930 0.639258
39945 0.63956
39960 0.639934
39975 0.640264
39990 0.640566
40005 0.640832
40020 0.641156
40035 0.641434
40050 0.641786
40065 0.64205
40080 0.642476
40095 0.642802
40110 0.64313
40125 0.643456
40140 0.643778
40155 0.644166
40170 0.644442
40185 0.644822
40200 0.645152
40215 0.64546
40230 0.6458
40245 0.64606
40260 0.64637
40275 0.64681
40290 0.647078
40305 0.647424
40320 0.647704
40335 0.648076
40350 0.648312
40365 0.648668
40380 0.648906
40395 0.64916
40410 0.649482
40425 0.649874
40440 0.650154
40455 0.650454
40470 0.650816
40485 0.651056
40500 0.651372
40515 0.651708
40530 0.652062
40545 0.652338
40560 0.652634
40575 0.652942
40590 0.653218
40605 0.653478
40620 0.653782
40635 0.654018
40650 0.654336
40665 0.654656
40680 0.654942
40695 0.655332
40710 0.655658
40725 0.6559
40740 0.656262
40755 0.656672
40770 0.657038
40785 0.657356
40800 0.65774
40815 0.658
40830 0.658274
40845 0.658546
40860 0.658786
40875 0.659068
40890 0.659338
40905 0.659636
40920 0.659956
40935 0.660166
40950 0.660532
40965 0.66083
40980 0.661128
40995 0.661478
41010 0.661794
41025 0.66207
41040 0.662402
41055 0.662642
41070 0.662962
41085 0.663214
41100 0.66349
41115 0.663678
41130 0.664044
41145 0.664344
41160 0.664646
41175 0.664928
41190 0.665262
41205 0.665514
41220 0.665834
41235 0.666118
41250 0.66643
41265 0.666774
41280 0.66705
41295 0.667428
41310 0.66771
41325 0.668014
41340 0.668336
41355 0.668586
41370 0.668932
41385 0.669196
41400 0.669542
41415 0.669832
41430 0.670104
41445 0.670384
41460 0.6707
41475 0.670928
41490 0.671252
41505 0.671592
41520 0.671902
41535 0.672214
41550 0.672478
41565 0.67276
41580 0.673014
41595 0.67332
41610 0.673624
41625 0.673934
41640 0.674172
41655 0.67441
41670 0.67466
41685 0.674998
41700 0.6753
41715 0.675644
41730 0.67595
41745 0.676296
41760 0.676556
41775 0.676902
41790 0.677288
41805 0.67752
41820 0.677872
41835 0.67813
41850 0.6784
41865 0.678676
41880 0.679092
41895 0.679334
41910 0.679594
41925 0.6798
41940 0.680014
41955 0.680328
41970 0.680638
41985 0.681014
42000 0.68128
42015 0.681514
42030 0.68181
42045 0.682016
42060 0.682326
42075 0.682544
42090 0.682942
42105 0.6832
42120 0.683394
42135 0.683702
42150 0.684012
42165 0.684256
42180 0.684514
42195 0.684812
42210 0.685066
42225 0.68526
42240 0.685586
42255 0.68583
42270 0.686062
42285 0.68635
42300 0.68671
42315 0.68701
42330 0.687284
42345 0.68763
42360 0.687908
42375 0.688154
42390 0.68835
42405 0.688636
42420 0.68896
42435 0.689274
42450 0.689522
42465 0.689796
42480 0.690052
42495 0.690332
42510 0.690634
42525 0.690994
42540 0.691256
42555 0.69148
42570 0.691756
42585 0.692028
42600 0.692238
42615 0.692528
42630 0.692788
42645 0.69304
42660 0.693314
42675 0.693536
42690 0.69388
42705 0.694226
42720 0.69455
42735 0.69483
42750 0.695214
42765 0.695506
42780 0.695748
42795 0.696016
42810 0.696268
42825 0.696576
42840 0.696836
42855 0.697122
42870 0.697346
42885 0.697572
42900 0.697826
42915 0.69809
42930 0.698354
42945 0.698626
42960 0.698884
42975 0.69917
42990 0.699376
43005 0.699672
43020 0.699886
43035 0.700138
43050 0.70043
43065 0.700694
43080 0.701002
43095 0.701258
43110 0.701548
43125 0.701786
43140 0.702088
43155 0.702318
43170 0.702552
43185 0.702798
43200 0.70303
43215 0.703314
43230 0.70354
43245 0.703778
43260 0.704042
43275 0.70427
43290 0.7046
43305 0.704866
43320 0.70513
43335 0.70534
43350 0.705588
43365 0.705834
43380 0.7061
43395 0.706356
43410 0.70669
43425 0.706958
43440 0.70722
43455 0.707504
43470 0.707774
43485 0.70803
43500 0.708246
43515 0.708492
43530 0.708756
43545 0.708992
43560 0.709258
43575 0.709472
43590 0.709714
43605 0.709902
43620 0.710138
43635 0.71037
43650 0.710576
43665 0.71081
43680 0.711012
43695 0.711308
43710 0.71156
43725 0.711796
43740 0.71203
43755 0.712298
43770 0.712494
43785 0.712712
43800 0.712976
43815 0.713204
43830 0.713482
43845 0.713772
43860 0.714016
43875 0.714232
43890 0.714542
43905 0.71475
43920 0.71498
43935 0.71518
43950 0.715444
43965 0.715732
43980 0.715906
43995 0.716132
44010 0.716372
44025 0.716552
44040 0.71677
44055 0.717002
44070 0.71722
44085 0.717404
44100 0.717646
44115 0.717864
44130 0.718084
44145 0.71831
44160 0.718586
44175 0.718828
44190 0.719092
44205 0.719294
44220 0.719558
44235 0.719806
44250 0.720066
44265 0.720268
44280 0.720516
44295 0.720736
44310 0.721014
44325 0.72123
44340 0.721492
44355 0.721792
44370 0.72203
44385 0.72225
44400 0.72253
44415 0.722736
44430 0.72303
44445 0.723234
44460 0.723478
44475 0.72375
44490 0.723952
44505 0.72417
44520 0.724408
44535 0.724626
44550 0.72484
44565 0.725068
44580 0.725278
44595 0.72552
44610 0.725744
44625 0.726026
44640 0.726256
44655 0.726474
44670 0.726632
44685 0.726816
44700 0.72704
44715 0.72724
44730 0.72744
44745 0.72771
44760 0.727938
44775 0.728138
44790 0.72835
44805 0.728548
44820 0.728784
44835 0.728998
44850 0.729208
44865 0.729392
44880 0.729638
44895 0.729926
44910 0.730172
44925 0.73044
44940 0.730668
44955 0.7309
44970 0.731144
44985 0.73135
45000 0.731568
45015 0.731828
45030 0.732116
45045 0.732326
45060 0.732574
45075 0.732798
45090 0.733084
45105 0.733282
45120 0.733592
45135 0.733814
45150 0.734084
45165 0.734298
45180 0.734506
45195 0.73474
45210 0.735034
45225 0.735304
45240 0.735506
45255 0.735712
45270 0.735954
45285 0.736128
45300 0.73634
45315 0.736584
45330 0.736788
45345 0.737016
45360 0.737242
45375 0.737432
45390 0.737684
45405 0.737824
45420 0.738038
45435 0.738252
45450 0.738546
45465 0.738732
45480 0.738942
45495 0.739162
45510 0.739378
45525 0.739558
45540 0.739782
45555 0.740006
45570 0.740194
45585 0.740464
45600 0.740702
45615 0.740912
45630 0.741214
45645 0.741504
45660 0.74171
45675 0.741956
45690 0.74219
45705 0.742408
45720 0.742612
45735 0.742736
45750 0.74302
45765 0.74327
45780 0.743506
45795 0.743798
45810 0.743952
45825 0.744176
45840 0.744418
45855 0.744626
45870 0.74489
45885 0.745158
45900 0.745356
45915 0.745556
45930 0.745736
45945 0.745968
45960 0.746166
45975 0.746392
45990 0.74662
46005 0.74685
46020 0.747062
46035 0.747274
46050 0.747504
46065 0.74769
46080 0.747864
46095 0.748064
46110 0.748262
46125 0.748456
46140 0.74866
46155 0.74883
46170 0.749
46185 0.749278
46200 0.7495
46215 0.749704
46230 0.74991
46245 0.75015
46260 0.75037
46275 0.750526
46290 0.750746
46305 0.750954
46320 0.751154
46335 0.751362
46350 0.751606
46365 0.751844
46380 0.75203
46395 0.752212
46410 0.7524
46425 0.752602
46440 0.752772
46455 0.752982
46470 0.753218
46485 0.753394
46500 0.753614
46515 0.753782
46530 0.754008
46545 0.754212
46560 0.754414
46575 0.75463
46590 0.754802
46605 0.754984
46620 0.755192
46635 0.755438
46650 0.755652
46665 0.755914
46680 0.756096
46695 0.756342
46710 0.756536
46725 0.756734
46740 0.756928
46755 0.757088
46770 0.757278
46785 0.75746
46800 0.757634
46815 0.757802
46830 0.758024
46845 0.758186
46860 0.758406
46875 0.758602
46890 0.758848
46905 0.759042
46920 0.759258
46935 0.75951
46950 0.759732
46965 0.75992
46980 0.760076
46995 0.760302
47010 0.76052
47025 0.760732
47040 0.76087
47055 0.761076
47070 0.761264
47085 0.761466
47100 0.761674
47115 0.761808
47130 0.76203
47145 0.762234
47160 0.76239
47175 0.762582
47190 0.762808
47205 0.762978
47220 0.763214
47235 0.763408
47250 0.763622
47265 0.763784
47280 0.763932
47295 0.764084
47310 0.764252
47325 0.76442
47340 0.764566
47355 0.76475
47370 0.764984
47385 0.765196
47400 0.765388
47415 0.765636
47430 0.765826
47445 0.766026
47460 0.766184
47475 0.766366
47490 0.76655
47505 0.766776
47520 0.76695
47535 0.767148
47550 0.767372
47565 0.767608
47580 0.767816
47595 0.768062
47610 0.76829
47625 0.768496
47640 0.76871
47655 0.768908
47670 0.769082
47685 0.769214
47700 0.769432
47715 0.76962
47730 0.769816
47745 0.769978
47760 0.77018
47775 0.770336
47790 0.770506
47805 0.770704
47820 0.770856
47835 0.77104
47850 0.77118
47865 0.771362
47880 0.771574
47895 0.771696
47910 0.771896
47925 0.772092
47940 0.77231
47955 0.772518
47970 0.772738
47985 0.772914
48000 0.77309
48015 0.773262
48030 0.773444
48045 0.7736
48060 0.77374
48075 0.77393
48090 0.774128
48105 0.774306
48120 0.774548
48135 0.774738
48150 0.774938
48165 0.77511
48180 0.775242
48195 0.775394
48210 0.775532
48225 0.77568
48240 0.775826
48255 0.77602
48270 0.77623
48285 0.776426
48300 0.776614
48315 0.776796
48330 0.77701
48345 0.777204
48360 0.777372
48375 0.77756
48390 0.777704
48405 0.777884
48420 0.778094
48435 0.778278
48450 0.778484
48465 0.77866
48480 0.77883
48495 0.778984
48510 0.77915
48525 0.779286
48540 0.779448
48555 0.779596
48570 0.779788
48585 0.779988
48600 0.780172
48615 0.780392
48630 0.780576
48645 0.780734
48660 0.78088
48675 0.781036
48690 0.781216
48705 0.78142
48720 0.78159
48735 0.78176
48750 0.781916
48765 0.78211
48780 0.782362
48795 0.78255
48810 0.782816
48825 0.783018
48840 0.783216
48855 0.783386
48870 0.783542
48885 0.783712
48900 0.783916
48915 0.78406
48930 0.78423
48945 0.784392
48960 0.784598
48975 0.784798
48990 0.784966
49005 0.7851
49020 0.785298
49035 0.785418
49050 0.785588
49065 0.785752
49080 0.7859
49095 0.786084
49110 0.786232
49125 0.786422
49140 0.786546
49155 0.786714
49170 0.786868
49185 0.787066
49200 0.78724
49215 0.78741
49230 0.787528
49245 0.787696
49260 0.787916
49275 0.788084
49290 0.788252
49305 0.788446
49320 0.788634
49335 0.788802
49350 0.78896
49365 0.789184
49380 0.789312
49395 0.78947
49410 0.789648
49425 0.789826
49440 0.789964
49455 0.790146
49470 0.790392
49485 0.790632
49500 0.79077
49515 0.790918
49530 0.79106
49545 0.791218
49560 0.791318
49575 0.791466
49590 0.791592
49605 0.791746
49620 0.791872
49635 0.792018
49650 0.792208
49665 0.79239
49680 0.792516
49695 0.792706
49710 0.792854
49725 0.793026
49740 0.793204
49755 0.793374
49770 0.793516
49785 0.793678
49800 0.793824
49815 0.794002
49830 0.794138
49845 0.794292
49860 0.794438
49875 0.794584
49890 0.794752
49905 0.79495
49920 0.795072
49935 0.79525
49950 0.795446
49965 0.79563
49980 0.795818
49995 0.796002
50010 0.796214
50025 0.796384
50040 0.796562
50055 0.79678
50070 0.796926
50085 0.797084
50100 0.797266
50115 0.797458
50130 0.797622
50145 0.797796
50160 0.797952
50175 0.798094
50190 0.798248
50205 0.798374
50220 0.798502
50235 0.798658
50250 0.798832
50265 0.79899
50280 0.799178
50295 0.799392
50310 0.799526
50325 0.79969
50340 0.799832
50355 0.800028
50370 0.800192
50385 0.800358
50400 0.800532
50415 0.800714
50430 0.800848
50445 0.801036
50460 0.801196
50475 0.801312
50490 0.80151
50505 0.801682
50520 0.80181
50535 0.801958
50550 0.802134
50565 0.80233
50580 0.802482
50595 0.80262
50610 0.802762
50625 0.802944
50640 0.803078
50655 0.80326
50670 0.803368
50685 0.803558
50700 0.803704
50715 0.803872
50730 0.804004
50745 0.804178
50760 0.804358
50775 0.804534
50790 0.804744
50805 0.804934
50820 0.805126
50835 0.805254
50850 0.80537
50865 0.805542
50880 0.805722
50895 0.805872
50910 0.806038
50925 0.806146
50940 0.806242
50955 0.806364
50970 0.806528
50985 0.80673
51000 0.806916
51015 0.807084
51030 0.807288
51045 0.807492
51060 0.807694
51075 0.807844
51090 0.80799
51105 0.808156
51120 0.808292
51135 0.808454
51150 0.808648
51165 0.808844
51180 0.809022
51195 0.80919
51210 0.809314
51225 0.809438
51240 0.809612
51255 0.809782
51270 0.809924
51285 0.810088
51300 0.810206
51315 0.810394
51330 0.810564
51345 0.810732
51360 0.8109
51375 0.811036
51390 0.811208
51405 0.811318
51420 0.811458
51435 0.811606
51450 0.811734
51465 0.811884
51480 0.812056
51495 0.812224
51510 0.812376
51525 0.812568
51540 0.812754
51555 0.812878
51570 0.81304
51585 0.813272
51600 0.813428
51615 0.81354
51630 0.813708
51645 0.81384
51660 0.81399
51675 0.81416
51690 0.81435
51705 0.814534
51720 0.814722
51735 0.814886
51750 0.81509
51765 0.815266
51780 0.815382
51795 0.815552
51810 0.815748
51825 0.815888
51840 0.81603
51855 0.816176
51870 0.816324
51885 0.816462
51900 0.816594
51915 0.816714
51930 0.816848
51945 0.816992
51960 0.817134
51975 0.817274
51990 0.817464
52005 0.817598
52020 0.817714
52035 0.817838
52050 0.818
52065 0.818116
52080 0.81824
52095 0.81841
52110 0.81854
52125 0.818676
52140 0.818828
52155 0.818984
52170 0.819114
52185 0.819254
52200 0.81939
52215 0.81955
52230 0.819686
52245 0.819834
52260 0.81997
52275 0.82013
52290 0.82034
52305 0.820532
52320 0.820658
52335 0.82077
52350 0.820918
52365 0.82108
52380 0.821252
52395 0.821404
52410 0.821554
52425 0.82174
52440 0.821858
52455 0.821976
52470 0.822116
52485 0.822192
52500 0.822322
52515 0.82242
52530 0.822578
52545 0.822702
52560 0.82282
52575 0.822968
52590 0.82309
52605 0.823234
52620 0.823416
52635 0.823566
52650 0.823684
52665 0.823832
52680 0.82394
52695 0.824094
52710 0.824252
52725 0.824376
52740 0.824556
52755 0.824678
52770 0.824792
52785 0.824928
52800 0.825042
52815 0.8252
52830 0.825334
52845 0.825486
52860 0.825634
52875 0.825776
52890 0.82592
52905 0.826032
52920 0.826172
52935 0.82631
52950 0.826434
52965 0.82659
52980 0.826726
52995 0.82693
53010 0.827052
53025 0.827212
53040 0.827322
53055 0.827444
53070 0.827642
53085 0.827774
53100 0.827924
53115 0.828056
53130 0.828176
53145 0.828318
53160 0.828424
53175 0.828526
53190 0.828684
53205 0.82882
53220 0.829006
53235 0.829116
53250 0.829242
53265 0.829388
53280 0.829504
53295 0.829628
53310 0.829752
53325 0.829852
53340 0.829994
53355 0.830128
53370 0.830248
53385 0.830384
53400 0.830538
53415 0.830718
53430 0.830854
53445 0.830998
53460 0.83116
53475 0.83132
53490 0.83142
53505 0.831558
53520 0.83172
53535 0.831842
53550 0.831948
53565 0.83206
53580 0.832212
53595 0.832354
53610 0.832478
53625 0.832602
53640 0.832722
53655 0.832844
53670 0.832978
53685 0.833136
53700 0.833264
53715 0.833398
53730 0.833516
53745 0.83365
53760 0.833764
53775 0.833898
53790 0.834024
53805 0.834166
53820 0.834314
53835 0.834446
53850 0.834572
53865 0.834674
53880 0.834818
53895 0.834924
53910 0.835018
53925 0.83513
53940 0.835248
53955 0.835364
53970 0.835514
53985 0.835604
54000 0.835756
54015 0.835876
54030 0.836042
54045 0.836138
54060 0.836294
54075 0.836414
54090 0.836562
54105 0.836698
54120 0.836836
54135 0.83694
54150 0.837076
54165 0.837196
54180 0.837346
54195 0.837468
54210 0.837584
54225 0.837712
54240 0.837842
54255 0.83796
54270 0.83809
54285 0.838214
54300 0.83833
54315 0.838456
54330 0.838548
54345 0.838666
54360 0.83883
54375 0.838978
54390 0.839078
54405 0.83923
54420 0.839324
54435 0.83944
54450 0.839604
54465 0.839774
54480 0.839882
54495 0.839996
54510 0.840156
54525 0.840332
54540 0.840474
54555 0.840574
54570 0.840726
54585 0.840816
54600 0.840942
54615 0.841064
54630 0.841206
54645 0.84133
54660 0.841444
54675 0.841562
54690 0.841664
54705 0.841812
54720 0.841936
54735 0.842052
54750 0.842146
54765 0.842256
54780 0.842338
54795 0.842472
54810 0.842602
54825 0.84273
54840 0.842864
54855 0.843004
54870 0.843118
54885 0.843222
54900 0.843374
54915 0.843534
54930 0.843646
54945 0.843742
54960 0.843854
54975 0.843952
54990 0.844066
55005 0.844188
55020 0.84431
55035 0.84445
55050 0.844562
55065 0.844656
55080 0.84475
55095 0.844888
55110 0.84496
55125 0.84507
55140 0.845194
55155 0.845296
55170 0.845388
55185 0.845518
55200 0.84559
55215 0.8457
55230 0.845816
55245 0.845896
55260 0.84603
55275 0.846184
55290 0.846306
55305 0.84644
55320 0.846556
55335 0.846724
55350 0.846854
55365 0.846976
55380 0.8471
55395 0.847188
55410 0.847304
55425 0.847426
55440 0.847534
55455 0.847686
55470 0.847782
55485 0.847924
55500 0.848082
55515 0.848242
55530 0.84842
55545 0.848514
55560 0.848602
55575 0.848712
55590 0.848844
55605 0.848968
55620 0.849074
55635 0.849188
55650 0.84929
55665 0.84943
55680 0.849588
55695 0.849682
55710 0.849784
55725 0.849888
55740 0.85002
55755 0.850158
55770 0.850262
55785 0.850368
55800 0.850488
55815 0.85062
55830 0.850732
55845 0.85086
55860 0.850958
55875 0.85107
55890 0.851156
55905 0.851264
55920 0.851362
55935 0.851454
55950 0.85157
55965 0.851684
55980 0.851838
55995 0.85196
56010 0.852082
56025 0.852178
56040 0.85226
56055 0.852356
56070 0.852458
56085 0.852556
56100 0.852666
56115 0.852794
56130 0.85288
56145 0.852984
56160 0.853076
56175 0.85321
56190 0.85331
56205 0.853458
56220 0.853562
56235 0.85367
56250 0.853784
56265 0.853922
56280 0.854062
56295 0.854182
56310 0.854302
56325 0.85445
56340 0.85454
56355 0.85468
56370 0.854804
56385 0.854914
56400 0.85499
56415 0.855102
56430 0.85521
56445 0.855376
56460 0.85551
56475 0.855614
56490 0.855722
56505 0.855796
56520 0.855914
56535 0.856032
56550 0.856142
56565 0.856244
56580 0.856378
56595 0.85653
56610 0.85664
56625 0.856752
56640 0.856854
56655 0.857024
56670 0.857148
56685 0.85727
56700 0.857382
56715 0.857526
56730 0.857664
56745 0.85777
56760 0.857872
56775 0.857992
56790 0.858102
56805 0.858208
56820 0.8583
56835 0.858378
56850 0.85847
56865 0.858574
56880 0.858706
56895 0.858818
56910 0.858936
56925 0.859042
56940 0.859148
56955 0.85922
56970 0.85935
56985 0.859422
57000 0.859532
57015 0.85966
57030 0.85978
57045 0.85988
57060 0.859996
57075 0.860086
57090 0.860208
57105 0.860298
57120 0.860388
57135 0.860472
57150 0.86054
57165 0.860666
57180 0.8608
57195 0.860908
57210 0.860998
57225 0.861126
57240 0.861238
57255 0.861332
57270 0.861448
57285 0.861542
57300 0.861674
57315 0.86177
57330 0.861872
57345 0.861968
57360 0.86205
57375 0.86216
57390 0.86225
57405 0.862324
57420 0.862416
57435 0.862508
57450 0.862598
57465 0.862698
57480 0.862806
57495 0.862914
57510 0.863014
57525 0.863182
57540 0.863272
57555 0.863358
57570 0.863468
57585 0.863572
57600 0.863714
57615 0.863802
57630 0.863884
57645 0.864004
57660 0.864112
57675 0.86419
57690 0.864266
57705 0.86438
57720 0.864478
57735 0.86461
57750 0.864716
57765 0.864808
57780 0.864904
57795 0.865002
57810 0.86512
57825 0.865166
57840 0.86531
57855 0.865406
57870 0.865508
57885 0.8656
57900 0.865692
57915 0.865806
57930 0.86592
57945 0.866038
57960 0.866156
57975 0.866262
57990 0.866356
58005 0.866494
58020 0.866566
58035 0.866662
58050 0.866788
58065 0.866868
58080 0.866958
58095 0.867032
58110 0.867136
58125 0.86723
58140 0.867318
58155 0.86739
58170 0.867484
58185 0.867616
58200 0.867698
58215 0.867798
58230 0.867908
58245 0.867984
58260 0.868062
58275 0.868128
58290 0.868246
58305 0.86834
58320 0.868438
58335 0.868544
58350 0.868618
58365 0.868718
58380 0.868826
58395 0.868916
58410 0.868998
58425 0.869094
58440 0.869198
58455 0.869282
58470 0.86937
58485 0.869464
58500 0.869572
58515 0.86965
58530 0.86977
58545 0.86987
58560 0.869984
58575 0.87009
58590 0.870184
58605 0.870282
58620 0.870394
58635 0.870526
58650 0.870636
58665 0.870728
58680 0.870826
58695 0.870926
58710 0.871054
58725 0.871142
58740 0.871244
58755 0.87135
58770 0.871472
58785 0.871588
58800 0.871684
58815 0.8718
58830 0.871858
58845 0.871978
58860 0.872082
58875 0.872186
58890 0.872272
58905 0.872344
58920 0.87239
58935 0.872486
58950 0.872636
58965 0.872758
58980 0.872822
58995 0.872902
59010 0.872962
59025 0.873068
59040 0.873158
59055 0.873238
59070 0.873332
59085 0.873424
59100 0.873516
59115 0.873608
59130 0.87372
59145 0.873838
59160 0.87394
59175 0.87402
59190 0.874116
59205 0.874206
59220 0.874304
59235 0.874388
59250 0.874516
59265 0.874604
59280 0.874704
59295 0.874796
59310 0.874886
59325 0.87504
59340 0.875138
59355 0.875232
59370 0.875322
59385 0.875424
59400 0.875524
59415 0.875594
59430 0.875682
59445 0.875778
59460 0.875896
59475 0.876
59490 0.876096
59505 0.876224
59520 0.876298
59535 0.87639
59550 0.876478
59565 0.876554
59580 0.876636
59595 0.876736
59610 0.876798
59625 0.876888
59640 0.876966
59655 0.877056
59670 0.877118
59685 0.877232
59700 0.877316
59715 0.877386
59730 0.877468
59745 0.877568
59760 0.877656
59775 0.87776
59790 0.877852
59805 0.877942
59820 0.87802
59835 0.878108
59850 0.878234
59865 0.878328
59880 0.878412
59895 0.8785
59910 0.878608
59925 0.87868
59940 0.878786
59955 0.878894
59970 0.879018
59985 0.879122
60000 0.879212
60015 0.8793
60030 0.879392
60045 0.87948
60060 0.879552
60075 0.879618
60090 0.87971
60105 0.879806
60120 0.879882
60135 0.87995
60150 0.880072
60165 0.880132
60180 0.880208
60195 0.880286
60210 0.880384
60225 0.880452
60240 0.880518
60255 0.880582
60270 0.880628
60285 0.880744
60300 0.880838
60315 0.880932
60330 0.88099
60345 0.881046
60360 0.88113
60375 0.88122
60390 0.881316
60405 0.881406
60420 0.881508
60435 0.881624
60450 0.881702
60465 0.881808
60480 0.881898
60495 0.881986
60510 0.88208
60525 0.882174
60540 0.882254
60555 0.882312
60570 0.882394
60585 0.882484
60600 0.882586
60615 0.88266
60630 0.882764
60645 0.882872
60660 0.882954
60675 0.883086
60690 0.883164
60705 0.883258
60720 0.883316
60735 0.883388
60750 0.883456
60765 0.883532
60780 0.883598
60795 0.883662
60810 0.883782
60825 0.883846
60840 0.883946
60855 0.884028
60870 0.88411
60885 0.88421
60900 0.884304
60915 0.884398
60930 0.884466
60945 0.884558
60960 0.884614
60975 0.884676
60990 0.88474
61005 0.884822
61020 0.884888
61035 0.884994
61050 0.885092
61065 0.885162
61080 0.885242
61095 0.885334
61110 0.88543
61125 0.88552
61140 0.885608
61155 0.885682
61170 0.88578
61185 0.885864
61200 0.885968
61215 0.88603
61230 0.8861
61245 0.886192
61260 0.886298
61275 0.886374
61290 0.886436
61305 0.886518
61320 0.886604
61335 0.886702
61350 0.88677
61365 0.886842
61380 0.886908
61395 0.886982
61410 0.8871
61425 0.887184
61440 0.887282
61455 0.88734
61470 0.887444
61485 0.887546
61500 0.88761
61515 0.88769
61530 0.887764
61545 0.887834
61560 0.8879
61575 0.887964
61590 0.888058
61605 0.888136
61620 0.88822
61635 0.888298
61650 0.888356
61665 0.888444
61680 0.888524
61695 0.88864
61710 0.888722
61725 0.888808
61740 0.888884
61755 0.888956
61770 0.889034
61785 0.889126
61800 0.88918
61815 0.889264
61830 0.889386
61845 0.889478
61860 0.889548
61875 0.88961
61890 0.889682
61905 0.889756
61920 0.889836
61935 0.889916
61950 0.889988
61965 0.890048
61980 0.890112
61995 0.890182
62010 0.890248
62025 0.890348
62040 0.89043
62055 0.890532
62070 0.89061
62085 0.890686
62100 0.89076
62115 0.890836
62130 0.89092
62145 0.89098
62160 0.891048
62175 0.891156
62190 0.891242
62205 0.89135
62220 0.89142
62235 0.891492
62250 0.891562
62265 0.89164
62280 0.891724
62295 0.891828
62310 0.891874
62325 0.89196
62340 0.89201
62355 0.892104
62370 0.892192
62385 0.892272
62400 0.892348
62415 0.89241
62430 0.892466
62445 0.892546
62460 0.89262
62475 0.892708
62490 0.89278
62505 0.89285
62520 0.892918
62535 0.893002
62550 0.89305
62565 0.89314
62580 0.893204
62595 0.893272
62610 0.893342
62625 0.893426
62640 0.893512
62655 0.893578
62670 0.893652
62685 0.893732
62700 0.893788
62715 0.893854
62730 0.893908
62745 0.893996
62760 0.894102
62775 0.894178
62790 0.894252
62805 0.894344
62820 0.894392
62835 0.894474
62850 0.894572
62865 0.894658
62880 0.894736
62895 0.894804
62910 0.894878
62925 0.894938
62940 0.895002
62955 0.89507
62970 0.895142
62985 0.895184
63000 0.895272
63015 0.895324
63030 0.895416
63045 0.895514
63060 0.895578
63075 0.89566
63090 0.89574
63105 0.895808
63120 0.895898
63135 0.89599
63150 0.896088
63165 0.896146
63180 0.896236
63195 0.896298
63210 0.896378
63225 0.896468
63240 0.896532
63255 0.896602
63270 0.8967
63285 0.896778
63300 0.896856
63315 0.896952
63330 0.897018
63345 0.89713
63360 0.897184
63375 0.897244
63390 0.897332
63405 0.897396
63420 0.89745
63435 0.897504
63450 0.89757
63465 0.897638
63480 0.897704
63495 0.897794
63510 0.897864
63525 0.897972
63540 0.898036
63555 0.898118
63570 0.898224
63585 0.898282
63600 0.898352
63615 0.89843
63630 0.898516
63645 0.898594
63660 0.898674
63675 0.898716
63690 0.8988
63705 0.898864
63720 0.898938
63735 0.898998
63750 0.899098
63765 0.899152
63780 0.899232
63795 0.899328
63810 0.899394
63825 0.899448
63840 0.899552
63855 0.899636
63870 0.899712
63885 0.899788
63900 0.899864
63915 0.89994
63930 0.900022
63945 0.900096
63960 0.900168
63975 0.900228
63990 0.900308
64005 0.900352
64020 0.90041
64035 0.900484
64050 0.900568
64065 0.900622
64080 0.900712
64095 0.900778
64110 0.900868
64125 0.90095
64140 0.901018
64155 0.901072
64170 0.901136
64185 0.901198
64200 0.901302
64215 0.901362
64230 0.901422
64245 0.90152
64260 0.901636
64275 0.901708
64290 0.901778
64305 0.901838
64320 0.90191
64335 0.901956
64350 0.902022
64365 0.902102
64380 0.902166
64395 0.902248
64410 0.90229
64425 0.90236
64440 0.902436
64455 0.902512
64470 0.902574
64485 0.902628
64500 0.902702
64515 0.902762
64530 0.90284
64545 0.902924
64560 0.902996
64575 0.903056
64590 0.903122
64605 0.903182
64620 0.903244
64635 0.903316
64650 0.90339
64665 0.90346
64680 0.903522
64695 0.903586
64710 0.903646
64725 0.903744
64740 0.90383
64755 0.903894
64770 0.903988
64785 0.904054
64800 0.9041
64815 0.904152
64830 0.904222
64845 0.904278
64860 0.90436
64875 0.90445
64890 0.904522
64905 0.904594
64920 0.904664
64935 0.904734
64950 0.904814
64965 0.904916
64980 0.904986
64995 0.905044
65010 0.905114
65025 0.9052
65040 0.905256
65055 0.905304
65070 0.90536
65085 0.90543
65100 0.9055
65115 0.905566
65130 0.905648
65145 0.90574
65160 0.905784
65175 0.905846
65190 0.905908
65205 0.905988
65220 0.906054
65235 0.906118
65250 0.906194
65265 0.906236
65280 0.906316
65295 0.906392
65310 0.906452
65325 0.906514
65340 0.90659
65355 0.906666
65370 0.906708
65385 0.906776
65400 0.90685
65415 0.90691
65430 0.907002
65445 0.907056
65460 0.907092
65475 0.907148
65490 0.90722
65505 0.907266
65520 0.907324
65535 0.907382
65550 0.907414
65565 0.907484
65580 0.907536
65595 0.907606
65610 0.907646
65625 0.90771
65640 0.907784
65655 0.907842
65670 0.907912
65685 0.907962
65700 0.908016
65715 0.908084
65730 0.908164
65745 0.908214
65760 0.908262
65775 0.90832
65790 0.908396
65805 0.908472
65820 0.908544
65835 0.908618
65850 0.908688
65865 0.908766
65880 0.90881
65895 0.908914
65910 0.908972
65925 0.90903
65940 0.909104
65955 0.909194
65970 0.909258
65985 0.90934
66000 0.909408
66015 0.909504
66030 0.909574
66045 0.909644
66060 0.909708
66075 0.909772
66090 0.909836
66105 0.909896
66120 0.909968
66135 0.910004
66150 0.910066
66165 0.910106
66180 0.910156
66195 0.910224
66210 0.910308
66225 0.910374
66240 0.910426
66255 0.91048
66270 0.910532
66285 0.910618
66300 0.910684
66315 0.910744
66330 0.910816
66345 0.910892
66360 0.910968
66375 0.911028
66390 0.911078
66405 0.911142
66420 0.9112
66435 0.911278
66450 0.911344
66465 0.91142
66480 0.911488
66495 0.911534
66510 0.911592
66525 0.911652
66540 0.911676
66555 0.911758
66570 0.911814
66585 0.911862
66600 0.911912
66615 0.912004
66630 0.91207
66645 0.91213
66660 0.912192
66675 0.91225
66690 0.91232
66705 0.912382
66720 0.91245
66735 0.912526
66750 0.91258
66765 0.912654
66780 0.912734
66795 0.912812
66810 0.91287
66825 0.912956
66840 0.913026
66855 0.9131
66870 0.913128
66885 0.913172
66900 0.91322
66915 0.913284
66930 0.91335
66945 0.913408
66960 0.913482
66975 0.913552
66990 0.913592
67005 0.91366
67020 0.91371
67035 0.91376
67050 0.91382
67065 0.913868
67080 0.91392
67095 0.913972
67110 0.91404
67125 0.91409
67140 0.914146
67155 0.914202
67170 0.914266
67185 0.91431
67200 0.914392
67215 0.91445
67230 0.914502
67245 0.914566
67260 0.914622
67275 0.914694
67290 0.914738
67305 0.914808
67320 0.91486
67335 0.91493
67350 0.91501
67365 0.915096
67380 0.915152
67395 0.915198
67410 0.915236
67425 0.915306
67440 0.915366
67455 0.91542
67470 0.915472
67485 0.915534
67500 0.915576
67515 0.91563
67530 0.915684
67545 0.915744
67560 0.915796
67575 0.915852
67590 0.915926
67605 0.915984
67620 0.916034
67635 0.916074
67650 0.916124
67665 0.916172
67680 0.916224
67695 0.916294
67710 0.916324
67725 0.91638
67740 0.916416
67755 0.916452
67770 0.916516
67785 0.916586
67800 0.916636
67815 0.91673
67830 0.916792
67845 0.916864
67860 0.916942
67875 0.917004
67890 0.917064
67905 0.917126
67920 0.917168
67935 0.917232
67950 0.917296
67965 0.917352
67980 0.917414
67995 0.917466
68010 0.91753
68025 0.917574
68040 0.917646
68055 0.917706
68070 0.917754
68085 0.917808
68100 0.91787
68115 0.917938
68130 0.917998
68145 0.918064
68160 0.91813
68175 0.918176
68190 0.918232
68205 0.91829
68220 0.91834
68235 0.918374
68250 0.918428
68265 0.918488
68280 0.91854
68295 0.918598
68310 0.918648
68325 0.918716
68340 0.918776
68355 0.918832
68370 0.918896
68385 0.918964
68400 0.91902
68415 0.919068
68430 0.919126
68445 0.919196
68460 0.919266
68475 0.919316
68490 0.919368
68505 0.91944
68520 0.919492
68535 0.919542
68550 0.919592
68565 0.919662
68580 0.919718
68595 0.919764
68610 0.919818
68625 0.919882
68640 0.919936
68655 0.91998
68670 0.920034
68685 0.920082
68700 0.92014
68715 0.92018
68730 0.92023
68745 0.920316
68760 0.920366
68775 0.920412
68790 0.920462
68805 0.920518
68820 0.920582
68835 0.920614
68850 0.920656
68865 0.92073
68880 0.920806
68895 0.920872
68910 0.920968
68925 0.921026
68940 0.921088
68955 0.921146
68970 0.921196
68985 0.921262
69000 0.9213
69015 0.921364
69030 0.921412
69045 0.921486
69060 0.921526
69075 0.921576
69090 0.92162
69105 0.921698
69120 0.92178
69135 0.921822
69150 0.921882
69165 0.921912
69180 0.921958
69195 0.922036
69210 0.922092
69225 0.922152
69240 0.922206
69255 0.922288
69270 0.922334
69285 0.922376
69300 0.922418
69315 0.922448
69330 0.9225
69345 0.922556
69360 0.92262
69375 0.922658
69390 0.922714
69405 0.922768
69420 0.922806
69435 0.922866
69450 0.922928
69465 0.922994
69480 0.923052
69495 0.923114
69510 0.923166
69525 0.92323
69540 0.923286
69555 0.923352
69570 0.923408
69585 0.923458
69600 0.923528
69615 0.923564
69630 0.92361
69645 0.923666
69660 0.923702
69675 0.923754
69690 0.923816
69705 0.923884
69720 0.923938
69735 0.92399
69750 0.924046
69765 0.924104
69780 0.924144
69795 0.9242
69810 0.924264
69825 0.924324
69840 0.924386
69855 0.924444
69870 0.9245
69885 0.924548
69900 0.924578
69915 0.924618
69930 0.924666
69945 0.924732
69960 0.924788
69975 0.92482
69990 0.924888
70005 0.924944
70020 0.925038
70035 0.925134
70050 0.9252
70065 0.92524
70080 0.92528
70095 0.925332
70110 0.925382
70125 0.925418
70140 0.925454
70155 0.925484
70170 0.925526
70185 0.925572
70200 0.92563
70215 0.925674
70230 0.925746
70245 0.925782
70260 0.92583
70275 0.925852
70290 0.925892
70305 0.92594
70320 0.926008
70335 0.926076
70350 0.926116
70365 0.926178
70380 0.926216
70395 0.926282
70410 0.926328
70425 0.926404
70440 0.926466
70455 0.926512
70470 0.926572
70485 0.926622
70500 0.926688
70515 0.926742
70530 0.92678
70545 0.926862
70560 0.926914
70575 0.926978
70590 0.92705
70605 0.92711
70620 0.927162
70635 0.927194
70650 0.927258
70665 0.92733
70680 0.927394
70695 0.927466
70710 0.927504
70725 0.927568
70740 0.927614
70755 0.927652
70770 0.927698
70785 0.92775
70800 0.927798
70815 0.927862
70830 0.927916
70845 0.927956
70860 0.927992
70875 0.928052
70890 0.92811
70905 0.928146
70920 0.928214
70935 0.928252
70950 0.928284
70965 0.928356
70980 0.928402
70995 0.928452
71010 0.928512
71025 0.92857
71040 0.928612
71055 0.928652
71070 0.928718
71085 0.928776
71100 0.928822
71115 0.928886
71130 0.928924
71145 0.928968
71160 0.929016
71175 0.929056
71190 0.9291
71205 0.929144
71220 0.929188
71235 0.929252
71250 0.929304
71265 0.929378
71280 0.929442
71295 0.92949
71310 0.92954
71325 0.929598
71340 0.929648
71355 0.929676
71370 0.929746
71385 0.929772
71400 0.929842
71415 0.929886
71430 0.929916
71445 0.929972
71460 0.93004
71475 0.930086
71490 0.930134
71505 0.930194
71520 0.93025
71535 0.93031
71550 0.930358
71565 0.930418
71580 0.930466
71595 0.930494
71610 0.93055
71625 0.9306
71640 0.930632
71655 0.930676
71670 0.930716
71685 0.930776
71700 0.930822
71715 0.930846
71730 0.930898
71745 0.930932
71760 0.930974
71775 0.931034
71790 0.93109
71805 0.931134
71820 0.93118
71835 0.931226
71850 0.931284
71865 0.931312
71880 0.93135
71895 0.93139
71910 0.93143
71925 0.931468
71940 0.931516
71955 0.93157
71970 0.931618
71985 0.931656
72000 0.931702
72015 0.931734
72030 0.931776
72045 0.93183
72060 0.931868
72075 0.931912
72090 0.93195
72105 0.931988
72120 0.932024
72135 0.932072
72150 0.932116
72165 0.932176
72180 0.93222
72195 0.932284
72210 0.932328
72225 0.932396
72240 0.93247
72255 0.932516
72270 0.93258
72285 0.932604
72300 0.93264
72315 0.932688
72330 0.932732
72345 0.932768
72360 0.932802
72375 0.932866
72390 0.93294
72405 0.932982
72420 0.93303
72435 0.93306
72450 0.933108
72465 0.93315
72480 0.933182
72495 0.933256
72510 0.933314
72525 0.933366
72540 0.933402
72555 0.933436
72570 0.933504
72585 0.933546
72600 0.933586
72615 0.933618
72630 0.933656
72645 0.933702
72660 0.933734
72675 0.933792
72690 0.933834
72705 0.933878
72720 0.933932
72735 0.933972
72750 0.934018
72765 0.934066
72780 0.934112
72795 0.934154
72810 0.934204
72825 0.93425
72840 0.934318
72855 0.934358
72870 0.934398
72885 0.934436
72900 0.93449
72915 0.934524
72930 0.934558
72945 0.934616
72960 0.934656
72975 0.934692
72990 0.934734
73005 0.934778
73020 0.934794
73035 0.934866
73050 0.934906
73065 0.934958
73080 0.935018
73095 0.935074
73110 0.935116
73125 0.93514
73140 0.93519
73155 0.935234
73170 0.93529
73185 0.935332
73200 0.93538
73215 0.935408
73230 0.935456
73245 0.935498
73260 0.935538
73275 0.935572
73290 0.935616
73305 0.935658
73320 0.935694
73335 0.935716
73350 0.935768
73365 0.93582
73380 0.935864
73395 0.93591
73410 0.935966
73425 0.936012
73440 0.93607
73455 0.93612
73470 0.936166
73485 0.936208
73500 0.936238
73515 0.936276
73530 0.93632
73545 0.936372
73560 0.936416
73575 0.936442
73590 0.936476
73605 0.936522
73620 0.936588
73635 0.936634
73650 0.93668
73665 0.93672
73680 0.93677
73695 0.936812
73710 0.936874
73725 0.936912
73740 0.936938
73755 0.936994
73770 0.937048
73785 0.937102
73800 0.937166
73815 0.93721
73830 0.937258
73845 0.937308
73860 0.937354
73875 0.937384
73890 0.937432
73905 0.93748
73920 0.937532
73935 0.937572
73950 0.937614
73965 0.937644
73980 0.937698
73995 0.937738
74010 0.937788
74025 0.937834
74040 0.937878
74055 0.937912
74070 0.93795
74085 0.937988
74100 0.93803
74115 0.938076
74130 0.938142
74145 0.938196
74160 0.938222
74175 0.938292
74190 0.938324
74205 0.938364
74220 0.938398
74235 0.938442
74250 0.938476
74265 0.938508
74280 0.938546
74295 0.938586
74310 0.93862
74325 0.938666
74340 0.938716
74355 0.93875
74370 0.93879
74385 0.938822
74400 0.938886
74415 0.93893
74430 0.938968
74445 0.939018
74460 0.939072
74475 0.93911
74490 0.93915
74505 0.939198
74520 0.939242
74535 0.939286
74550 0.939324
74565 0.939358
74580 0.939394
74595 0.93944
74610 0.939476
74625 0.93951
74640 0.939554
74655 0.939598
74670 0.939656
74685 0.93969
74700 0.939724
74715 0.939768
74730 0.939794
74745 0.939834
74760 0.939864
74775 0.939904
74790 0.939948
74805 0.93999
74820 0.940026
74835 0.940074
74850 0.940114
74865 0.940164
74880 0.940206
74895 0.940248
74910 0.94028
74925 0.94032
74940 0.940372
74955 0.940412
74970 0.940448
74985 0.940494
