0 4e-05
15 4e-05
30 4e-05
45 4e-05
60 4e-05
75 4e-05
90 4e-05
105 4e-05
120 4e-05
135 4e-05
150 4e-05
165 4e-05
180 4e-05
195 4e-05
210 4e-05
225 4.2e-05
240 4.2e-05
255 4.2e-05
270 4.2e-05
285 4.4e-05
300 4.4e-05
315 4.4e-05
330 4.4e-05
345 4.4e-05
360 4.4e-05
375 4.4e-05
390 4.4e-05
405 4.4e-05
420 4.4e-05
435 4.4e-05
450 4.4e-05
465 4.4e-05
480 4.6e-05
495 4.6e-05
510 4.6e-05
525 4.6e-05
540 4.6e-05
555 4.8e-05
570 5e-05
585 5e-05
600 5e-05
615 5e-05
630 5e-05
645 5e-05
660 5e-05
675 5e-05
690 5e-05
705 5e-05
720 5e-05
735 5e-05
750 5e-05
765 5e-05
780 5.2e-05
795 5.2e-05
810 5.2e-05
825 5.2e-05
840 5.4e-05
855 5.6e-05
870 5.6e-05
885 5.6e-05
900 5.6e-05
915 5.6e-05
930 5.6e-05
945 5.6e-05
960 5.6e-05
975 5.6e-05
990 5.6e-05
1005 5.6e-05
1020 5.6e-05
1035 5.8e-05
1050 6e-05
1065 6e-05
1080 6e-05
1095 6e-05
1110 6e-05
1125 6e-05
1140 6e-05
1155 6e-05
1170 6e-05
1185 6e-05
1200 6e-05
1215 6e-05
1230 6e-05
1245 6e-05
1260 6e-05
1275 6e-05
1290 6e-05
1305 6e-05
1320 6e-05
1335 6e-05
1350 6e-05
1365 6e-05
1380 6e-05
1395 6e-05
1410 6e-05
1425 6e-05
1440 6e-05
1455 6e-05
1470 6e-05
1485 6e-05
1500 6e-05
1515 6e-05
1530 6e-05
1545 6e-05
1560 6e-05
1575 6e-05
1590 6e-05
1605 6e-05
1620 6e-05
1635 6e-05
1650 6e-05
1665 6e-05
1680 6e-05
1695 6e-05
1710 6e-05
1725 6e-05
1740 6e-05
1755 6e-05
1770 6e-05
1785 6e-05
1800 6e-05
1815 6.2e-05
1830 6.2e-05
1845 6.2e-05
1860 6.2e-05
1875 6.2e-05
1890 6.2e-05
1905 6.2e-05
1920 6.2e-05
1935 6.2e-05
1950 6.2e-05
1965 6.2e-05
1980 6.2e-05
1995 6.2e-05
2010 6.2e-05
2025 6.2e-05
2040 6.2e-05
2055 6.2e-05
2070 6.2e-05
2085 6.2e-05
2100 6.2e-05
2115 6.2e-05
2130 6.2e-05
2145 6.2e-05
2160 6.2e-05
2175 6.2e-05
2190 6.2e-05
2205 6.2e-05
2220 6.2e-05
2235 6.2e-05
2250 6.2e-05
2265 6.2e-05
2280 6.2e-05
2295 6.2e-05
2310 6.2e-05
2325 6.2e-05
2340 6.2e-05
2355 6.2e-05
2370 6.2e-05
2385 6.2e-05
2400 6.2e-05
2415 6.2e-05
2430 6.2e-05
2445 6.2e-05
2460 6.2e-05
2475 6.2e-05
2490 6.2e-05
2505 6.2e-05
2520 6.2e-05
2535 6.2e-05
2550 6.2e-05
2565 6.2e-05
2580 6.2e-05
2595 6.2e-05
2610 6.2e-05
2625 6.2e-05
2640 6.2e-05
2655 6.2e-05
2670 6.2e-05
2685 6.2e-05
2700 6.2e-05
2715 6.2e-05
2730 6.2e-05
2745 6.2e-05
2760 6.2e-05
2775 6.2e-05
2790 6.2e-05
2805 6.2e-05
2820 6.2e-05
2835 6.2e-05
2850 6.2e-05
2865 6.2e-05
2880 6.2e-05
2895 6.2e-05
2910 6.2e-05
2925 6.2e-05
2940 6.2e-05
2955 6.2e-05
2970 6.2e-05
2985 6.2e-05
3000 6.2e-05
3015 6.2e-05
3030 6.2e-05
3045 6.2e-05
3060 6.2e-05
3075 6.2e-05
3090 6.2e-05
3105 6.2e-05
3120 6.2e-05
3135 6.2e-05
3150 6.2e-05
3165 6.2e-05
3180 6.2e-05
3195 6.2e-05
3210 6.2e-05
3225 6.2e-05
3240 6.2e-05
3255 6.2e-05
3270 6.2e-05
3285 6.2e-05
3300 6.2e-05
3315 6.2e-05
3330 6.2e-05
3345 6.2e-05
3360 6.2e-05
3375 6.2e-05
3390 6.2e-05
3405 6.2e-05
3420 6.2e-05
3435 6.2e-05
3450 6.2e-05
3465 6.2e-05
3480 6.2e-05
3495 6.2e-05
3510 6.4e-05
3525 6.4e-05
3540 6.4e-05
3555 6.4e-05
3570 6.4e-05
3585 6.4e-05
3600 6.4e-05
3615 6.4e-05
3630 6.4e-05
3645 6.4e-05
3660 6.4e-05
3675 6.4e-05
3690 6.4e-05
3705 6.6e-05
3720 6.6e-05
3735 6.6e-05
3750 6.6e-05
3765 6.6e-05
3780 6.6e-05
3795 6.6e-05
3810 6.6e-05
3825 6.6e-05
3840 6.6e-05
3855 6.6e-05
3870 6.6e-05
3885 6.6e-05
3900 6.6e-05
3915 6.6e-05
3930 6.6e-05
3945 6.6e-05
3960 6.8e-05
3975 6.8e-05
3990 6.8e-05
4005 6.8e-05
4020 6.8e-05
4035 6.8e-05
4050 7e-05
4065 7e-05
4080 7e-05
4095 7e-05
4110 7e-05
4125 7e-05
4140 7e-05
4155 7e-05
4170 7e-05
4185 7.2e-05
4200 7.2e-05
4215 7.2e-05
4230 7.2e-05
4245 7.2e-05
4260 7.2e-05
4275 7.2e-05
4290 7.2e-05
4305 7.2e-05
4320 7.2e-05
4335 7.2e-05
4350 7.2e-05
4365 7.2e-05
4380 7.2e-05
4395 7.2e-05
4410 7.2e-05
4425 7.4e-05
4440 7.4e-05
4455 7.4e-05
4470 7.4e-05
4485 7.6e-05
4500 7.6e-05
4515 7.6e-05
4530 7.6e-05
4545 7.6e-05
4560 7.6e-05
4575 7.6e-05
4590 7.6e-05
4605 7.6e-05
4620 7.6e-05
4635 7.6e-05
4650 7.6e-05
4665 7.6e-05
4680 7.6e-05
4695 7.6e-05
4710 7.8e-05
4725 7.8e-05
4740 7.8e-05
4755 7.8e-05
4770 7.8e-05
4785 8e-05
4800 8e-05
4815 8e-05
4830 8e-05
4845 8e-05
4860 8e-05
4875 8e-05
4890 8e-05
4905 8e-05
4920 8e-05
4935 8e-05
4950 8e-05
4965 8e-05
4980 8e-05
4995 8e-05
5010 8e-05
5025 8e-05
5040 8e-05
5055 8e-05
5070 8e-05
5085 8e-05
5100 8e-05
5115 8e-05
5130 8e-05
5145 8e-05
5160 8e-05
5175 8e-05
5190 8e-05
5205 8e-05
5220 8e-05
5235 8e-05
5250 8e-05
5265 8e-05
5280 8.2e-05
5295 8.2e-05
5310 8.2e-05
5325 8.2e-05
5340 8.2e-05
5355 8.2e-05
5370 8.2e-05
5385 8.2e-05
5400 8.2e-05
5415 8.2e-05
5430 8.2e-05
5445 8.2e-05
5460 8.2e-05
5475 8.2e-05
5490 8.2e-05
5505 8.2e-05
5520 8.2e-05
5535 8.2e-05
5550 8.2e-05
5565 8.2e-05
5580 8.2e-05
5595 8.2e-05
5610 8.2e-05
5625 8.2e-05
5640 8.2e-05
5655 8.2e-05
5670 8.2e-05
5685 8.2e-05
5700 8.2e-05
5715 8.2e-05
5730 8.2e-05
5745 8.2e-05
5760 8.2e-05
5775 8.2e-05
5790 8.2e-05
5805 8.2e-05
5820 8.2e-05
5835 8.2e-05
5850 8.2e-05
5865 8.2e-05
5880 8.2e-05
5895 8.2e-05
5910 8.2e-05
5925 8.2e-05
5940 8.2e-05
5955 8.2e-05
5970 8.2e-05
5985 8.2e-05
6000 8.2e-05
6015 8.2e-05
6030 8.2e-05
6045 8.2e-05
6060 8.2e-05
6075 8.2e-05
6090 8.2e-05
6105 8.2e-05
6120 8.2e-05
6135 8.2e-05
6150 8.2e-05
6165 8.2e-05
6180 8.2e-05
6195 8.2e-05
6210 8.2e-05
6225 8.2e-05
6240 8.2e-05
6255 8.2e-05
6270 8.2e-05
6285 8.2e-05
6300 8.2e-05
6315 8.2e-05
6330 8.4e-05
6345 8.4e-05
6360 8.4e-05
6375 8.4e-05
6390 8.4e-05
6405 8.4e-05
6420 8.4e-05
6435 8.4e-05
6450 8.4e-05
6465 8.4e-05
6480 8.4e-05
6495 8.4e-05
6510 8.4e-05
6525 8.4e-05
6540 8.4e-05
6555 8.4e-05
6570 8.4e-05
6585 8.4e-05
6600 8.4e-05
6615 8.4e-05
6630 8.4e-05
6645 8.4e-05
6660 8.4e-05
6675 8.4e-05
6690 8.4e-05
6705 8.4e-05
6720 8.4e-05
6735 8.4e-05
6750 8.4e-05
6765 8.4e-05
6780 8.4e-05
6795 8.4e-05
6810 8.4e-05
6825 8.4e-05
6840 8.4e-05
6855 8.4e-05
6870 8.4e-05
6885 8.4e-05
6900 8.4e-05
6915 8.4e-05
6930 8.8e-05
6945 8.8e-05
6960 8.8e-05
6975 8.8e-05
6990 8.8e-05
7005 8.8e-05
7020 9e-05
7035 9e-05
7050 9e-05
7065 9e-05
7080 9e-05
7095 9e-05
7110 9e-05
7125 9e-05
7140 9e-05
7155 9e-05
7170 9e-05
7185 9e-05
7200 9e-05
7215 9e-05
7230 9e-05
7245 9e-05
7260 9e-05
7275 9e-05
7290 9e-05
7305 9e-05
7320 9e-05
7335 9e-05
7350 9e-05
7365 9e-05
7380 9.2e-05
7395 9.2e-05
7410 9.2e-05
7425 9.2e-05
7440 9.2e-05
7455 9.2e-05
7470 9.2e-05
7485 9.4e-05
7500 9.4e-05
7515 9.4e-05
7530 9.4e-05
7545 9.4e-05
7560 9.4e-05
7575 9.4e-05
7590 9.4e-05
7605 9.4e-05
7620 9.4e-05
7635 9.4e-05
7650 9.4e-05
7665 9.6e-05
7680 9.6e-05
7695 9.6e-05
7710 9.6e-05
7725 9.6e-05
7740 9.6e-05
7755 9.6e-05
7770 9.6e-05
7785 9.6e-05
7800 9.6e-05
7815 9.6e-05
7830 9.6e-05
7845 9.6e-05
7860 9.6e-05
7875 9.6e-05
7890 9.6e-05
7905 9.6e-05
7920 9.6e-05
7935 9.6e-05
7950 9.6e-05
7965 9.6e-05
7980 9.6e-05
7995 9.6e-05
8010 9.6e-05
8025 9.6e-05
8040 9.6e-05
8055 9.6e-05
8070 9.6e-05
8085 9.6e-05
8100 9.6e-05
8115 9.6e-05
8130 9.6e-05
8145 9.6e-05
8160 9.6e-05
8175 9.6e-05
8190 9.6e-05
8205 9.8e-05
8220 9.8e-05
8235 9.8e-05
8250 9.8e-05
8265 9.8e-05
8280 9.8e-05
8295 9.8e-05
8310 9.8e-05
8325 9.8e-05
8340 9.8e-05
8355 9.8e-05
8370 9.8e-05
8385 9.8e-05
8400 9.8e-05
8415 9.8e-05
8430 9.8e-05
8445 9.8e-05
8460 9.8e-05
8475 9.8e-05
8490 9.8e-05
8505 9.8e-05
8520 9.8e-05
8535 9.8e-05
8550 9.8e-05
8565 9.8e-05
8580 9.8e-05
8595 9.8e-05
8610 9.8e-05
8625 9.8e-05
8640 9.8e-05
8655 9.8e-05
8670 0.0001
8685 0.0001
8700 0.0001
8715 0.0001
8730 0.0001
8745 0.0001
8760 0.0001
8775 0.0001
8790 0.0001
8805 0.0001
8820 0.0001
8835 0.0001
8850 0.0001
8865 0.0001
8880 0.0001
8895 0.0001
8910 0.0001
8925 0.0001
8940 0.0001
8955 0.0001
8970 0.0001
8985 0.0001
9000 0.0001
9015 0.0001
9030 0.0001
9045 0.0001
9060 0.0001
9075 0.0001
9090 0.0001
9105 0.0001
9120 0.0001
9135 0.0001
9150 0.0001
9165 0.0001
9180 0.0001
9195 0.0001
9210 0.0001
9225 0.0001
9240 0.000102
9255 0.000102
9270 0.000102
9285 0.000102
9300 0.000104
9315 0.000104
9330 0.000104
9345 0.000104
9360 0.000104
9375 0.000104
9390 0.000104
9405 0.000104
9420 0.000104
9435 0.000104
9450 0.000104
9465 0.000104
9480 0.000104
9495 0.000104
9510 0.000104
9525 0.000104
9540 0.000104
9555 0.000104
9570 0.000104
9585 0.000104
9600 0.000104
9615 0.000104
9630 0.000104
9645 0.000104
9660 0.000104
9675 0.000104
9690 0.000104
9705 0.000104
9720 0.000104
9735 0.000104
9750 0.000104
9765 0.000104
9780 0.000104
9795 0.000104
9810 0.000104
9825 0.000106
9840 0.000106
9855 0.000106
9870 0.000106
9885 0.000106
9900 0.000106
9915 0.000106
9930 0.000106
9945 0.000106
9960 0.000106
9975 0.000106
9990 0.000106
10005 0.000106
10020 0.000106
10035 0.000106
10050 0.000106
10065 0.000106
10080 0.000106
10095 0.000106
10110 0.000106
10125 0.000106
10140 0.000106
10155 0.000106
10170 0.000106
10185 0.000106
10200 0.000106
10215 0.000106
10230 0.000106
10245 0.000106
10260 0.000106
10275 0.000106
10290 0.000106
10305 0.000106
10320 0.000106
10335 0.000106
10350 0.000106
10365 0.000106
10380 0.000106
10395 0.000106
10410 0.000106
10425 0.000106
10440 0.000106
10455 0.000106
10470 0.000106
10485 0.000106
10500 0.000106
10515 0.000106
10530 0.000106
10545 0.000106
10560 0.000106
10575 0.000106
10590 0.000106
10605 0.000106
10620 0.000106
10635 0.000106
10650 0.000106
10665 0.000106
10680 0.000106
10695 0.000106
10710 0.000106
10725 0.000106
10740 0.000106
10755 0.000106
10770 0.000106
10785 0.000106
10800 0.000106
10815 0.000106
10830 0.000106
10845 0.000106
10860 0.000106
10875 0.000106
10890 0.000106
10905 0.000106
10920 0.000106
10935 0.000106
10950 0.000106
10965 0.000106
10980 0.000106
10995 0.000106
11010 0.000106
11025 0.000106
11040 0.000106
11055 0.000106
11070 0.000106
11085 0.000106
11100 0.000106
11115 0.000106
11130 0.000106
11145 0.000106
11160 0.000106
11175 0.000108
11190 0.000108
11205 0.000108
11220 0.000108
11235 0.000108
11250 0.000108
11265 0.000108
11280 0.000108
11295 0.000108
11310 0.000108
11325 0.000108
11340 0.000108
11355 0.000108
11370 0.000108
11385 0.000108
11400 0.000108
11415 0.000108
11430 0.00011
11445 0.00011
11460 0.00011
11475 0.00011
11490 0.00011
11505 0.00011
11520 0.000116
11535 0.000116
11550 0.000116
11565 0.000118
11580 0.000118
11595 0.000118
11610 0.000118
11625 0.000118
11640 0.000118
11655 0.000118
11670 0.000118
11685 0.000118
11700 0.000118
11715 0.000118
11730 0.00012
11745 0.00012
11760 0.00012
11775 0.00012
11790 0.00012
11805 0.00012
11820 0.00012
11835 0.00012
11850 0.00012
11865 0.00012
11880 0.00012
11895 0.00012
11910 0.00012
11925 0.00012
11940 0.000122
11955 0.000124
11970 0.000124
11985 0.000124
12000 0.000124
12015 0.000124
12030 0.000124
12045 0.000124
12060 0.000124
12075 0.000124
12090 0.000124
12105 0.000124
12120 0.000124
12135 0.000124
12150 0.000124
12165 0.000124
12180 0.000124
12195 0.000124
12210 0.000124
12225 0.000124
12240 0.000124
12255 0.000124
12270 0.000124
12285 0.000124
12300 0.000124
12315 0.000126
12330 0.000126
12345 0.000126
12360 0.000126
12375 0.000126
12390 0.000126
12405 0.000126
12420 0.000126
12435 0.000126
12450 0.000126
12465 0.000126
12480 0.000126
12495 0.000126
12510 0.000126
12525 0.000126
12540 0.000126
12555 0.000126
12570 0.000126
12585 0.000126
12600 0.000126
12615 0.000126
12630 0.000126
12645 0.000126
12660 0.000126
12675 0.000126
12690 0.000126
12705 0.000126
12720 0.000126
12735 0.000126
12750 0.000126
12765 0.000126
12780 0.000126
12795 0.000126
12810 0.000126
12825 0.000126
12840 0.000126
12855 0.000126
12870 0.000126
12885 0.000126
12900 0.000126
12915 0.000126
12930 0.000126
12945 0.000126
12960 0.000126
12975 0.000126
12990 0.000126
13005 0.000126
13020 0.000126
13035 0.000126
13050 0.000126
13065 0.000126
13080 0.000126
13095 0.000126
13110 0.000126
13125 0.000126
13140 0.000126
13155 0.000126
13170 0.000126
13185 0.000126
13200 0.000126
13215 0.000126
13230 0.000126
13245 0.000128
13260 0.000128
13275 0.000128
13290 0.000128
13305 0.000128
13320 0.000128
13335 0.000128
13350 0.000128
13365 0.000128
13380 0.000128
13395 0.000128
13410 0.000128
13425 0.000128
13440 0.000128
13455 0.000128
13470 0.000128
13485 0.000128
13500 0.000128
13515 0.000128
13530 0.000128
13545 0.00013
13560 0.00013
13575 0.00013
13590 0.00013
13605 0.00013
13620 0.00013
13635 0.00013
13650 0.00013
13665 0.00013
13680 0.00013
13695 0.00013
13710 0.00013
13725 0.00013
13740 0.00013
13755 0.00013
13770 0.00013
13785 0.00013
13800 0.00013
13815 0.00013
13830 0.00013
13845 0.00013
13860 0.00013
13875 0.00013
13890 0.00013
13905 0.00013
13920 0.00013
13935 0.00013
13950 0.00013
13965 0.00013
13980 0.00013
13995 0.00013
14010 0.00013
14025 0.00013
14040 0.00013
14055 0.00013
14070 0.00013
14085 0.00013
14100 0.00013
14115 0.00013
14130 0.00013
14145 0.00013
14160 0.00013
14175 0.00013
14190 0.00013
14205 0.00013
14220 0.00013
14235 0.00013
14250 0.000132
14265 0.000132
14280 0.000132
14295 0.000132
14310 0.000134
14325 0.000134
14340 0.000134
14355 0.000134
14370 0.000134
14385 0.000134
14400 0.000134
14415 0.000134
14430 0.000134
14445 0.000134
14460 0.000134
14475 0.000134
14490 0.000134
14505 0.000134
14520 0.000134
14535 0.000134
14550 0.000134
14565 0.000134
14580 0.000134
14595 0.000134
14610 0.000134
14625 0.000134
14640 0.000134
14655 0.000134
14670 0.000134
14685 0.000134
14700 0.000134
14715 0.000134
14730 0.000134
14745 0.000134
14760 0.000134
14775 0.000134
14790 0.000134
14805 0.000134
14820 0.000134
14835 0.000134
14850 0.000134
14865 0.000134
14880 0.000134
14895 0.000134
14910 0.000134
14925 0.000134
14940 0.000134
14955 0.000134
14970 0.000134
14985 0.000134
15000 0.000136
15015 0.000136
15030 0.000136
15045 0.000138
15060 0.000138
15075 0.00014
15090 0.00014
15105 0.00014
15120 0.00014
15135 0.00014
15150 0.00014
15165 0.00014
15180 0.00014
15195 0.00014
15210 0.00014
15225 0.00014
15240 0.00014
15255 0.00014
15270 0.00014
15285 0.00014
15300 0.00014
15315 0.00014
15330 0.00014
15345 0.00014
15360 0.00014
15375 0.00014
15390 0.00014
15405 0.00014
15420 0.00014
15435 0.00014
15450 0.00014
15465 0.00014
15480 0.00014
15495 0.00014
15510 0.00014
15525 0.00014
15540 0.00014
15555 0.00014
15570 0.00014
15585 0.00014
15600 0.00014
15615 0.00014
15630 0.00014
15645 0.00014
15660 0.000142
15675 0.000142
15690 0.000142
15705 0.000142
15720 0.000144
15735 0.000144
15750 0.000144
15765 0.000144
15780 0.000144
15795 0.000144
15810 0.000144
15825 0.000144
15840 0.000144
15855 0.000144
15870 0.000144
15885 0.000144
15900 0.000144
15915 0.000144
15930 0.000144
15945 0.000144
15960 0.000144
15975 0.000144
15990 0.000144
16005 0.000144
16020 0.000144
16035 0.000144
16050 0.000144
16065 0.000144
16080 0.000144
16095 0.000144
16110 0.000144
16125 0.000144
16140 0.000146
16155 0.000146
16170 0.000146
16185 0.000146
16200 0.000146
16215 0.000146
16230 0.000146
16245 0.000146
16260 0.000146
16275 0.000146
16290 0.000146
16305 0.000146
16320 0.000146
16335 0.000146
16350 0.000146
16365 0.000146
16380 0.000146
16395 0.000146
16410 0.000146
16425 0.000146
16440 0.000146
16455 0.000146
16470 0.000146
16485 0.000148
16500 0.00015
16515 0.00015
16530 0.00015
16545 0.00015
16560 0.00015
16575 0.00015
16590 0.000152
16605 0.000152
16620 0.000152
16635 0.000152
16650 0.000152
16665 0.000152
16680 0.000152
16695 0.000152
16710 0.000152
16725 0.000152
16740 0.000152
16755 0.000152
16770 0.000154
16785 0.000154
16800 0.000154
16815 0.000154
16830 0.000154
16845 0.000154
16860 0.000154
16875 0.000154
16890 0.000154
16905 0.000154
16920 0.000154
16935 0.000154
16950 0.000154
16965 0.000154
16980 0.000154
16995 0.000154
17010 0.000154
17025 0.000154
17040 0.000154
17055 0.000154
17070 0.000154
17085 0.000154
17100 0.000154
17115 0.000154
17130 0.000154
17145 0.000154
17160 0.000154
17175 0.000154
17190 0.000154
17205 0.000154
17220 0.000154
17235 0.000154
17250 0.000154
17265 0.000154
17280 0.000154
17295 0.000154
17310 0.000154
17325 0.000156
17340 0.000156
17355 0.000156
17370 0.000156
17385 0.000156
17400 0.000156
17415 0.000156
17430 0.000156
17445 0.000156
17460 0.000156
17475 0.000156
17490 0.000156
17505 0.000156
17520 0.000156
17535 0.000156
17550 0.000156
17565 0.000156
17580 0.000156
17595 0.000156
17610 0.000156
17625 0.000156
17640 0.000156
17655 0.000156
17670 0.000156
17685 0.000156
17700 0.000156
17715 0.000156
17730 0.000156
17745 0.000156
17760 0.000156
17775 0.000156
17790 0.000156
17805 0.000156
17820 0.000156
17835 0.000156
17850 0.000156
17865 0.000156
17880 0.000156
17895 0.000158
17910 0.000158
17925 0.000158
17940 0.000158
17955 0.000158
17970 0.000158
17985 0.000158
18000 0.000158
18015 0.000158
18030 0.000158
18045 0.00016
18060 0.00016
18075 0.00016
18090 0.00016
18105 0.00016
18120 0.00016
18135 0.00016
18150 0.00016
18165 0.00016
18180 0.00016
18195 0.00016
18210 0.00016
18225 0.00016
18240 0.00016
18255 0.00016
18270 0.00016
18285 0.00016
18300 0.00016
18315 0.00016
18330 0.00016
18345 0.00016
18360 0.00016
18375 0.00016
18390 0.00016
18405 0.00016
18420 0.00016
18435 0.00016
18450 0.00016
18465 0.00016
18480 0.000162
18495 0.000162
18510 0.000162
18525 0.000162
18540 0.000162
18555 0.000162
18570 0.000162
18585 0.000164
18600 0.000164
18615 0.000164
18630 0.000164
18645 0.000164
18660 0.000164
18675 0.000164
18690 0.000164
18705 0.000164
18720 0.000164
18735 0.000164
18750 0.000164
18765 0.000166
18780 0.000166
18795 0.000166
18810 0.000166
18825 0.000168
18840 0.000168
18855 0.000168
18870 0.000168
18885 0.000168
18900 0.00017
18915 0.00017
18930 0.00017
18945 0.00017
18960 0.00017
18975 0.00017
18990 0.00017
19005 0.00017
19020 0.00017
19035 0.00017
19050 0.00017
19065 0.00017
19080 0.00017
19095 0.00017
19110 0.00017
19125 0.00017
19140 0.00017
19155 0.00017
19170 0.00017
19185 0.00017
19200 0.00017
19215 0.00017
19230 0.00017
19245 0.00017
19260 0.000172
19275 0.000172
19290 0.000172
19305 0.000172
19320 0.000174
19335 0.000174
19350 0.000176
19365 0.000176
19380 0.000176
19395 0.000176
19410 0.000176
19425 0.000176
19440 0.000176
19455 0.000176
19470 0.000178
19485 0.000178
19500 0.000178
19515 0.000178
19530 0.000178
19545 0.000178
19560 0.000178
19575 0.000178
19590 0.000178
19605 0.000178
19620 0.000178
19635 0.00018
19650 0.00018
19665 0.00018
19680 0.00018
19695 0.00018
19710 0.00018
19725 0.00018
19740 0.00018
19755 0.00018
19770 0.00018
19785 0.00018
19800 0.00018
19815 0.00018
19830 0.00018
19845 0.00018
19860 0.00018
19875 0.00018
19890 0.00018
19905 0.000182
19920 0.000182
19935 0.000182
19950 0.000182
19965 0.000182
19980 0.000182
19995 0.000182
20010 0.000182
20025 0.000182
20040 0.000186
20055 0.000186
20070 0.000186
20085 0.000186
20100 0.000186
20115 0.000186
20130 0.000186
20145 0.000186
20160 0.000186
20175 0.000186
20190 0.000186
20205 0.000186
20220 0.000186
20235 0.000186
20250 0.000186
20265 0.000186
20280 0.000186
20295 0.000186
20310 0.000186
20325 0.000186
20340 0.000186
20355 0.000188
20370 0.000188
20385 0.000188
20400 0.000188
20415 0.000188
20430 0.000188
20445 0.000188
20460 0.00019
20475 0.00019
20490 0.00019
20505 0.00019
20520 0.00019
20535 0.00019
20550 0.00019
20565 0.00019
20580 0.00019
20595 0.00019
20610 0.00019
20625 0.00019
20640 0.00019
20655 0.00019
20670 0.00019
20685 0.00019
20700 0.00019
20715 0.00019
20730 0.00019
20745 0.00019
20760 0.00019
20775 0.00019
20790 0.00019
20805 0.00019
20820 0.000194
20835 0.000194
20850 0.000194
20865 0.000194
20880 0.000194
20895 0.000194
20910 0.000194
20925 0.000194
20940 0.000194
20955 0.000194
20970 0.000194
20985 0.000194
21000 0.000194
21015 0.000194
21030 0.000194
21045 0.000194
21060 0.000194
21075 0.000194
21090 0.000194
21105 0.000194
21120 0.000194
21135 0.000194
21150 0.000194
21165 0.000194
21180 0.000194
21195 0.000194
21210 0.000194
21225 0.000194
21240 0.000194
21255 0.000194
21270 0.000194
21285 0.000194
21300 0.000194
21315 0.000194
21330 0.000194
21345 0.0002
21360 0.0002
21375 0.0002
21390 0.0002
21405 0.0002
21420 0.000202
21435 0.000202
21450 0.000202
21465 0.000202
21480 0.000202
21495 0.000202
21510 0.000202
21525 0.000202
21540 0.000202
21555 0.000204
21570 0.000204
21585 0.000204
21600 0.000204
21615 0.000204
21630 0.000204
21645 0.000204
21660 0.000204
21675 0.000204
21690 0.000204
21705 0.000204
21720 0.000204
21735 0.000204
21750 0.000204
21765 0.000204
21780 0.000204
21795 0.000204
21810 0.000204
21825 0.000204
21840 0.000204
21855 0.000208
21870 0.000208
21885 0.000208
21900 0.000208
21915 0.000208
21930 0.000208
21945 0.00021
21960 0.00021
21975 0.00021
21990 0.00021
22005 0.00021
22020 0.00021
22035 0.00021
22050 0.00021
22065 0.00021
22080 0.00021
22095 0.00021
22110 0.00021
22125 0.00021
22140 0.00021
22155 0.00021
22170 0.00021
22185 0.00021
22200 0.00021
22215 0.00021
22230 0.00021
22245 0.00021
22260 0.00021
22275 0.00021
22290 0.00021
22305 0.00021
22320 0.00021
22335 0.00021
22350 0.00021
22365 0.00021
22380 0.00021
22395 0.00021
22410 0.00021
22425 0.00021
22440 0.00021
22455 0.00021
22470 0.00021
22485 0.00021
22500 0.00021
22515 0.00021
22530 0.00021
22545 0.00021
22560 0.00021
22575 0.00021
22590 0.00021
22605 0.00021
22620 0.000212
22635 0.000212
22650 0.000212
22665 0.000212
22680 0.000212
22695 0.000212
22710 0.000212
22725 0.000212
22740 0.000212
22755 0.000212
22770 0.000212
22785 0.000212
22800 0.000216
22815 0.000218
22830 0.000218
22845 0.000218
22860 0.000218
22875 0.000218
22890 0.000218
22905 0.00022
22920 0.00022
22935 0.00022
22950 0.00022
22965 0.000222
22980 0.000222
22995 0.000222
23010 0.000224
23025 0.000232
23040 0.000232
23055 0.000232
23070 0.000232
23085 0.000232
23100 0.000232
23115 0.000232
23130 0.000232
23145 0.000232
23160 0.000232
23175 0.000232
23190 0.000232
23205 0.000232
23220 0.000232
23235 0.000232
23250 0.000232
23265 0.000232
23280 0.000232
23295 0.000232
23310 0.000234
23325 0.000234
23340 0.000234
23355 0.000234
23370 0.000236
23385 0.000236
23400 0.000236
23415 0.000236
23430 0.000236
23445 0.000236
23460 0.000236
23475 0.000236
23490 0.000238
23505 0.000238
23520 0.000238
23535 0.000238
23550 0.000238
23565 0.000238
23580 0.000238
23595 0.000238
23610 0.000238
23625 0.000238
23640 0.000238
23655 0.000238
23670 0.00024
23685 0.00024
23700 0.00024
23715 0.00024
23730 0.00024
23745 0.00024
23760 0.00024
23775 0.00024
23790 0.00024
23805 0.00024
23820 0.00024
23835 0.00024
23850 0.00024
23865 0.00024
23880 0.00024
23895 0.00024
23910 0.00024
23925 0.00024
23940 0.000242
23955 0.000242
23970 0.000242
23985 0.000242
24000 0.000242
24015 0.000242
24030 0.000242
24045 0.000242
24060 0.000242
24075 0.000242
24090 0.000242
24105 0.000242
24120 0.000242
24135 0.000242
24150 0.000242
24165 0.000242
24180 0.000242
24195 0.000242
24210 0.000242
24225 0.000242
24240 0.000242
24255 0.000242
24270 0.000242
24285 0.000242
24300 0.000242
24315 0.000242
24330 0.000242
24345 0.000242
24360 0.000242
24375 0.000242
24390 0.000242
24405 0.000242
24420 0.000242
24435 0.000244
24450 0.000244
24465 0.000244
24480 0.000244
24495 0.000244
24510 0.000244
24525 0.000244
24540 0.000244
24555 0.000244
24570 0.000244
24585 0.000244
24600 0.000244
24615 0.000244
24630 0.000244
24645 0.00025
24660 0.00025
24675 0.00025
24690 0.00025
24705 0.00025
24720 0.00025
24735 0.00025
24750 0.000252
24765 0.000252
24780 0.000252
24795 0.000256
24810 0.000256
24825 0.000256
24840 0.000256
24855 0.000256
24870 0.000256
24885 0.000256
24900 0.000258
24915 0.000258
24930 0.000258
24945 0.000258
24960 0.000258
24975 0.000258
24990 0.00026
25005 0.00026
25020 0.00026
25035 0.00026
25050 0.00026
25065 0.00026
25080 0.00026
25095 0.000264
25110 0.000264
25125 0.000264
25140 0.000264
25155 0.000264
25170 0.000264
25185 0.000264
25200 0.000264
25215 0.000264
25230 0.000266
25245 0.000268
25260 0.000268
25275 0.000268
25290 0.00027
25305 0.000272
25320 0.000272
25335 0.000272
25350 0.000272
25365 0.000272
25380 0.000272
25395 0.000272
25410 0.000272
25425 0.000272
25440 0.000272
25455 0.000272
25470 0.000272
25485 0.000272
25500 0.000272
25515 0.000272
25530 0.000272
25545 0.000272
25560 0.000272
25575 0.000272
25590 0.000274
25605 0.000274
25620 0.000274
25635 0.000274
25650 0.000274
25665 0.000274
25680 0.000274
25695 0.000274
25710 0.000276
25725 0.000278
25740 0.000278
25755 0.000278
25770 0.000278
25785 0.000278
25800 0.000278
25815 0.000278
25830 0.000278
25845 0.000278
25860 0.000278
25875 0.000278
25890 0.000278
25905 0.000278
25920 0.000278
25935 0.000278
25950 0.000278
25965 0.000278
25980 0.000278
25995 0.000278
26010 0.000278
26025 0.000278
26040 0.000278
26055 0.000278
26070 0.000278
26085 0.000278
26100 0.000278
26115 0.000278
26130 0.000278
26145 0.000278
26160 0.000278
26175 0.000278
26190 0.00028
26205 0.00028
26220 0.00028
26235 0.00028
26250 0.00028
26265 0.00028
26280 0.00028
26295 0.00028
26310 0.00028
26325 0.00028
26340 0.00028
26355 0.00028
26370 0.00028
26385 0.00028
26400 0.00028
26415 0.00028
26430 0.00028
26445 0.00028
26460 0.00028
26475 0.00028
26490 0.00028
26505 0.00028
26520 0.00028
26535 0.00028
26550 0.00028
26565 0.00028
26580 0.00028
26595 0.00028
26610 0.00028
26625 0.00028
26640 0.000282
26655 0.000282
26670 0.000284
26685 0.000284
26700 0.000284
26715 0.000284
26730 0.000284
26745 0.000284
26760 0.000284
26775 0.000284
26790 0.000284
26805 0.000284
26820 0.000286
26835 0.000286
26850 0.000286
26865 0.000286
26880 0.000286
26895 0.000288
26910 0.000288
26925 0.000288
26940 0.000288
26955 0.000288
26970 0.000288
26985 0.000288
27000 0.00029
27015 0.00029
27030 0.00029
27045 0.00029
27060 0.00029
27075 0.00029
27090 0.000292
27105 0.000292
27120 0.000292
27135 0.000292
27150 0.000294
27165 0.000294
27180 0.000296
27195 0.000296
27210 0.000296
27225 0.000296
27240 0.000296
27255 0.000296
27270 0.000296
27285 0.000296
27300 0.000296
27315 0.000296
27330 0.000296
27345 0.000296
27360 0.000296
27375 0.000296
27390 0.000296
27405 0.000296
27420 0.000296
27435 0.000296
27450 0.000296
27465 0.000296
27480 0.000296
27495 0.000296
27510 0.000296
27525 0.000296
27540 0.000296
27555 0.000296
27570 0.000296
27585 0.000296
27600 0.000296
27615 0.000296
27630 0.000298
27645 0.000298
27660 0.000298
27675 0.000298
27690 0.000298
27705 0.000298
27720 0.000298
27735 0.000306
27750 0.000306
27765 0.000306
27780 0.000306
27795 0.000306
27810 0.000306
27825 0.000306
27840 0.000306
27855 0.000306
27870 0.000306
27885 0.000306
27900 0.00031
27915 0.00031
27930 0.00031
27945 0.00031
27960 0.00031
27975 0.00031
27990 0.00031
28005 0.00031
28020 0.00031
28035 0.00031
28050 0.00031
28065 0.00031
28080 0.00031
28095 0.000312
28110 0.000312
28125 0.000312
28140 0.000312
28155 0.000312
28170 0.000312
28185 0.000312
28200 0.000312
28215 0.000312
28230 0.000316
28245 0.000316
28260 0.000316
28275 0.000316
28290 0.000316
28305 0.00032
28320 0.000324
28335 0.000324
28350 0.000324
28365 0.000326
28380 0.000326
28395 0.000326
28410 0.000326
28425 0.000328
28440 0.000328
28455 0.000328
28470 0.000332
28485 0.000332
28500 0.000332
28515 0.000332
28530 0.000332
28545 0.000332
28560 0.000332
28575 0.000332
28590 0.000332
28605 0.000332
28620 0.000332
28635 0.000332
28650 0.000332
28665 0.000336
28680 0.000336
28695 0.000336
28710 0.000336
28725 0.000336
28740 0.000336
28755 0.000336
28770 0.000336
28785 0.000336
28800 0.000336
28815 0.000336
28830 0.000336
28845 0.000336
28860 0.000336
28875 0.000336
28890 0.000336
28905 0.000336
28920 0.000336
28935 0.000336
28950 0.000336
28965 0.000336
28980 0.000336
28995 0.000336
29010 0.000336
29025 0.000336
29040 0.000336
29055 0.000336
29070 0.000336
29085 0.000338
29100 0.00034
29115 0.000342
29130 0.000342
29145 0.000342
29160 0.000342
29175 0.000342
29190 0.000342
29205 0.000342
29220 0.000342
29235 0.000342
29250 0.000342
29265 0.000342
29280 0.000342
29295 0.000342
29310 0.000342
29325 0.000342
29340 0.000342
29355 0.000342
29370 0.000342
29385 0.000342
29400 0.000342
29415 0.000344
29430 0.000344
29445 0.000344
29460 0.000344
29475 0.000344
29490 0.000348
29505 0.00035
29520 0.00035
29535 0.00035
29550 0.00035
29565 0.00035
29580 0.000352
29595 0.000352
29610 0.000354
29625 0.000358
29640 0.000358
29655 0.000358
29670 0.000358
29685 0.00036
29700 0.00036
29715 0.00036
29730 0.00036
29745 0.00036
29760 0.00036
29775 0.00036
29790 0.000364
29805 0.000368
29820 0.000368
29835 0.000372
29850 0.000372
29865 0.000372
29880 0.000376
29895 0.000378
29910 0.000378
29925 0.000378
29940 0.000378
29955 0.000378
29970 0.000378
29985 0.000378
30000 0.000378
30015 0.00038
30030 0.00038
30045 0.000382
30060 0.000382
30075 0.000382
30090 0.000382
30105 0.000382
30120 0.000382
30135 0.000382
30150 0.000382
30165 0.000382
30180 0.000382
30195 0.000382
30210 0.000382
30225 0.000382
30240 0.000382
30255 0.000382
30270 0.000382
30285 0.000382
30300 0.000382
30315 0.000382
30330 0.000382
30345 0.000382
30360 0.000382
30375 0.000382
30390 0.000382
30405 0.000382
30420 0.000382
30435 0.000384
30450 0.000384
30465 0.000384
30480 0.000384
30495 0.000384
30510 0.000384
30525 0.000384
30540 0.000384
30555 0.000384
30570 0.000384
30585 0.000384
30600 0.000384
30615 0.000384
30630 0.000384
30645 0.000384
30660 0.000384
30675 0.000388
30690 0.000388
30705 0.000388
30720 0.000388
30735 0.000388
30750 0.000388
30765 0.000388
30780 0.000394
30795 0.000394
30810 0.000394
30825 0.000394
30840 0.000394
30855 0.000394
30870 0.000394
30885 0.000398
30900 0.000398
30915 0.000398
30930 0.000398
30945 0.000398
30960 0.000398
30975 0.000398
30990 0.000398
31005 0.000398
31020 0.000398
31035 0.000398
31050 0.000398
31065 0.000398
31080 0.000398
31095 0.000398
31110 0.000398
31125 0.000398
31140 0.000398
31155 0.0004
31170 0.0004
31185 0.0004
31200 0.000402
31215 0.000402
31230 0.000402
31245 0.000404
31260 0.000404
31275 0.000404
31290 0.000406
31305 0.000406
31320 0.000406
31335 0.000406
31350 0.000406
31365 0.000406
31380 0.000406
31395 0.000406
31410 0.000406
31425 0.000412
31440 0.000412
31455 0.000412
31470 0.000412
31485 0.000412
31500 0.000412
31515 0.000416
31530 0.00042
31545 0.00042
31560 0.00042
31575 0.000422
31590 0.000424
31605 0.000424
31620 0.000424
31635 0.000424
31650 0.000424
31665 0.000424
31680 0.000424
31695 0.000424
31710 0.000424
31725 0.000424
31740 0.000424
31755 0.000424
31770 0.000434
31785 0.000434
31800 0.000434
31815 0.000434
31830 0.000434
31845 0.000434
31860 0.000436
31875 0.000436
31890 0.000438
31905 0.000438
31920 0.00044
31935 0.00044
31950 0.00044
31965 0.00044
31980 0.00045
31995 0.00045
32010 0.00045
32025 0.000452
32040 0.000452
32055 0.000452
32070 0.000452
32085 0.000456
32100 0.000456
32115 0.000456
32130 0.00046
32145 0.00046
32160 0.00046
32175 0.00046
32190 0.00046
32205 0.00046
32220 0.00046
32235 0.00046
32250 0.00046
32265 0.00046
32280 0.00046
32295 0.00046
32310 0.00046
32325 0.00046
32340 0.000464
32355 0.000464
32370 0.000464
32385 0.000464
32400 0.000472
32415 0.000472
32430 0.000472
32445 0.000472
32460 0.000472
32475 0.000472
32490 0.000472
32505 0.000474
32520 0.000478
32535 0.000478
32550 0.000478
32565 0.000478
32580 0.00048
32595 0.00048
32610 0.00048
32625 0.000484
32640 0.000488
32655 0.000488
32670 0.000488
32685 0.000492
32700 0.000492
32715 0.000492
32730 0.000492
32745 0.000492
32760 0.000492
32775 0.000492
32790 0.000492
32805 0.000492
32820 0.000496
32835 0.000496
32850 0.000496
32865 0.000496
32880 0.000504
32895 0.000504
32910 0.000512
32925 0.000512
32940 0.000512
32955 0.000512
32970 0.000512
32985 0.000512
33000 0.000514
33015 0.000514
33030 0.000514
33045 0.000514
33060 0.000514
33075 0.000514
33090 0.000514
33105 0.000514
33120 0.000514
33135 0.000514
33150 0.000514
33165 0.000514
33180 0.000514
33195 0.00052
33210 0.000522
33225 0.000522
33240 0.000522
33255 0.000522
33270 0.00053
33285 0.00053
33300 0.00053
33315 0.00053
33330 0.00053
33345 0.00053
33360 0.00053
33375 0.00053
33390 0.00053
33405 0.00053
33420 0.00053
33435 0.00053
33450 0.00053
33465 0.000534
33480 0.000534
33495 0.000534
33510 0.000534
33525 0.000534
33540 0.000534
33555 0.000534
33570 0.000534
33585 0.000534
33600 0.000536
33615 0.000536
33630 0.000536
33645 0.000546
33660 0.000546
33675 0.000546
33690 0.000546
33705 0.000546
33720 0.000546
33735 0.000548
33750 0.000548
33765 0.000548
33780 0.000548
33795 0.000548
33810 0.000548
33825 0.000558
33840 0.000558
33855 0.000558
33870 0.000558
33885 0.000558
33900 0.000558
33915 0.000558
33930 0.000558
33945 0.000558
33960 0.000568
33975 0.000568
33990 0.000568
34005 0.000568
34020 0.000568
34035 0.000574
34050 0.000574
34065 0.000574
34080 0.000574
34095 0.000574
34110 0.000574
34125 0.000574
34140 0.000574
34155 0.000594
34170 0.000594
34185 0.000594
34200 0.000594
34215 0.000602
34230 0.00061
34245 0.00061
34260 0.00061
34275 0.00061
34290 0.00061
34305 0.00061
34320 0.000612
34335 0.000612
34350 0.000612
34365 0.000618
34380 0.000618
34395 0.000618
34410 0.000618
34425 0.000618
34440 0.000618
34455 0.000618
34470 0.000618
34485 0.000618
34500 0.000618
34515 0.000618
34530 0.000618
34545 0.00062
34560 0.00062
34575 0.00062
34590 0.00062
34605 0.00062
34620 0.00062
34635 0.00062
34650 0.00062
34665 0.00062
34680 0.00062
34695 0.00062
34710 0.00062
34725 0.00062
34740 0.00062
34755 0.00062
34770 0.00062
34785 0.000624
34800 0.000624
34815 0.000626
34830 0.000626
34845 0.000626
34860 0.000628
34875 0.000628
34890 0.000628
34905 0.00063
34920 0.00063
34935 0.000638
34950 0.000638
34965 0.000642
34980 0.00066
34995 0.000668
35010 0.000668
35025 0.000668
35040 0.000668
35055 0.000668
35070 0.000668
35085 0.00067
35100 0.00067
35115 0.00067
35130 0.00067
35145 0.00067
35160 0.00067
35175 0.000674
35190 0.000674
35205 0.000674
35220 0.000674
35235 0.000684
35250 0.000684
35265 0.000684
35280 0.000686
35295 0.000686
35310 0.000686
35325 0.000686
35340 0.000686
35355 0.000686
35370 0.000686
35385 0.000686
35400 0.000688
35415 0.000688
35430 0.000688
35445 0.000688
35460 0.000688
35475 0.000688
35490 0.000688
35505 0.000688
35520 0.000688
35535 0.000688
35550 0.000688
35565 0.000688
35580 0.000688
35595 0.000688
35610 0.000688
35625 0.000688
35640 0.000692
35655 0.000706
35670 0.00072
35685 0.00072
35700 0.000722
35715 0.000722
35730 0.000722
35745 0.000722
35760 0.000722
35775 0.000722
35790 0.000722
35805 0.000722
35820 0.000744
35835 0.000748
35850 0.000748
35865 0.000748
35880 0.000748
35895 0.000748
35910 0.00075
35925 0.00075
35940 0.00075
35955 0.000752
35970 0.000752
35985 0.000754
36000 0.000754
36015 0.000754
36030 0.000754
36045 0.000754
36060 0.00076
36075 0.00076
36090 0.00076
36105 0.00076
36120 0.00076
36135 0.00076
36150 0.00076
36165 0.00076
36180 0.00076
36195 0.00076
36210 0.000764
36225 0.000766
36240 0.000766
36255 0.000766
36270 0.000766
36285 0.000766
36300 0.000766
36315 0.000766
36330 0.000766
36345 0.000766
36360 0.000766
36375 0.000766
36390 0.000798
36405 0.000798
36420 0.000798
36435 0.000798
36450 0.000802
36465 0.000812
36480 0.000812
36495 0.000812
36510 0.000812
36525 0.000816
36540 0.000816
36555 0.000832
36570 0.000842
36585 0.000842
36600 0.000842
36615 0.000842
36630 0.000842
36645 0.000842
36660 0.000842
36675 0.000848
36690 0.00085
36705 0.00085
36720 0.00085
36735 0.00085
36750 0.000856
36765 0.000856
36780 0.000856
36795 0.000856
36810 0.000856
36825 0.000856
36840 0.000856
36855 0.000856
36870 0.000856
36885 0.000856
36900 0.000856
36915 0.000856
36930 0.000856
36945 0.000858
36960 0.000858
36975 0.00086
36990 0.000872
37005 0.000872
37020 0.000872
37035 0.000872
37050 0.000872
37065 0.000874
37080 0.000874
37095 0.000876
37110 0.00088
37125 0.00088
37140 0.00088
37155 0.00088
37170 0.000886
37185 0.000886
37200 0.000888
37215 0.000888
37230 0.000888
37245 0.000888
37260 0.000888
37275 0.000904
37290 0.000916
37305 0.000916
37320 0.00092
37335 0.00092
37350 0.00092
37365 0.00092
37380 0.00092
37395 0.00092
37410 0.00092
37425 0.000926
37440 0.000926
37455 0.000926
37470 0.000926
37485 0.000926
37500 0.000926
37515 0.000934
37530 0.000936
37545 0.000946
37560 0.000946
37575 0.000946
37590 0.000946
37605 0.000946
37620 0.000946
37635 0.000946
37650 0.000954
37665 0.000954
37680 0.000958
37695 0.000958
37710 0.00096
37725 0.00096
37740 0.00096
37755 0.00096
37770 0.00096
37785 0.000964
37800 0.000964
37815 0.000964
37830 0.000964
37845 0.000966
37860 0.00098
37875 0.00098
37890 0.00098
37905 0.00098
37920 0.00098
37935 0.00098
37950 0.00098
37965 0.000982
37980 0.000988
37995 0.000988
38010 0.000988
38025 0.000988
38040 0.000992
38055 0.000992
38070 0.000992
38085 0.000992
38100 0.000992
38115 0.000992
38130 0.000992
38145 0.000996
38160 0.001
38175 0.001002
38190 0.001002
38205 0.001002
38220 0.001028
38235 0.001032
38250 0.001034
38265 0.001036
38280 0.001038
38295 0.001044
38310 0.001046
38325 0.001046
38340 0.001046
38355 0.001046
38370 0.001064
38385 0.001068
38400 0.001068
38415 0.001068
38430 0.001068
38445 0.001068
38460 0.001074
38475 0.001076
38490 0.001082
38505 0.001098
38520 0.001098
38535 0.001098
38550 0.001124
38565 0.00114
38580 0.001148
38595 0.00116
38610 0.00116
38625 0.00116
38640 0.00116
38655 0.00116
38670 0.00116
38685 0.00116
38700 0.00116
38715 0.001164
38730 0.001164
38745 0.001166
38760 0.001166
38775 0.001166
38790 0.001166
38805 0.001174
38820 0.001178
38835 0.001188
38850 0.001188
38865 0.0012
38880 0.0012
38895 0.0012
38910 0.0012
38925 0.001202
38940 0.001228
38955 0.001228
38970 0.001232
38985 0.001232
39000 0.001236
39015 0.001236
39030 0.001244
39045 0.001244
39060 0.001244
39075 0.001244
39090 0.001252
39105 0.001252
39120 0.001252
39135 0.001252
39150 0.001252
39165 0.001252
39180 0.001284
39195 0.001284
39210 0.00129
39225 0.0013
39240 0.0013
39255 0.0013
39270 0.0013
39285 0.001324
39300 0.001326
39315 0.00133
39330 0.00133
39345 0.001352
39360 0.001352
39375 0.001354
39390 0.001358
39405 0.001358
39420 0.001358
39435 0.001358
39450 0.001364
39465 0.001364
39480 0.001364
39495 0.001376
39510 0.001376
39525 0.001384
39540 0.001398
39555 0.001398
39570 0.001398
39585 0.001414
39600 0.001414
39615 0.001414
39630 0.001414
39645 0.001414
39660 0.001442
39675 0.001444
39690 0.001444
39705 0.001446
39720 0.001458
39735 0.001458
39750 0.001458
39765 0.001458
39780 0.001458
39795 0.001458
39810 0.001464
39825 0.001472
39840 0.00149
39855 0.00149
39870 0.001516
39885 0.001516
39900 0.001526
39915 0.001526
39930 0.001536
39945 0.001536
39960 0.00158
39975 0.001588
39990 0.001588
40005 0.001588
40020 0.00159
40035 0.00159
40050 0.00159
40065 0.00159
40080 0.00161
40095 0.001634
40110 0.001634
40125 0.00164
40140 0.001658
40155 0.00166
40170 0.00166
40185 0.001662
40200 0.001662
40215 0.00173
40230 0.00173
40245 0.00173
40260 0.00173
40275 0.00173
40290 0.00174
40305 0.00174
40320 0.001742
40335 0.00175
40350 0.00175
40365 0.00175
40380 0.00175
40395 0.00175
40410 0.001752
40425 0.001752
40440 0.00178
40455 0.001796
40470 0.001796
40485 0.001814
40500 0.00182
40515 0.001832
40530 0.001832
40545 0.001832
40560 0.001832
40575 0.001832
40590 0.001834
40605 0.001834
40620 0.001852
40635 0.001874
40650 0.001904
40665 0.001904
40680 0.001904
40695 0.001918
40710 0.001922
40725 0.001922
40740 0.001922
40755 0.001922
40770 0.001952
40785 0.001982
40800 0.001982
40815 0.001982
40830 0.001982
40845 0.001982
40860 0.002038
40875 0.002038
40890 0.002038
40905 0.002062
40920 0.002062
40935 0.00209
40950 0.00209
40965 0.00209
40980 0.00209
40995 0.00209
41010 0.002106
41025 0.002114
41040 0.002114
41055 0.002122
41070 0.002172
41085 0.002174
41100 0.002182
41115 0.002182
41130 0.002186
41145 0.002186
41160 0.002224
41175 0.002234
41190 0.002236
41205 0.002236
41220 0.002258
41235 0.002264
41250 0.002264
41265 0.002264
41280 0.00227
41295 0.00232
41310 0.002332
41325 0.002332
41340 0.002354
41355 0.00237
41370 0.002374
41385 0.00239
41400 0.00242
41415 0.00242
41430 0.002512
41445 0.00256
41460 0.00258
41475 0.00258
41490 0.00261
41505 0.002628
41520 0.002634
41535 0.002634
41550 0.002634
41565 0.00264
41580 0.002696
41595 0.002696
41610 0.00279
41625 0.002868
41640 0.002868
41655 0.002868
41670 0.002872
41685 0.002872
41700 0.002904
41715 0.002916
41730 0.002916
41745 0.002916
41760 0.002984
41775 0.002984
41790 0.002984
41805 0.003014
41820 0.003014
41835 0.003014
41850 0.003014
41865 0.003014
41880 0.00304
41895 0.00304
41910 0.00304
41925 0.003042
41940 0.003042
41955 0.003042
41970 0.003118
41985 0.00325
42000 0.003266
42015 0.003278
42030 0.003322
42045 0.003434
42060 0.003482
42075 0.003488
42090 0.003488
42105 0.003522
42120 0.003592
42135 0.003652
42150 0.003654
42165 0.003686
42180 0.003686
42195 0.003714
42210 0.003906
42225 0.003906
42240 0.00397
42255 0.004068
42270 0.004068
42285 0.004166
42300 0.004166
42315 0.004206
42330 0.004206
42345 0.00428
42360 0.00428
42375 0.00428
42390 0.00432
42405 0.004336
42420 0.004362
42435 0.004414
42450 0.004414
42465 0.004426
42480 0.004482
42495 0.004482
42510 0.00449
42525 0.0045
42540 0.0045
42555 0.00456
42570 0.00456
42585 0.004576
42600 0.004576
42615 0.004576
42630 0.00458
42645 0.00458
42660 0.00458
42675 0.00458
42690 0.004598
42705 0.004662
42720 0.004754
42735 0.004758
42750 0.004758
42765 0.004762
42780 0.004902
42795 0.004908
42810 0.004916
42825 0.00495
42840 0.005082
42855 0.005082
42870 0.005286
42885 0.005302
42900 0.00534
42915 0.005368
42930 0.005464
42945 0.005556
42960 0.00563
42975 0.005878
42990 0.005896
43005 0.006102
43020 0.006272
43035 0.006444
43050 0.006604
43065 0.006692
43080 0.006708
43095 0.006726
43110 0.006726
43125 0.006728
43140 0.006728
43155 0.00691
43170 0.00691
43185 0.007148
43200 0.00729
43215 0.007316
43230 0.007402
43245 0.007514
43260 0.00759
43275 0.007726
43290 0.007974
43305 0.008028
43320 0.008038
43335 0.008306
43350 0.00831
43365 0.008376
43380 0.00843
43395 0.008494
43410 0.008572
43425 0.008894
43440 0.009214
43455 0.009252
43470 0.009426
43485 0.00951
43500 0.009592
43515 0.009822
43530 0.009968
43545 0.010136
43560 0.01037
43575 0.010612
43590 0.010738
43605 0.010836
43620 0.011204
43635 0.01141
43650 0.01154
43665 0.011696
43680 0.01172
43695 0.012722
43710 0.013042
43725 0.013044
43740 0.013546
43755 0.014452
43770 0.014956
43785 0.014976
43800 0.015238
43815 0.015428
43830 0.015846
43845 0.017508
43860 0.018108
43875 0.018162
43890 0.018498
43905 0.018824
43920 0.01989
43935 0.020764
43950 0.02218
43965 0.022314
43980 0.022626
43995 0.023388
44010 0.025044
44025 0.026362
44040 0.028164
44055 0.029212
44070 0.029612
44085 0.03124
44100 0.031792
44115 0.03249
44130 0.036304
44145 0.037484
44160 0.044384
44175 0.046102
44190 0.049994
44205 0.05453
44220 0.060506
44235 0.06755
44250 0.072464
44265 0.075948
44280 0.090142
44295 0.100482
44310 0.11863
44325 0.156928
44340 0.186018
44355 0.25711
44370 0.270342
44385 0.325242
44400 0.376564
44415 0.40379
44430 0.42793
44445 0.504862
44460 0.545916
44475 0.579632
44490 0.58811
44505 0.613564
44520 0.62683
44535 0.632582
44550 0.645398
44565 0.66586
44580 0.671712
44595 0.681952
44610 0.693142
44625 0.698988
44640 0.702462
44655 0.707232
44670 0.71312
44685 0.71762
44700 0.724818
44715 0.727276
44730 0.730636
44745 0.732632
44760 0.734518
44775 0.737192
44790 0.741054
44805 0.743174
44820 0.74591
44835 0.749212
44850 0.750644
44865 0.753496
44880 0.75595
44895 0.758228
44910 0.759586
44925 0.76123
44940 0.762222
44955 0.76373
44970 0.76545
44985 0.767474
45000 0.768722
45015 0.770386
45030 0.771974
45045 0.7735
45060 0.77502
45075 0.776398
45090 0.77761
45105 0.778384
45120 0.779912
45135 0.781514
45150 0.78236
45165 0.783614
45180 0.784908
45195 0.78644
45210 0.787564
45225 0.788692
45240 0.791016
45255 0.791996
45270 0.793162
45285 0.794042
45300 0.795578
45315 0.796554
45330 0.797552
45345 0.798598
45360 0.799708
45375 0.800684
45390 0.80173
45405 0.802892
45420 0.803732
45435 0.804944
45450 0.80604
45465 0.806892
45480 0.807516
45495 0.808196
45510 0.809072
45525 0.809708
45540 0.810482
45555 0.81125
45570 0.812056
45585 0.81281
45600 0.813718
45615 0.814292
45630 0.814904
45645 0.815614
45660 0.816162
45675 0.81699
45690 0.81762
45705 0.81821
45720 0.819016
45735 0.819614
45750 0.82042
45765 0.821268
45780 0.82193
45795 0.822746
45810 0.823368
45825 0.82414
45840 0.824646
45855 0.82539
45870 0.825998
45885 0.826646
45900 0.827404
45915 0.828054
45930 0.828924
45945 0.82952
45960 0.830482
45975 0.831102
45990 0.831946
46005 0.832484
46020 0.833234
46035 0.834124
46050 0.8349
46065 0.83528
46080 0.835948
46095 0.83653
46110 0.837166
46125 0.838038
46140 0.838764
46155 0.839252
46170 0.839938
46185 0.840716
46200 0.841276
46215 0.841838
46230 0.84244
46245 0.842906
46260 0.843398
46275 0.844008
46290 0.844632
46305 0.845058
46320 0.845512
46335 0.84589
46350 0.846452
46365 0.847134
46380 0.847506
46395 0.848158
46410 0.84853
46425 0.849022
46440 0.849502
46455 0.850232
46470 0.850834
46485 0.851334
46500 0.851956
46515 0.852502
46530 0.853052
46545 0.853506
46560 0.853894
46575 0.854354
46590 0.85483
46605 0.855212
46620 0.85575
46635 0.856022
46650 0.856416
46665 0.856858
46680 0.857312
46695 0.857898
46710 0.858366
46725 0.858888
46740 0.859428
46755 0.85995
46770 0.860576
46785 0.860942
46800 0.861352
46815 0.861682
46830 0.862182
46845 0.86253
46860 0.86304
46875 0.863374
46890 0.863986
46905 0.864318
46920 0.864672
46935 0.865078
46950 0.865566
46965 0.865988
46980 0.866308
46995 0.866694
47010 0.867012
47025 0.867294
47040 0.867558
47055 0.868104
47070 0.868502
47085 0.868766
47100 0.869074
47115 0.869378
47130 0.869732
47145 0.870106
47160 0.870494
47175 0.870936
47190 0.871372
47205 0.87179
47220 0.87206
47235 0.872588
47250 0.873028
47265 0.8735
47280 0.873732
47295 0.874084
47310 0.874396
47325 0.87468
47340 0.874956
47355 0.875296
47370 0.875722
47385 0.876
47400 0.87636
47415 0.876664
47430 0.877112
47445 0.877436
47460 0.877786
47475 0.878102
47490 0.878444
47505 0.878644
47520 0.878988
47535 0.879296
47550 0.879762
47565 0.879984
47580 0.88029
47595 0.880602
47610 0.88094
47625 0.881246
47640 0.881404
47655 0.881588
47670 0.88192
47685 0.882338
47700 0.882582
47715 0.882864
47730 0.883196
47745 0.883456
47760 0.88377
47775 0.88405
47790 0.884394
47805 0.884694
47820 0.884968
47835 0.885182
47850 0.885454
47865 0.885764
47880 0.885988
47895 0.886198
47910 0.886526
47925 0.886914
47940 0.88714
47955 0.887406
47970 0.887594
47985 0.88791
48000 0.888168
48015 0.888438
48030 0.888694
48045 0.888876
48060 0.889116
48075 0.889352
48090 0.88956
48105 0.88978
48120 0.889974
48135 0.89022
48150 0.890476
48165 0.8907
48180 0.89098
48195 0.891314
48210 0.891552
48225 0.891878
48240 0.892096
48255 0.892382
48270 0.892672
48285 0.892936
48300 0.893154
48315 0.89336
48330 0.893662
48345 0.89393
48360 0.894168
48375 0.894352
48390 0.894618
48405 0.894842
48420 0.895152
48435 0.8955
48450 0.895686
48465 0.89597
48480 0.896222
48495 0.89655
48510 0.896748
48525 0.897084
48540 0.897388
48555 0.897614
48570 0.89784
48585 0.898064
48600 0.898324
48615 0.898512
48630 0.898722
48645 0.898914
48660 0.899168
48675 0.899412
48690 0.899562
48705 0.899832
48720 0.9001
48735 0.900336
48750 0.90061
48765 0.900828
48780 0.90106
48795 0.90125
48810 0.901428
48825 0.901728
48840 0.901964
48855 0.902212
48870 0.902498
48885 0.902726
48900 0.902944
48915 0.903156
48930 0.90332
48945 0.903558
48960 0.90373
48975 0.903884
48990 0.904098
49005 0.904308
49020 0.904472
49035 0.904674
49050 0.904876
49065 0.905084
49080 0.90527
49095 0.90549
49110 0.905714
49125 0.905896
49140 0.906124
49155 0.906292
49170 0.906508
49185 0.906798
49200 0.90697
49215 0.907128
49230 0.907314
49245 0.907506
49260 0.90775
49275 0.907986
49290 0.908152
49305 0.908366
49320 0.908548
49335 0.908724
49350 0.90892
49365 0.909102
49380 0.90928
49395 0.909532
49410 0.909676
49425 0.909842
49440 0.909996
49455 0.910144
49470 0.910324
49485 0.910452
49500 0.910606
49515 0.910824
49530 0.910968
49545 0.911204
49560 0.911386
49575 0.91157
49590 0.911798
49605 0.911972
49620 0.912146
49635 0.912378
49650 0.912576
49665 0.91278
49680 0.912976
49695 0.91313
49710 0.91338
49725 0.913602
49740 0.913766
49755 0.913952
49770 0.914144
49785 0.914322
49800 0.914524
49815 0.91466
49830 0.91486
49845 0.915062
49860 0.915224
49875 0.915408
49890 0.915636
49905 0.915822
49920 0.915972
49935 0.916066
49950 0.916224
49965 0.91638
49980 0.916544
49995 0.91672
50010 0.916896
50025 0.917116
50040 0.917262
50055 0.917416
50070 0.917588
50085 0.917774
50100 0.917892
50115 0.918044
50130 0.918212
50145 0.918402
50160 0.918532
50175 0.918706
50190 0.918826
50205 0.918956
50220 0.91913
50235 0.919268
50250 0.919428
50265 0.919606
50280 0.919706
50295 0.919864
50310 0.920054
50325 0.92021
50340 0.92037
50355 0.920552
50370 0.92075
50385 0.92086
50400 0.921022
50415 0.921224
50430 0.921352
50445 0.921522
50460 0.92166
50475 0.921832
50490 0.921978
50505 0.92217
50520 0.922394
50535 0.922598
50550 0.922786
50565 0.922898
50580 0.922988
50595 0.92316
50610 0.92325
50625 0.923364
50640 0.923472
50655 0.923668
50670 0.923844
50685 0.924034
50700 0.924214
50715 0.924324
50730 0.92446
50745 0.924588
50760 0.92473
50775 0.924874
50790 0.925034
50805 0.925146
50820 0.92534
50835 0.925484
50850 0.92563
50865 0.925792
50880 0.92596
50895 0.926154
50910 0.926226
50925 0.926284
50940 0.926356
50955 0.92646
50970 0.92654
50985 0.926596
51000 0.926674
51015 0.926734
51030 0.926766
51045 0.92681
51060 0.926828
51075 0.926854
51090 0.926864
51105 0.92688
51120 0.926894
51135 0.926904
51150 0.926906
51165 0.926922
51180 0.926928
51195 0.926936
51210 0.92694
51225 0.926946
51240 0.926954
51255 0.926958
51270 0.926976
51285 0.926982
51300 0.926986
51315 0.926992
51330 0.926998
51345 0.927
51360 0.927012
51375 0.927014
51390 0.927016
51405 0.927022
51420 0.927026
51435 0.927028
51450 0.927042
51465 0.927046
51480 0.927048
51495 0.927048
51510 0.927064
51525 0.927086
51540 0.9271
51555 0.92711
51570 0.927112
51585 0.927116
51600 0.92712
51615 0.927132
51630 0.927136
51645 0.92714
51660 0.927146
51675 0.927148
51690 0.927154
51705 0.927158
51720 0.927158
51735 0.927158
51750 0.927162
51765 0.927164
51780 0.927176
51795 0.927184
51810 0.92719
51825 0.927196
51840 0.927196
51855 0.927196
51870 0.927202
51885 0.927206
51900 0.927214
51915 0.927216
51930 0.927216
51945 0.927216
51960 0.927224
51975 0.927228
51990 0.927236
52005 0.927242
52020 0.92727
52035 0.927278
52050 0.92728
52065 0.927286
52080 0.92729
52095 0.927294
52110 0.927294
52125 0.927298
52140 0.9273
52155 0.927318
52170 0.927318
52185 0.92732
52200 0.927324
52215 0.92734
52230 0.927344
52245 0.927352
52260 0.927358
52275 0.927366
52290 0.927368
52305 0.92738
52320 0.927388
52335 0.927394
52350 0.9274
52365 0.927424
52380 0.927426
52395 0.927444
52410 0.927448
52425 0.927452
52440 0.927462
52455 0.927468
52470 0.927472
52485 0.927476
52500 0.927482
52515 0.92749
52530 0.927506
52545 0.927508
52560 0.927524
52575 0.92753
52590 0.927532
52605 0.927534
52620 0.927542
52635 0.92755
52650 0.927554
52665 0.927562
52680 0.927564
52695 0.927564
52710 0.927568
52725 0.927574
52740 0.927582
52755 0.927588
52770 0.92759
52785 0.927594
52800 0.927594
52815 0.927596
52830 0.927602
52845 0.927616
52860 0.927618
52875 0.927624
52890 0.927634
52905 0.92764
52920 0.92765
52935 0.927652
52950 0.927668
52965 0.927678
52980 0.927682
52995 0.927686
53010 0.927688
53025 0.927688
53040 0.927688
53055 0.9277
53070 0.927708
53085 0.927718
53100 0.927724
53115 0.92773
53130 0.927738
53145 0.927748
53160 0.927748
53175 0.927758
53190 0.927762
53205 0.927762
53220 0.927768
53235 0.927778
53250 0.927786
53265 0.927788
53280 0.9278
53295 0.927804
53310 0.927812
53325 0.927822
53340 0.927828
53355 0.927832
53370 0.927842
53385 0.927856
53400 0.927868
53415 0.92787
53430 0.927874
53445 0.927876
53460 0.927888
53475 0.927888
53490 0.927892
53505 0.927898
53520 0.927914
53535 0.927918
53550 0.92793
53565 0.927934
53580 0.927936
53595 0.927936
53610 0.927952
53625 0.927968
53640 0.927978
53655 0.92798
53670 0.928
53685 0.928016
53700 0.92802
53715 0.928024
53730 0.928032
53745 0.928032
53760 0.928042
53775 0.92805
53790 0.928058
53805 0.928062
53820 0.928066
53835 0.928068
53850 0.928076
53865 0.928082
53880 0.92809
53895 0.928094
53910 0.928102
53925 0.928116
53940 0.928128
53955 0.928132
53970 0.928146
53985 0.928148
54000 0.92817
54015 0.928174
54030 0.928178
54045 0.928184
54060 0.928188
54075 0.928198
54090 0.928206
54105 0.92821
54120 0.928218
54135 0.928226
54150 0.928244
54165 0.928252
54180 0.928264
54195 0.928268
54210 0.928272
54225 0.928278
54240 0.92829
54255 0.928294
54270 0.928302
54285 0.928314
54300 0.928324
54315 0.928328
54330 0.928334
54345 0.928336
54360 0.92834
54375 0.928346
54390 0.928358
54405 0.928366
54420 0.92837
54435 0.928372
54450 0.928374
54465 0.928374
54480 0.928376
54495 0.92838
54510 0.928384
54525 0.928386
54540 0.928388
54555 0.928392
54570 0.928404
54585 0.928412
54600 0.92842
54615 0.928426
54630 0.928434
54645 0.928448
54660 0.928452
54675 0.92846
54690 0.928468
54705 0.928478
54720 0.928492
54735 0.928496
54750 0.928502
54765 0.92851
54780 0.928524
54795 0.92853
54810 0.92854
54825 0.92854
54840 0.92855
54855 0.928552
54870 0.928566
54885 0.928574
54900 0.928582
54915 0.928582
54930 0.9286
54945 0.928604
54960 0.928604
54975 0.928608
54990 0.92861
55005 0.928612
55020 0.928616
55035 0.928626
55050 0.928634
55065 0.928646
55080 0.928648
55095 0.92865
55110 0.928664
55125 0.928668
55140 0.928676
55155 0.92868
55170 0.928684
55185 0.928688
55200 0.92869
55215 0.928692
55230 0.928704
55245 0.928716
55260 0.928718
55275 0.928726
55290 0.928734
55305 0.928744
55320 0.92876
55335 0.928772
55350 0.928778
55365 0.928782
55380 0.928794
55395 0.9288
55410 0.928804
55425 0.92881
55440 0.928816
55455 0.928818
55470 0.928822
55485 0.92883
55500 0.928834
55515 0.928838
55530 0.928842
55545 0.92885
55560 0.928856
55575 0.92886
55590 0.928862
55605 0.928872
55620 0.928882
55635 0.928888
55650 0.928896
55665 0.928902
55680 0.928908
55695 0.928916
55710 0.928936
55725 0.928946
55740 0.928946
55755 0.928946
55770 0.928956
55785 0.92896
55800 0.928968
55815 0.928972
55830 0.928986
55845 0.929
55860 0.929006
55875 0.929008
55890 0.92901
55905 0.929016
55920 0.929026
55935 0.929034
55950 0.929042
55965 0.929044
55980 0.929046
55995 0.929058
56010 0.929064
56025 0.929072
56040 0.929076
56055 0.929076
56070 0.929086
56085 0.92909
56100 0.929092
56115 0.929096
56130 0.929096
56145 0.929102
56160 0.929106
56175 0.929114
56190 0.929116
56205 0.929122
56220 0.929132
56235 0.929132
56250 0.929134
56265 0.929134
56280 0.929136
56295 0.929144
56310 0.92916
56325 0.929162
56340 0.929164
56355 0.929174
56370 0.92918
56385 0.929182
56400 0.929186
56415 0.929188
56430 0.929196
56445 0.9292
56460 0.929206
56475 0.929206
56490 0.929218
56505 0.929222
56520 0.929228
56535 0.92923
56550 0.92925
56565 0.929254
56580 0.929258
56595 0.929258
56610 0.929266
56625 0.92928
56640 0.929282
56655 0.929282
56670 0.929288
56685 0.929294
56700 0.929304
56715 0.929312
56730 0.929314
56745 0.929314
56760 0.92932
56775 0.929328
56790 0.929332
56805 0.929338
56820 0.92934
56835 0.929352
56850 0.929358
56865 0.929362
56880 0.929368
56895 0.929376
56910 0.929404
56925 0.929408
56940 0.929408
56955 0.929414
56970 0.929422
56985 0.929424
57000 0.92943
57015 0.92944
57030 0.929452
57045 0.929468
57060 0.929482
57075 0.929486
57090 0.929494
57105 0.929496
57120 0.92951
57135 0.929516
57150 0.929538
57165 0.929538
57180 0.929542
57195 0.929548
57210 0.92956
57225 0.929564
57240 0.929572
57255 0.929576
57270 0.92958
57285 0.929586
57300 0.92959
57315 0.929598
57330 0.929598
57345 0.929604
57360 0.929608
57375 0.929614
57390 0.929624
57405 0.92963
57420 0.929636
57435 0.929646
57450 0.92965
57465 0.929652
57480 0.929654
57495 0.929666
57510 0.92968
57525 0.92969
57540 0.929704
57555 0.92971
57570 0.929716
57585 0.92972
57600 0.92972
57615 0.929722
57630 0.929734
57645 0.92974
57660 0.929752
57675 0.929764
57690 0.929774
57705 0.92978
57720 0.929792
57735 0.929796
57750 0.92981
57765 0.929828
57780 0.929836
57795 0.929838
57810 0.929852
57825 0.92986
57840 0.929862
57855 0.92987
57870 0.929878
57885 0.92988
57900 0.929894
57915 0.929898
57930 0.929908
57945 0.929918
57960 0.929924
57975 0.929926
57990 0.929928
58005 0.929944
58020 0.929946
58035 0.929956
58050 0.929962
58065 0.929966
58080 0.929966
58095 0.929974
58110 0.929976
58125 0.929978
58140 0.929984
58155 0.92999
58170 0.929994
58185 0.93
58200 0.930012
58215 0.930012
58230 0.930018
58245 0.930026
58260 0.930032
58275 0.930044
58290 0.930052
58305 0.930056
58320 0.930062
58335 0.930062
58350 0.93007
58365 0.930074
58380 0.930078
58395 0.930088
58410 0.930092
58425 0.930104
58440 0.930108
58455 0.930114
58470 0.930126
58485 0.930134
58500 0.930134
58515 0.93014
58530 0.930142
58545 0.930154
58560 0.930158
58575 0.93017
58590 0.930184
58605 0.930188
58620 0.930188
58635 0.9302
58650 0.930204
58665 0.93021
58680 0.930214
58695 0.93022
58710 0.930224
58725 0.930244
58740 0.93025
58755 0.930254
58770 0.930266
58785 0.930282
58800 0.930286
58815 0.930288
58830 0.930304
58845 0.93031
58860 0.930318
58875 0.930324
58890 0.930326
58905 0.930328
58920 0.930346
58935 0.930356
58950 0.93036
58965 0.930368
58980 0.930378
58995 0.930384
59010 0.930386
59025 0.930392
59040 0.930394
59055 0.930398
59070 0.930402
59085 0.930402
59100 0.93041
59115 0.930422
59130 0.930426
59145 0.930432
59160 0.930438
59175 0.930442
59190 0.930446
59205 0.930448
59220 0.93046
59235 0.93047
59250 0.930482
59265 0.930488
59280 0.930492
59295 0.930506
59310 0.930508
59325 0.930512
59340 0.930522
59355 0.930526
59370 0.930532
59385 0.930536
59400 0.930536
59415 0.930542
59430 0.93055
59445 0.930552
59460 0.930556
59475 0.93056
59490 0.93057
59505 0.930574
59520 0.930586
59535 0.930588
59550 0.930592
59565 0.930596
59580 0.930604
59595 0.930612
59610 0.930612
59625 0.93062
59640 0.93063
59655 0.93064
59670 0.930646
59685 0.93065
59700 0.93065
59715 0.930658
59730 0.930662
59745 0.930666
59760 0.930668
59775 0.930674
59790 0.930678
59805 0.930696
59820 0.930706
59835 0.930708
59850 0.930714
59865 0.930716
59880 0.930722
59895 0.930724
59910 0.930726
59925 0.930744
59940 0.93075
59955 0.930766
59970 0.930772
59985 0.930774
60000 0.930776
60015 0.930778
60030 0.930792
60045 0.930798
60060 0.930804
60075 0.93081
60090 0.930812
60105 0.930824
60120 0.930828
60135 0.930832
60150 0.930836
60165 0.930846
60180 0.930854
60195 0.930856
60210 0.930866
60225 0.930868
60240 0.930878
60255 0.930884
60270 0.9309
60285 0.93091
60300 0.930916
60315 0.93092
60330 0.930928
60345 0.930932
60360 0.930934
60375 0.930936
60390 0.930944
60405 0.930948
60420 0.93095
60435 0.930956
60450 0.930966
60465 0.930968
60480 0.930974
60495 0.93098
60510 0.930988
60525 0.931
60540 0.931004
60555 0.93101
60570 0.931018
60585 0.931018
60600 0.931022
60615 0.931028
60630 0.931046
60645 0.931054
60660 0.931072
60675 0.931082
60690 0.931096
60705 0.9311
60720 0.931106
60735 0.931108
60750 0.931114
60765 0.93112
60780 0.931126
60795 0.93113
60810 0.931136
60825 0.931152
60840 0.931154
60855 0.93117
60870 0.93117
60885 0.931174
60900 0.931186
60915 0.931188
60930 0.93119
60945 0.931192
60960 0.931196
60975 0.9312
60990 0.931206
61005 0.931216
61020 0.931226
61035 0.931226
61050 0.931226
61065 0.93123
61080 0.931236
61095 0.931244
61110 0.931254
61125 0.931262
61140 0.931268
61155 0.93128
61170 0.931288
61185 0.931296
61200 0.931304
61215 0.931308
61230 0.931318
61245 0.931326
61260 0.931334
61275 0.931338
61290 0.931344
61305 0.931348
61320 0.931348
61335 0.931354
61350 0.931366
61365 0.931368
61380 0.93137
61395 0.93138
61410 0.931382
61425 0.931384
61440 0.931398
61455 0.931404
61470 0.93142
61485 0.931424
61500 0.931428
61515 0.931432
61530 0.931442
61545 0.931446
61560 0.931454
61575 0.931456
61590 0.93146
61605 0.931472
61620 0.931476
61635 0.931484
61650 0.931486
61665 0.931492
61680 0.931506
61695 0.93151
61710 0.931512
61725 0.93152
61740 0.931524
61755 0.93153
61770 0.931538
61785 0.931538
61800 0.931544
61815 0.931554
61830 0.931558
61845 0.93156
61860 0.931568
61875 0.931572
61890 0.931576
61905 0.93158
61920 0.931584
61935 0.9316
61950 0.931604
61965 0.931606
61980 0.931608
61995 0.931612
62010 0.931626
62025 0.931628
62040 0.93163
62055 0.931636
62070 0.931644
62085 0.93165
62100 0.931654
62115 0.93167
62130 0.93168
62145 0.93168
62160 0.931686
62175 0.931698
62190 0.931698
62205 0.931702
62220 0.931708
62235 0.931714
62250 0.931718
62265 0.93172
62280 0.931732
62295 0.931732
62310 0.931734
62325 0.931744
62340 0.93176
62355 0.931766
62370 0.93177
62385 0.931776
62400 0.931776
62415 0.931796
62430 0.931802
62445 0.93181
62460 0.931812
62475 0.931814
62490 0.931818
62505 0.931824
62520 0.931834
62535 0.931836
62550 0.931844
62565 0.93185
62580 0.931854
62595 0.93186
62610 0.931866
62625 0.931872
62640 0.931874
62655 0.931888
62670 0.931892
62685 0.931896
62700 0.9319
62715 0.931902
62730 0.931912
62745 0.931918
62760 0.93192
62775 0.931924
62790 0.931926
62805 0.931932
62820 0.931936
62835 0.931944
62850 0.931948
62865 0.931954
62880 0.931956
62895 0.931956
62910 0.931964
62925 0.93197
62940 0.931972
62955 0.931976
62970 0.931978
62985 0.931982
63000 0.931996
63015 0.932004
63030 0.93201
63045 0.932012
63060 0.932014
63075 0.932018
63090 0.932026
63105 0.932034
63120 0.932034
63135 0.93204
63150 0.932054
63165 0.932058
63180 0.932064
63195 0.932074
63210 0.932086
63225 0.93209
63240 0.932096
63255 0.932096
63270 0.932098
63285 0.932106
63300 0.932112
63315 0.932114
63330 0.932116
63345 0.93212
63360 0.932136
63375 0.932138
63390 0.932144
63405 0.932146
63420 0.932148
63435 0.932156
63450 0.932156
63465 0.932158
63480 0.93216
63495 0.932168
63510 0.93217
63525 0.932174
63540 0.932176
63555 0.932178
63570 0.932182
63585 0.932186
63600 0.932194
63615 0.932196
63630 0.932202
63645 0.93221
63660 0.932214
63675 0.932218
63690 0.932222
63705 0.932228
63720 0.932238
63735 0.93224
63750 0.932242
63765 0.932246
63780 0.932256
63795 0.93226
63810 0.932276
63825 0.932278
63840 0.932284
63855 0.932288
63870 0.932292
63885 0.932298
63900 0.932302
63915 0.93231
63930 0.932314
63945 0.932318
63960 0.932328
63975 0.932332
63990 0.93234
64005 0.932348
64020 0.932354
64035 0.932362
64050 0.93237
64065 0.932374
64080 0.93238
64095 0.932384
64110 0.932386
64125 0.932392
64140 0.932392
64155 0.9324
64170 0.932404
64185 0.932408
64200 0.932408
64215 0.932414
64230 0.932422
64245 0.932436
64260 0.932442
64275 0.932454
64290 0.932466
64305 0.932472
64320 0.93248
64335 0.932498
64350 0.9325
64365 0.93251
64380 0.932514
64395 0.932514
64410 0.932526
64425 0.932528
64440 0.932542
64455 0.932544
64470 0.932554
64485 0.93256
64500 0.932562
64515 0.932564
64530 0.932564
64545 0.932564
64560 0.932564
64575 0.932572
64590 0.932576
64605 0.93258
64620 0.932594
64635 0.932598
64650 0.932604
64665 0.93261
64680 0.93261
64695 0.932612
64710 0.932616
64725 0.93262
64740 0.932626
64755 0.932632
64770 0.932638
64785 0.932644
64800 0.932652
64815 0.932656
64830 0.93266
64845 0.93267
64860 0.932672
64875 0.932672
64890 0.932674
64905 0.932678
64920 0.932684
64935 0.932688
64950 0.932702
64965 0.93271
64980 0.932718
64995 0.932728
65010 0.932734
65025 0.932742
65040 0.932746
65055 0.93277
65070 0.93278
65085 0.93279
65100 0.932796
65115 0.932812
65130 0.932814
65145 0.932826
65160 0.932828
65175 0.932832
65190 0.932836
65205 0.932846
65220 0.932854
65235 0.932858
65250 0.932864
65265 0.93287
65280 0.932876
65295 0.932888
65310 0.93289
65325 0.93289
65340 0.932892
65355 0.932896
65370 0.9329
65385 0.932906
65400 0.932912
65415 0.932926
65430 0.932928
65445 0.932936
65460 0.932942
65475 0.932968
65490 0.932976
65505 0.932982
65520 0.932996
65535 0.933002
65550 0.933002
65565 0.933004
65580 0.93301
65595 0.93301
65610 0.933016
65625 0.933022
65640 0.93303
65655 0.93304
65670 0.933044
65685 0.933044
65700 0.933046
65715 0.933048
65730 0.933054
65745 0.933058
65760 0.933058
65775 0.933066
65790 0.933078
65805 0.933078
65820 0.933084
65835 0.93309
65850 0.933098
65865 0.933098
65880 0.9331
65895 0.933108
65910 0.933114
65925 0.93312
65940 0.933132
65955 0.933138
65970 0.933146
65985 0.933154
66000 0.93316
66015 0.933166
66030 0.93317
66045 0.933182
66060 0.933194
66075 0.933198
66090 0.933208
66105 0.933214
66120 0.93322
66135 0.933226
66150 0.933228
66165 0.933236
66180 0.933246
66195 0.933252
66210 0.933252
66225 0.933256
66240 0.933262
66255 0.933264
66270 0.93327
66285 0.93328
66300 0.933284
66315 0.933294
66330 0.933298
66345 0.933304
66360 0.933312
66375 0.933312
66390 0.93332
66405 0.933324
66420 0.93333
66435 0.933334
66450 0.933338
66465 0.933344
66480 0.933352
66495 0.933356
66510 0.933368
66525 0.93337
66540 0.93337
66555 0.93337
66570 0.933372
66585 0.933378
66600 0.93338
66615 0.933384
66630 0.933394
66645 0.933404
66660 0.933406
66675 0.933408
66690 0.933416
66705 0.933422
66720 0.93343
66735 0.933434
66750 0.933442
66765 0.933442
66780 0.933444
66795 0.933446
66810 0.933448
66825 0.933458
66840 0.933472
66855 0.933478
66870 0.933478
66885 0.933486
66900 0.93349
66915 0.933496
66930 0.933496
66945 0.933502
66960 0.933512
66975 0.933514
66990 0.93352
67005 0.933522
67020 0.933524
67035 0.93353
67050 0.933536
67065 0.933542
67080 0.933552
67095 0.93356
67110 0.933566
67125 0.933572
67140 0.933574
67155 0.93358
67170 0.933586
67185 0.933596
67200 0.933608
67215 0.93361
67230 0.93361
67245 0.93362
67260 0.933634
67275 0.93364
67290 0.933652
67305 0.933656
67320 0.933666
67335 0.933668
67350 0.933674
67365 0.933676
67380 0.933682
67395 0.933688
67410 0.93369
67425 0.933694
67440 0.9337
67455 0.933704
67470 0.933716
67485 0.933724
67500 0.933732
67515 0.933732
67530 0.933732
67545 0.933742
67560 0.933746
67575 0.93375
67590 0.933756
67605 0.933762
67620 0.933772
67635 0.933778
67650 0.933778
67665 0.933786
67680 0.933788
67695 0.933788
67710 0.93379
67725 0.933792
67740 0.933794
67755 0.933796
67770 0.9338
67785 0.9338
67800 0.933806
67815 0.933816
67830 0.933818
67845 0.933828
67860 0.933828
67875 0.933836
67890 0.93384
67905 0.933844
67920 0.933844
67935 0.933848
67950 0.933848
67965 0.933854
67980 0.933858
67995 0.933868
68010 0.933874
68025 0.933886
68040 0.933888
68055 0.933902
68070 0.933904
68085 0.933914
68100 0.93392
68115 0.933932
68130 0.933942
68145 0.93395
68160 0.93396
68175 0.933964
68190 0.933964
68205 0.93397
68220 0.933972
68235 0.933982
68250 0.933994
68265 0.933998
68280 0.933998
68295 0.934
68310 0.934004
68325 0.934014
68340 0.934022
68355 0.934028
68370 0.934044
68385 0.934046
68400 0.934058
68415 0.934072
68430 0.934078
68445 0.934082
68460 0.934082
68475 0.934088
68490 0.934118
68505 0.934124
68520 0.934126
68535 0.93413
68550 0.934134
68565 0.93414
68580 0.93415
68595 0.934162
68610 0.934172
68625 0.934188
68640 0.934204
68655 0.934214
68670 0.934218
68685 0.934218
68700 0.934224
68715 0.934228
68730 0.934242
68745 0.934246
68760 0.934256
68775 0.934264
68790 0.934266
68805 0.934272
68820 0.934276
68835 0.934278
68850 0.934284
68865 0.93429
68880 0.934294
68895 0.93431
68910 0.93431
68925 0.93431
68940 0.934322
68955 0.934326
68970 0.934328
68985 0.93433
69000 0.93433
69015 0.934336
69030 0.934344
69045 0.934348
69060 0.93435
69075 0.934352
69090 0.934356
69105 0.93436
69120 0.93437
69135 0.934372
69150 0.934378
69165 0.93438
69180 0.934388
69195 0.9344
69210 0.9344
69225 0.934408
69240 0.934412
69255 0.934414
69270 0.934424
69285 0.934424
69300 0.934426
69315 0.934426
69330 0.934428
69345 0.93443
69360 0.934432
69375 0.934434
69390 0.934446
69405 0.934452
69420 0.934456
69435 0.934462
69450 0.934464
69465 0.934464
69480 0.93447
69495 0.934476
69510 0.934478
69525 0.93449
69540 0.934498
69555 0.934504
69570 0.93451
69585 0.934516
69600 0.934522
69615 0.934524
69630 0.934532
69645 0.934542
69660 0.934544
69675 0.93456
69690 0.934568
69705 0.93458
69720 0.934584
69735 0.93459
69750 0.934596
69765 0.934602
69780 0.934608
69795 0.934612
69810 0.934616
69825 0.93462
69840 0.934628
69855 0.934634
69870 0.934646
69885 0.934652
69900 0.934662
69915 0.934662
69930 0.934668
69945 0.93467
69960 0.934678
69975 0.93468
69990 0.934682
70005 0.934688
70020 0.9347
70035 0.934706
70050 0.934706
70065 0.93471
70080 0.934712
70095 0.934722
70110 0.934722
70125 0.93473
70140 0.934736
70155 0.93475
70170 0.934754
70185 0.934758
70200 0.93476
70215 0.934762
70230 0.934766
70245 0.934774
70260 0.934782
70275 0.934788
70290 0.93479
70305 0.934798
70320 0.934806
70335 0.934814
70350 0.934816
70365 0.934822
70380 0.934834
70395 0.934848
70410 0.934848
70425 0.93485
70440 0.934854
70455 0.934862
70470 0.934868
70485 0.93487
70500 0.934886
70515 0.934886
70530 0.934894
70545 0.934898
70560 0.934898
70575 0.9349
70590 0.934904
70605 0.93491
70620 0.934914
70635 0.934916
70650 0.93492
70665 0.934922
70680 0.934924
70695 0.93493
70710 0.934942
70725 0.934944
70740 0.934958
70755 0.93498
70770 0.934982
70785 0.934988
70800 0.934994
70815 0.935004
70830 0.935006
70845 0.935012
70860 0.935038
70875 0.935038
70890 0.935038
70905 0.935048
70920 0.93505
70935 0.935058
70950 0.935068
70965 0.935074
70980 0.935084
70995 0.935096
71010 0.93511
71025 0.935116
71040 0.93512
71055 0.935124
71070 0.935138
71085 0.935144
71100 0.935148
71115 0.935148
71130 0.93515
71145 0.935152
71160 0.935158
71175 0.935166
71190 0.935172
71205 0.935182
71220 0.935184
71235 0.935186
71250 0.935188
71265 0.935194
71280 0.935196
71295 0.935198
71310 0.935204
71325 0.93522
71340 0.93523
71355 0.935232
71370 0.935242
71385 0.935252
71400 0.935264
71415 0.935264
71430 0.935266
71445 0.935268
71460 0.93527
71475 0.935272
71490 0.935274
71505 0.935276
71520 0.935278
71535 0.935286
71550 0.935294
71565 0.935296
71580 0.935306
71595 0.935312
71610 0.935312
71625 0.935314
71640 0.93532
71655 0.935324
71670 0.935328
71685 0.935332
71700 0.93534
71715 0.93534
71730 0.935348
71745 0.935354
71760 0.935358
71775 0.935368
71790 0.935382
71805 0.935388
71820 0.935394
71835 0.935396
71850 0.935406
71865 0.935414
71880 0.935424
71895 0.935442
71910 0.935444
71925 0.93545
71940 0.935454
71955 0.935458
71970 0.935476
71985 0.93548
72000 0.935486
72015 0.9355
72030 0.935504
72045 0.935506
72060 0.935522
72075 0.935528
72090 0.935532
72105 0.935534
72120 0.935538
72135 0.935542
72150 0.93555
72165 0.935554
72180 0.935574
72195 0.935578
72210 0.935582
72225 0.935586
72240 0.935588
72255 0.935594
72270 0.935598
72285 0.935602
72300 0.935612
72315 0.93562
72330 0.935632
72345 0.935634
72360 0.935638
72375 0.93564
72390 0.93564
72405 0.93565
72420 0.93566
72435 0.935662
72450 0.935664
72465 0.935666
72480 0.935678
72495 0.935682
72510 0.935688
72525 0.935696
72540 0.935698
72555 0.935702
72570 0.935704
72585 0.935704
72600 0.935714
72615 0.935722
72630 0.935734
72645 0.935734
72660 0.935734
72675 0.935762
72690 0.93578
72705 0.93579
72720 0.935794
72735 0.935798
72750 0.935802
72765 0.935804
72780 0.935806
72795 0.935808
72810 0.935816
72825 0.935818
72840 0.93582
72855 0.935822
72870 0.935824
72885 0.935838
72900 0.935848
72915 0.93585
72930 0.935856
72945 0.93586
72960 0.935866
72975 0.93587
72990 0.935876
73005 0.93588
73020 0.935882
73035 0.935886
73050 0.935894
73065 0.935898
73080 0.935908
73095 0.935912
73110 0.935914
73125 0.935916
73140 0.935922
73155 0.935928
73170 0.935936
73185 0.935938
73200 0.935948
73215 0.935948
73230 0.935948
73245 0.935954
73260 0.935958
73275 0.935962
73290 0.935968
73305 0.93597
73320 0.935974
73335 0.935976
73350 0.935992
73365 0.935994
73380 0.93601
73395 0.936016
73410 0.936032
73425 0.936036
73440 0.936044
73455 0.93605
73470 0.936052
73485 0.936054
73500 0.936064
73515 0.936066
73530 0.936072
73545 0.936074
73560 0.936078
73575 0.936084
73590 0.936088
73605 0.936096
73620 0.936104
73635 0.936106
73650 0.936108
73665 0.93612
73680 0.936128
73695 0.93613
73710 0.936138
73725 0.936148
73740 0.936158
73755 0.93617
73770 0.936176
73785 0.936182
73800 0.936184
73815 0.936184
73830 0.936186
73845 0.936186
73860 0.93619
73875 0.936192
73890 0.936196
73905 0.936202
73920 0.936216
73935 0.93622
73950 0.936234
73965 0.936242
73980 0.936244
73995 0.936248
74010 0.936254
74025 0.93626
74040 0.936268
74055 0.936268
74070 0.936278
74085 0.936282
74100 0.936286
74115 0.9363
74130 0.936314
74145 0.936322
74160 0.936324
74175 0.936328
74190 0.936328
74205 0.936334
74220 0.936338
74235 0.936348
74250 0.93635
74265 0.936354
74280 0.936356
74295 0.936364
74310 0.936364
74325 0.93637
74340 0.936372
74355 0.936374
74370 0.936374
74385 0.936384
74400 0.936398
74415 0.9364
74430 0.936402
74445 0.93641
74460 0.936416
74475 0.936424
74490 0.93643
74505 0.936436
74520 0.936436
74535 0.936448
74550 0.936458
74565 0.93646
74580 0.936462
74595 0.936474
74610 0.936482
74625 0.936506
74640 0.936508
74655 0.936514
74670 0.936524
74685 0.936542
74700 0.936546
74715 0.936556
74730 0.936562
74745 0.936564
74760 0.936574
74775 0.936584
74790 0.936586
74805 0.936592
74820 0.936594
74835 0.936596
74850 0.9366
74865 0.936606
74880 0.936606
74895 0.936614
74910 0.936632
74925 0.93664
74940 0.936644
74955 0.936648
74970 0.936666
74985 0.93667
