0 0.0002
15 0.0002
30 0.0002
45 0.0002
60 0.0002
75 0.0002
90 0.0002
105 0.0002
120 0.0002
135 0.0002
150 0.0002
165 0.00021
180 0.00021
195 0.00021
210 0.00021
225 0.00021
240 0.00022
255 0.00023
270 0.00025
285 0.00026
300 0.00027
315 0.00027
330 0.00028
345 0.00028
360 0.00028
375 0.00028
390 0.00028
405 0.00029
420 0.00029
435 0.0003
450 0.0003
465 0.0003
480 0.0003
495 0.0003
510 0.0003
525 0.0003
540 0.0003
555 0.0003
570 0.0003
585 0.0003
600 0.0003
615 0.0003
630 0.0003
645 0.0003
660 0.0003
675 0.0003
690 0.0003
705 0.0003
720 0.0003
735 0.0003
750 0.0003
765 0.0003
780 0.0003
795 0.0003
810 0.0003
825 0.0003
840 0.0003
855 0.0003
870 0.00031
885 0.00031
900 0.00031
915 0.00031
930 0.00031
945 0.00032
960 0.00032
975 0.00032
990 0.00032
1005 0.00032
1020 0.00032
1035 0.00032
1050 0.00032
1065 0.00032
1080 0.00033
1095 0.00033
1110 0.00034
1125 0.00034
1140 0.00034
1155 0.00034
1170 0.00035
1185 0.00035
1200 0.00036
1215 0.00038
1230 0.00038
1245 0.00038
1260 0.00038
1275 0.00038
1290 0.00039
1305 0.00039
1320 0.00039
1335 0.00039
1350 0.00039
1365 0.0004
1380 0.0004
1395 0.0004
1410 0.0004
1425 0.0004
1440 0.0004
1455 0.0004
1470 0.0004
1485 0.0004
1500 0.0004
1515 0.0004
1530 0.0004
1545 0.0004
1560 0.0004
1575 0.0004
1590 0.00041
1605 0.00041
1620 0.00041
1635 0.00041
1650 0.00041
1665 0.00041
1680 0.00041
1695 0.00041
1710 0.00041
1725 0.00041
1740 0.00041
1755 0.00041
1770 0.00041
1785 0.00041
1800 0.00041
1815 0.00041
1830 0.00041
1845 0.00041
1860 0.00041
1875 0.00042
1890 0.00042
1905 0.00043
1920 0.00043
1935 0.00043
1950 0.00043
1965 0.00043
1980 0.00044
1995 0.00045
2010 0.00045
2025 0.00045
2040 0.00045
2055 0.00045
2070 0.00045
2085 0.00046
2100 0.00047
2115 0.00047
2130 0.00047
2145 0.00047
2160 0.00047
2175 0.00047
2190 0.00048
2205 0.00048
2220 0.00048
2235 0.00049
2250 0.00049
2265 0.0005
2280 0.0005
2295 0.0005
2310 0.0005
2325 0.0005
2340 0.0005
2355 0.0005
2370 0.0005
2385 0.0005
2400 0.0005
2415 0.0005
2430 0.0005
2445 0.0005
2460 0.0005
2475 0.0005
2490 0.00052
2505 0.00052
2520 0.00052
2535 0.00052
2550 0.00052
2565 0.00052
2580 0.00052
2595 0.00053
2610 0.00053
2625 0.00053
2640 0.00053
2655 0.00053
2670 0.00053
2685 0.00053
2700 0.00054
2715 0.00054
2730 0.00054
2745 0.00054
2760 0.00054
2775 0.00054
2790 0.00054
2805 0.00055
2820 0.00055
2835 0.00055
2850 0.00055
2865 0.00056
2880 0.00056
2895 0.00057
2910 0.00057
2925 0.00057
2940 0.00057
2955 0.00059
2970 0.00059
2985 0.00059
3000 0.00059
3015 0.00059
3030 0.00059
3045 0.00059
3060 0.00059
3075 0.00059
3090 0.00059
3105 0.00059
3120 0.00059
3135 0.0006
3150 0.0006
3165 0.0006
3180 0.00061
3195 0.00061
3210 0.00061
3225 0.00062
3240 0.00062
3255 0.00062
3270 0.00062
3285 0.00062
3300 0.00062
3315 0.00063
3330 0.00063
3345 0.00063
3360 0.00063
3375 0.00063
3390 0.00064
3405 0.00064
3420 0.00064
3435 0.00064
3450 0.00064
3465 0.00066
3480 0.00066
3495 0.00066
3510 0.00066
3525 0.00066
3540 0.00066
3555 0.00066
3570 0.00066
3585 0.00066
3600 0.00066
3615 0.00067
3630 0.00067
3645 0.00068
3660 0.00068
3675 0.00068
3690 0.00068
3705 0.00069
3720 0.00069
3735 0.00069
3750 0.00069
3765 0.00069
3780 0.00069
3795 0.00069
3810 0.0007
3825 0.00071
3840 0.00071
3855 0.00071
3870 0.00072
3885 0.00072
3900 0.00072
3915 0.00072
3930 0.00072
3945 0.00072
3960 0.00072
3975 0.00072
3990 0.00073
4005 0.00075
4020 0.00076
4035 0.00077
4050 0.00078
4065 0.00079
4080 0.00079
4095 0.00079
4110 0.00079
4125 0.0008
4140 0.0008
4155 0.00081
4170 0.00081
4185 0.00082
4200 0.00082
4215 0.00082
4230 0.00082
4245 0.00082
4260 0.00082
4275 0.00082
4290 0.00083
4305 0.00083
4320 0.00083
4335 0.00083
4350 0.00084
4365 0.00084
4380 0.00084
4395 0.00084
4410 0.00085
4425 0.00086
4440 0.00087
4455 0.00089
4470 0.0009
4485 0.0009
4500 0.0009
4515 0.0009
4530 0.00092
4545 0.00093
4560 0.00093
4575 0.00094
4590 0.00095
4605 0.00096
4620 0.00096
4635 0.00096
4650 0.00096
4665 0.00097
4680 0.00099
4695 0.00099
4710 0.00099
4725 0.00099
4740 0.00099
4755 0.00099
4770 0.00099
4785 0.00099
4800 0.00099
4815 0.00099
4830 0.001
4845 0.001
4860 0.001
4875 0.00102
4890 0.00102
4905 0.00102
4920 0.00103
4935 0.00103
4950 0.00103
4965 0.00103
4980 0.00104
4995 0.00105
5010 0.00106
5025 0.00106
5040 0.00106
5055 0.00108
5070 0.00109
5085 0.00109
5100 0.0011
5115 0.00111
5130 0.00111
5145 0.00111
5160 0.00112
5175 0.00112
5190 0.00112
5205 0.00112
5220 0.00113
5235 0.00115
5250 0.00115
5265 0.00115
5280 0.00117
5295 0.00117
5310 0.00118
5325 0.00118
5340 0.00118
5355 0.00118
5370 0.00118
5385 0.00118
5400 0.00118
5415 0.00118
5430 0.00119
5445 0.0012
5460 0.00123
5475 0.00123
5490 0.00124
5505 0.00125
5520 0.00126
5535 0.00127
5550 0.00128
5565 0.00128
5580 0.00128
5595 0.00128
5610 0.00128
5625 0.0013
5640 0.00132
5655 0.00133
5670 0.00133
5685 0.00133
5700 0.00136
5715 0.00137
5730 0.00137
5745 0.00137
5760 0.00138
5775 0.0014
5790 0.00142
5805 0.00142
5820 0.00142
5835 0.00144
5850 0.00144
5865 0.00146
5880 0.00147
5895 0.00147
5910 0.00148
5925 0.00148
5940 0.00148
5955 0.0015
5970 0.00151
5985 0.00152
6000 0.00153
6015 0.00155
6030 0.00157
6045 0.00157
6060 0.00157
6075 0.00157
6090 0.00157
6105 0.00162
6120 0.00165
6135 0.00167
6150 0.00168
6165 0.00169
6180 0.0017
6195 0.00171
6210 0.00171
6225 0.00172
6240 0.00175
6255 0.00175
6270 0.00176
6285 0.00179
6300 0.00179
6315 0.00179
6330 0.00179
6345 0.0018
6360 0.00182
6375 0.00182
6390 0.00183
6405 0.00183
6420 0.00188
6435 0.00188
6450 0.00193
6465 0.00193
6480 0.00197
6495 0.00197
6510 0.00197
6525 0.00197
6540 0.002
6555 0.002
6570 0.00204
6585 0.00204
6600 0.00212
6615 0.00214
6630 0.00215
6645 0.00216
6660 0.00217
6675 0.00222
6690 0.00223
6705 0.00224
6720 0.00225
6735 0.00225
6750 0.00233
6765 0.00233
6780 0.00238
6795 0.0024
6810 0.00242
6825 0.00244
6840 0.00247
6855 0.00248
6870 0.00248
6885 0.00248
6900 0.00252
6915 0.00254
6930 0.00258
6945 0.00259
6960 0.00263
6975 0.00264
6990 0.00264
7005 0.00269
7020 0.0027
7035 0.00271
7050 0.00274
7065 0.0028
7080 0.00283
7095 0.00291
7110 0.00296
7125 0.00301
7140 0.00307
7155 0.00308
7170 0.00308
7185 0.00312
7200 0.00313
7215 0.00317
7230 0.00318
7245 0.00318
7260 0.00324
7275 0.00326
7290 0.00327
7305 0.00327
7320 0.00336
7335 0.00338
7350 0.00341
7365 0.00344
7380 0.00349
7395 0.00356
7410 0.0036
7425 0.0036
7440 0.00379
7455 0.0038
7470 0.00381
7485 0.00389
7500 0.00395
7515 0.00401
7530 0.00402
7545 0.00402
7560 0.00405
7575 0.00414
7590 0.00415
7605 0.00417
7620 0.00421
7635 0.00431
7650 0.00435
7665 0.00437
7680 0.00439
7695 0.00454
7710 0.00462
7725 0.0047
7740 0.00479
7755 0.00491
7770 0.00495
7785 0.00502
7800 0.00511
7815 0.00527
7830 0.00529
7845 0.00544
7860 0.00556
7875 0.00561
7890 0.00567
7905 0.00585
7920 0.00585
7935 0.00596
7950 0.00599
7965 0.00615
7980 0.0063
7995 0.00649
8010 0.00691
8025 0.00718
8040 0.00727
8055 0.00737
8070 0.00743
8085 0.00756
8100 0.00769
8115 0.00802
8130 0.00804
8145 0.00805
8160 0.00843
8175 0.00864
8190 0.00875
8205 0.00875
8220 0.00892
8235 0.00915
8250 0.00928
8265 0.00964
8280 0.01011
8295 0.01025
8310 0.01028
8325 0.0108
8340 0.01133
8355 0.01186
8370 0.01238
8385 0.01272
8400 0.0132
8415 0.01359
8430 0.01424
8445 0.01444
8460 0.01476
8475 0.01506
8490 0.01557
8505 0.0169
8520 0.01801
8535 0.0187
8550 0.01963
8565 0.02029
8580 0.02248
8595 0.02342
8610 0.02447
8625 0.02699
8640 0.02868
8655 0.02908
8670 0.02988
8685 0.03218
8700 0.03621
8715 0.04184
8730 0.04722
8745 0.04903
8760 0.05612
8775 0.06515
8790 0.07689
8805 0.08844
8820 0.09565
8835 0.08421
8850 0.08952
8865 0.07808
8880 0.07462
8895 0.07182
8910 0.05453
8925 0.03827
8940 0.02284
8955 0.02945
8970 0.01335
8985 0.01218
9000 0.01097
9015 0.00919
9030 0.00684
9045 0.00537
9060 0.00533
9075 0.00464
9090 0.00467
9105 0.00468
9120 0.00451
9135 0.00409
9150 0.00376
9165 0.0035
9180 0.003
9195 0.00299
9210 0.00299
9225 0.0027
9240 0.00266
9255 0.00266
9270 0.00236
9285 0.00236
9300 0.00236
9315 0.00234
9330 0.00233
9345 0.00229
9360 0.00229
9375 0.0022
9390 0.0022
9405 0.00198
9420 0.00198
9435 0.00184
9450 0.00184
9465 0.00179
9480 0.00168
9495 0.0016
9510 0.00157
9525 0.00157
9540 0.00151
9555 0.00143
9570 0.00143
9585 0.00146
9600 0.00146
9615 0.00146
9630 0.00146
9645 0.00143
9660 0.00143
9675 0.00151
9690 0.00144
9705 0.00144
9720 0.00143
9735 0.00143
9750 0.00143
9765 0.00143
9780 0.00143
9795 0.00144
9810 0.00144
9825 0.00137
9840 0.00136
9855 0.00126
9870 0.00122
9885 0.00122
9900 0.00122
9915 0.00115
9930 0.00115
9945 0.00114
9960 0.00112
9975 0.00112
9990 0.00104
10005 0.001
10020 0.001
10035 0.001
10050 0.00099
10065 0.00099
10080 0.00099
10095 0.00098
10110 0.00098
10125 0.00088
10140 0.00088
10155 0.00085
10170 0.00081
10185 0.00081
10200 0.00081
10215 0.00079
10230 0.00079
10245 0.00079
10260 0.00079
10275 0.00079
10290 0.00079
10305 0.00077
10320 0.00077
10335 0.00074
10350 0.00074
10365 0.00074
10380 0.00074
10395 0.00071
10410 0.00069
10425 0.00069
10440 0.00069
10455 0.00069
10470 0.00069
10485 0.00069
10500 0.00069
10515 0.0007
10530 0.0007
10545 0.0007
10560 0.0007
10575 0.00066
10590 0.00066
10605 0.00064
10620 0.00063
10635 0.0006
10650 0.00059
10665 0.00059
10680 0.00059
10695 0.00059
10710 0.00059
10725 0.00059
10740 0.00059
10755 0.00059
10770 0.00059
10785 0.00059
10800 0.00059
10815 0.00059
10830 0.00059
10845 0.00059
10860 0.00059
10875 0.00059
10890 0.00059
10905 0.00059
10920 0.00059
10935 0.00059
10950 0.00058
10965 0.00058
10980 0.00058
10995 0.00058
11010 0.00058
11025 0.00057
11040 0.00057
11055 0.00057
11070 0.00057
11085 0.00057
11100 0.00056
11115 0.00056
11130 0.00054
11145 0.00054
11160 0.00054
11175 0.00054
11190 0.00054
11205 0.00054
11220 0.00054
11235 0.00054
11250 0.00054
11265 0.00054
11280 0.00054
11295 0.00054
11310 0.00054
11325 0.00054
11340 0.00054
11355 0.00054
11370 0.00054
11385 0.00054
11400 0.00055
11415 0.00055
11430 0.00054
11445 0.00054
11460 0.00052
11475 0.00052
11490 0.00051
11505 0.00051
11520 0.0005
11535 0.0005
11550 0.0005
11565 0.0005
11580 0.0005
11595 0.0005
11610 0.0005
11625 0.0005
11640 0.0005
11655 0.0005
11670 0.0005
11685 0.0005
11700 0.00049
11715 0.00047
11730 0.00047
11745 0.00047
11760 0.00047
11775 0.00047
11790 0.00047
11805 0.00047
11820 0.00047
11835 0.00047
11850 0.00047
11865 0.00046
11880 0.00046
11895 0.00046
11910 0.00046
11925 0.00045
11940 0.00045
11955 0.00045
11970 0.00045
11985 0.00045
12000 0.00045
12015 0.00045
12030 0.00045
12045 0.00045
12060 0.00045
12075 0.00045
12090 0.00045
12105 0.00045
12120 0.00044
12135 0.00044
12150 0.00044
12165 0.00044
12180 0.00042
12195 0.00042
12210 0.00042
12225 0.00042
12240 0.00042
12255 0.00042
12270 0.00042
12285 0.00041
12300 0.00041
12315 0.00038
12330 0.00038
12345 0.00038
12360 0.00038
12375 0.00038
12390 0.00038
12405 0.00038
12420 0.00037
12435 0.00037
12450 0.00037
12465 0.00037
12480 0.00037
12495 0.00036
12510 0.00036
12525 0.00036
12540 0.00036
12555 0.00036
12570 0.00036
12585 0.00033
12600 0.00033
12615 0.00033
12630 0.00033
12645 0.00033
12660 0.00033
12675 0.00033
12690 0.00033
12705 0.00033
12720 0.00033
12735 0.00031
12750 0.00031
12765 0.0003
12780 0.0003
12795 0.0003
12810 0.0003
12825 0.0003
12840 0.0003
12855 0.0003
12870 0.0003
12885 0.0003
12900 0.0003
12915 0.0003
12930 0.0003
12945 0.0003
12960 0.0003
12975 0.0003
12990 0.00029
13005 0.00029
13020 0.00029
13035 0.00029
13050 0.00029
13065 0.00029
13080 0.00029
13095 0.00029
13110 0.00029
13125 0.00029
13140 0.00029
13155 0.00029
13170 0.00029
13185 0.00029
13200 0.00029
13215 0.00029
13230 0.00029
13245 0.00029
13260 0.00029
13275 0.00029
13290 0.00028
13305 0.00028
13320 0.00028
13335 0.00028
13350 0.00028
13365 0.00028
13380 0.00028
13395 0.00028
13410 0.00028
13425 0.00028
13440 0.00028
13455 0.00028
13470 0.00028
13485 0.00028
13500 0.00028
13515 0.00028
13530 0.00027
13545 0.00027
13560 0.00027
13575 0.00027
13590 0.00027
13605 0.00027
13620 0.00027
13635 0.00026
13650 0.00026
13665 0.00026
13680 0.00026
13695 0.00026
13710 0.00026
13725 0.00026
13740 0.00026
13755 0.00026
13770 0.00026
13785 0.00026
13800 0.00026
13815 0.00026
13830 0.00026
13845 0.00025
13860 0.00025
13875 0.00025
13890 0.00025
13905 0.00025
13920 0.00025
13935 0.00025
13950 0.00025
13965 0.00025
13980 0.00025
13995 0.00025
14010 0.00025
14025 0.00024
14040 0.00024
14055 0.00024
14070 0.00024
14085 0.00024
14100 0.00022
14115 0.00021
14130 0.00021
14145 0.00021
14160 0.00021
14175 0.00021
14190 0.00021
14205 0.00021
14220 0.00021
14235 0.00021
14250 0.00021
14265 0.00021
14280 0.00021
14295 0.00021
14310 0.00021
14325 0.00021
14340 0.00021
14355 0.00021
14370 0.00021
14385 0.00021
14400 0.00021
14415 0.00021
14430 0.00021
14445 0.00021
14460 0.00021
14475 0.00021
14490 0.00021
14505 0.00021
14520 0.00021
14535 0.00021
14550 0.00021
14565 0.00021
14580 0.00021
14595 0.00021
14610 0.00021
14625 0.00021
14640 0.00021
14655 0.00021
14670 0.00021
14685 0.00021
14700 0.00021
14715 0.00021
14730 0.00021
14745 0.00021
14760 0.00021
14775 0.00021
14790 0.00022
14805 0.00022
14820 0.00022
14835 0.00022
14850 0.00022
14865 0.00022
14880 0.00022
14895 0.00022
14910 0.00022
14925 0.00022
14940 0.00022
14955 0.00022
14970 0.00022
14985 0.00022
