0 4e-05
15 4e-05
30 4e-05
45 4e-05
60 4e-05
75 4e-05
90 4e-05
105 4e-05
120 4e-05
135 4e-05
150 4e-05
165 4e-05
180 4e-05
195 4e-05
210 4e-05
225 4e-05
240 4e-05
255 4e-05
270 4e-05
285 4e-05
300 4e-05
315 4.2e-05
330 4.2e-05
345 4.2e-05
360 4.2e-05
375 4.2e-05
390 4.2e-05
405 4.2e-05
420 4.2e-05
435 4.2e-05
450 4.2e-05
465 4.2e-05
480 4.2e-05
495 4.2e-05
510 4.2e-05
525 4.2e-05
540 4.4e-05
555 4.4e-05
570 4.4e-05
585 4.6e-05
600 4.6e-05
615 4.6e-05
630 4.6e-05
645 5e-05
660 5e-05
675 5e-05
690 5e-05
705 5e-05
720 5.2e-05
735 5.2e-05
750 5.4e-05
765 5.4e-05
780 5.6e-05
795 5.8e-05
810 5.8e-05
825 5.8e-05
840 5.8e-05
855 5.8e-05
870 5.8e-05
885 5.8e-05
900 5.8e-05
915 5.8e-05
930 5.8e-05
945 5.8e-05
960 6e-05
975 6e-05
990 6e-05
1005 6e-05
1020 6e-05
1035 6e-05
1050 6e-05
1065 6e-05
1080 6e-05
1095 6e-05
1110 6e-05
1125 6e-05
1140 6e-05
1155 6e-05
1170 6e-05
1185 6e-05
1200 6e-05
1215 6e-05
1230 6e-05
1245 6e-05
1260 6e-05
1275 6e-05
1290 6e-05
1305 6e-05
1320 6e-05
1335 6e-05
1350 6e-05
1365 6e-05
1380 6e-05
1395 6e-05
1410 6e-05
1425 6e-05
1440 6e-05
1455 6e-05
1470 6e-05
1485 6e-05
1500 6e-05
1515 6e-05
1530 6e-05
1545 6e-05
1560 6e-05
1575 6e-05
1590 6e-05
1605 6e-05
1620 6e-05
1635 6e-05
1650 6e-05
1665 6e-05
1680 6e-05
1695 6e-05
1710 6e-05
1725 6e-05
1740 6e-05
1755 6e-05
1770 6e-05
1785 6e-05
1800 6e-05
1815 6e-05
1830 6e-05
1845 6e-05
1860 6e-05
1875 6e-05
1890 6e-05
1905 6e-05
1920 6e-05
1935 6e-05
1950 6e-05
1965 6e-05
1980 6e-05
1995 6e-05
2010 6e-05
2025 6e-05
2040 6e-05
2055 6e-05
2070 6e-05
2085 6e-05
2100 6e-05
2115 6e-05
2130 6e-05
2145 6e-05
2160 6e-05
2175 6e-05
2190 6e-05
2205 6e-05
2220 6e-05
2235 6e-05
2250 6e-05
2265 6e-05
2280 6e-05
2295 6e-05
2310 6e-05
2325 6e-05
2340 6e-05
2355 6e-05
2370 6.2e-05
2385 6.2e-05
2400 6.2e-05
2415 6.2e-05
2430 6.2e-05
2445 6.2e-05
2460 6.2e-05
2475 6.2e-05
2490 6.2e-05
2505 6.2e-05
2520 6.2e-05
2535 6.2e-05
2550 6.2e-05
2565 6.2e-05
2580 6.2e-05
2595 6.2e-05
2610 6.2e-05
2625 6.2e-05
2640 6.2e-05
2655 6.2e-05
2670 6.2e-05
2685 6.2e-05
2700 6.2e-05
2715 6.2e-05
2730 6.2e-05
2745 6.2e-05
2760 6.2e-05
2775 6.2e-05
2790 6.2e-05
2805 6.2e-05
2820 6.2e-05
2835 6.2e-05
2850 6.2e-05
2865 6.2e-05
2880 6.2e-05
2895 6.2e-05
2910 6.2e-05
2925 6.4e-05
2940 6.4e-05
2955 6.4e-05
2970 6.4e-05
2985 6.4e-05
3000 6.4e-05
3015 6.4e-05
3030 6.4e-05
3045 6.4e-05
3060 6.4e-05
3075 6.4e-05
3090 6.4e-05
3105 6.4e-05
3120 6.4e-05
3135 6.4e-05
3150 6.4e-05
3165 6.4e-05
3180 6.4e-05
3195 6.4e-05
3210 6.4e-05
3225 6.4e-05
3240 6.6e-05
3255 6.6e-05
3270 6.6e-05
3285 6.8e-05
3300 6.8e-05
3315 6.8e-05
3330 6.8e-05
3345 6.8e-05
3360 6.8e-05
3375 6.8e-05
3390 6.8e-05
3405 6.8e-05
3420 6.8e-05
3435 6.8e-05
3450 6.8e-05
3465 6.8e-05
3480 6.8e-05
3495 6.8e-05
3510 6.8e-05
3525 6.8e-05
3540 6.8e-05
3555 6.8e-05
3570 6.8e-05
3585 6.8e-05
3600 6.8e-05
3615 6.8e-05
3630 6.8e-05
3645 7e-05
3660 7e-05
3675 7e-05
3690 7e-05
3705 7e-05
3720 7e-05
3735 7e-05
3750 7e-05
3765 7e-05
3780 7e-05
3795 7e-05
3810 7e-05
3825 7e-05
3840 7e-05
3855 7e-05
3870 7e-05
3885 7.2e-05
3900 7.2e-05
3915 7.4e-05
3930 7.4e-05
3945 7.4e-05
3960 7.4e-05
3975 7.6e-05
3990 7.6e-05
4005 7.6e-05
4020 7.6e-05
4035 7.6e-05
4050 7.6e-05
4065 7.6e-05
4080 7.6e-05
4095 7.6e-05
4110 7.6e-05
4125 7.6e-05
4140 7.6e-05
4155 7.6e-05
4170 7.6e-05
4185 7.6e-05
4200 7.6e-05
4215 7.6e-05
4230 7.6e-05
4245 7.6e-05
4260 7.6e-05
4275 7.6e-05
4290 7.6e-05
4305 7.6e-05
4320 7.6e-05
4335 7.6e-05
4350 7.6e-05
4365 7.6e-05
4380 7.6e-05
4395 7.6e-05
4410 7.6e-05
4425 7.6e-05
4440 7.6e-05
4455 7.8e-05
4470 7.8e-05
4485 7.8e-05
4500 7.8e-05
4515 7.8e-05
4530 7.8e-05
4545 8e-05
4560 8e-05
4575 8e-05
4590 8e-05
4605 8e-05
4620 8e-05
4635 8e-05
4650 8e-05
4665 8e-05
4680 8e-05
4695 8e-05
4710 8e-05
4725 8e-05
4740 8e-05
4755 8e-05
4770 8e-05
4785 8e-05
4800 8e-05
4815 8e-05
4830 8e-05
4845 8e-05
4860 8e-05
4875 8e-05
4890 8e-05
4905 8e-05
4920 8e-05
4935 8.2e-05
4950 8.2e-05
4965 8.2e-05
4980 8.2e-05
4995 8.2e-05
5010 8.2e-05
5025 8.2e-05
5040 8.2e-05
5055 8.2e-05
5070 8.2e-05
5085 8.2e-05
5100 8.2e-05
5115 8.2e-05
5130 8.2e-05
5145 8.2e-05
5160 8.2e-05
5175 8.2e-05
5190 8.2e-05
5205 8.2e-05
5220 8.2e-05
5235 8.2e-05
5250 8.2e-05
5265 8.2e-05
5280 8.2e-05
5295 8.2e-05
5310 8.2e-05
5325 8.2e-05
5340 8.2e-05
5355 8.2e-05
5370 8.2e-05
5385 8.2e-05
5400 8.2e-05
5415 8.2e-05
5430 8.2e-05
5445 8.2e-05
5460 8.2e-05
5475 8.2e-05
5490 8.2e-05
5505 8.2e-05
5520 8.2e-05
5535 8.2e-05
5550 8.2e-05
5565 8.2e-05
5580 8.2e-05
5595 8.2e-05
5610 8.2e-05
5625 8.2e-05
5640 8.2e-05
5655 8.2e-05
5670 8.2e-05
5685 8.2e-05
5700 8.2e-05
5715 8.2e-05
5730 8.2e-05
5745 8.2e-05
5760 8.2e-05
5775 8.2e-05
5790 8.2e-05
5805 8.2e-05
5820 8.2e-05
5835 8.2e-05
5850 8.2e-05
5865 8.4e-05
5880 8.4e-05
5895 8.4e-05
5910 8.4e-05
5925 8.4e-05
5940 8.4e-05
5955 8.4e-05
5970 8.4e-05
5985 8.4e-05
6000 8.4e-05
6015 8.4e-05
6030 8.4e-05
6045 8.4e-05
6060 8.4e-05
6075 8.4e-05
6090 8.4e-05
6105 8.4e-05
6120 8.4e-05
6135 8.4e-05
6150 8.4e-05
6165 8.4e-05
6180 8.4e-05
6195 8.4e-05
6210 8.4e-05
6225 8.4e-05
6240 8.4e-05
6255 8.4e-05
6270 8.4e-05
6285 8.4e-05
6300 8.4e-05
6315 8.4e-05
6330 8.4e-05
6345 8.4e-05
6360 8.4e-05
6375 8.4e-05
6390 8.4e-05
6405 8.4e-05
6420 8.4e-05
6435 8.4e-05
6450 8.4e-05
6465 8.4e-05
6480 8.4e-05
6495 8.4e-05
6510 8.4e-05
6525 8.4e-05
6540 8.4e-05
6555 8.4e-05
6570 8.4e-05
6585 8.4e-05
6600 8.4e-05
6615 8.4e-05
6630 8.4e-05
6645 8.4e-05
6660 8.4e-05
6675 8.4e-05
6690 8.4e-05
6705 8.4e-05
6720 8.4e-05
6735 8.4e-05
6750 8.4e-05
6765 8.4e-05
6780 8.4e-05
6795 8.4e-05
6810 8.4e-05
6825 8.4e-05
6840 8.4e-05
6855 8.4e-05
6870 8.4e-05
6885 8.4e-05
6900 8.4e-05
6915 8.4e-05
6930 8.4e-05
6945 8.4e-05
6960 8.4e-05
6975 8.4e-05
6990 8.4e-05
7005 8.4e-05
7020 8.4e-05
7035 8.4e-05
7050 8.4e-05
7065 8.4e-05
7080 8.4e-05
7095 8.4e-05
7110 8.4e-05
7125 8.4e-05
7140 8.4e-05
7155 8.4e-05
7170 8.4e-05
7185 8.4e-05
7200 8.4e-05
7215 8.4e-05
7230 8.4e-05
7245 8.4e-05
7260 8.4e-05
7275 8.4e-05
7290 8.4e-05
7305 8.4e-05
7320 8.4e-05
7335 8.4e-05
7350 8.4e-05
7365 8.4e-05
7380 8.4e-05
7395 8.4e-05
7410 8.6e-05
7425 8.6e-05
7440 8.6e-05
7455 8.6e-05
7470 8.6e-05
7485 8.6e-05
7500 8.6e-05
7515 8.6e-05
7530 8.6e-05
7545 8.6e-05
7560 8.6e-05
7575 8.6e-05
7590 8.6e-05
7605 8.6e-05
7620 8.6e-05
7635 8.6e-05
7650 8.6e-05
7665 8.6e-05
7680 8.6e-05
7695 8.6e-05
7710 8.8e-05
7725 8.8e-05
7740 8.8e-05
7755 8.8e-05
7770 8.8e-05
7785 8.8e-05
7800 8.8e-05
7815 8.8e-05
7830 8.8e-05
7845 8.8e-05
7860 9e-05
7875 9e-05
7890 9.2e-05
7905 9.2e-05
7920 9.2e-05
7935 9.2e-05
7950 9.2e-05
7965 9.2e-05
7980 9.2e-05
7995 9.2e-05
8010 9.2e-05
8025 9.2e-05
8040 9.2e-05
8055 9.2e-05
8070 9.2e-05
8085 9.2e-05
8100 9.2e-05
8115 9.2e-05
8130 9.2e-05
8145 9.2e-05
8160 9.2e-05
8175 9.2e-05
8190 9.2e-05
8205 9.2e-05
8220 9.2e-05
8235 9.2e-05
8250 9.2e-05
8265 9.2e-05
8280 9.2e-05
8295 9.2e-05
8310 9.2e-05
8325 9.2e-05
8340 9.2e-05
8355 9.2e-05
8370 9.2e-05
8385 9.2e-05
8400 9.2e-05
8415 9.2e-05
8430 9.2e-05
8445 9.2e-05
8460 9.2e-05
8475 9.2e-05
8490 9.2e-05
8505 9.2e-05
8520 9.2e-05
8535 9.2e-05
8550 9.2e-05
8565 9.2e-05
8580 9.2e-05
8595 9.2e-05
8610 9.2e-05
8625 9.4e-05
8640 9.4e-05
8655 9.6e-05
8670 9.6e-05
8685 9.6e-05
8700 9.6e-05
8715 9.6e-05
8730 9.6e-05
8745 9.6e-05
8760 9.6e-05
8775 9.6e-05
8790 9.6e-05
8805 9.6e-05
8820 9.6e-05
8835 9.6e-05
8850 9.6e-05
8865 9.6e-05
8880 9.6e-05
8895 9.6e-05
8910 9.6e-05
8925 9.6e-05
8940 9.6e-05
8955 9.6e-05
8970 9.6e-05
8985 9.6e-05
9000 9.6e-05
9015 9.6e-05
9030 9.6e-05
9045 9.6e-05
9060 9.6e-05
9075 9.6e-05
9090 9.6e-05
9105 9.6e-05
9120 9.6e-05
9135 9.6e-05
9150 9.6e-05
9165 9.6e-05
9180 9.6e-05
9195 9.6e-05
9210 9.6e-05
9225 9.6e-05
9240 9.6e-05
9255 9.6e-05
9270 9.6e-05
9285 9.6e-05
9300 9.6e-05
9315 9.6e-05
9330 9.6e-05
9345 9.6e-05
9360 9.6e-05
9375 9.6e-05
9390 9.8e-05
9405 9.8e-05
9420 9.8e-05
9435 9.8e-05
9450 9.8e-05
9465 9.8e-05
9480 9.8e-05
9495 0.0001
9510 0.0001
9525 0.0001
9540 0.0001
9555 0.0001
9570 0.0001
9585 0.0001
9600 0.0001
9615 0.0001
9630 0.0001
9645 0.0001
9660 0.0001
9675 0.000102
9690 0.000102
9705 0.000102
9720 0.000102
9735 0.000102
9750 0.000102
9765 0.000102
9780 0.000102
9795 0.000102
9810 0.000102
9825 0.000102
9840 0.000102
9855 0.000102
9870 0.000102
9885 0.000102
9900 0.000102
9915 0.000102
9930 0.000102
9945 0.000102
9960 0.000102
9975 0.000102
9990 0.000102
10005 0.000102
10020 0.000102
10035 0.000102
10050 0.000102
10065 0.000102
10080 0.000102
10095 0.000102
10110 0.000102
10125 0.000102
10140 0.000102
10155 0.000102
10170 0.000102
10185 0.000102
10200 0.000102
10215 0.000102
10230 0.000102
10245 0.000102
10260 0.000102
10275 0.000102
10290 0.000102
10305 0.000102
10320 0.000102
10335 0.000102
10350 0.000102
10365 0.000102
10380 0.000102
10395 0.000104
10410 0.000104
10425 0.000104
10440 0.000104
10455 0.000104
10470 0.000104
10485 0.000104
10500 0.000104
10515 0.000104
10530 0.000104
10545 0.000104
10560 0.000104
10575 0.000106
10590 0.000106
10605 0.000106
10620 0.000106
10635 0.000106
10650 0.000106
10665 0.000106
10680 0.000108
10695 0.000108
10710 0.000108
10725 0.000108
10740 0.000108
10755 0.000108
10770 0.000108
10785 0.000108
10800 0.000108
10815 0.000108
10830 0.00011
10845 0.00011
10860 0.00011
10875 0.00011
10890 0.00011
10905 0.00011
10920 0.00011
10935 0.00011
10950 0.00011
10965 0.000112
10980 0.000112
10995 0.000112
11010 0.000112
11025 0.000112
11040 0.000112
11055 0.000112
11070 0.000112
11085 0.000112
11100 0.000112
11115 0.000112
11130 0.000112
11145 0.000112
11160 0.000112
11175 0.000112
11190 0.000112
11205 0.000112
11220 0.000112
11235 0.000112
11250 0.000112
11265 0.000112
11280 0.000112
11295 0.000112
11310 0.000112
11325 0.000114
11340 0.000114
11355 0.000114
11370 0.000114
11385 0.000114
11400 0.000114
11415 0.000114
11430 0.000114
11445 0.000114
11460 0.000114
11475 0.000114
11490 0.000114
11505 0.000114
11520 0.000114
11535 0.000114
11550 0.000114
11565 0.000114
11580 0.000116
11595 0.000116
11610 0.000116
11625 0.000116
11640 0.000116
11655 0.000116
11670 0.000116
11685 0.000116
11700 0.000116
11715 0.000116
11730 0.000116
11745 0.000116
11760 0.000116
11775 0.000116
11790 0.000116
11805 0.000116
11820 0.000116
11835 0.000116
11850 0.000116
11865 0.000116
11880 0.000116
11895 0.000116
11910 0.000118
11925 0.000118
11940 0.000118
11955 0.000118
11970 0.000118
11985 0.000118
12000 0.00012
12015 0.00012
12030 0.00012
12045 0.00012
12060 0.00012
12075 0.00012
12090 0.00012
12105 0.00012
12120 0.00012
12135 0.00012
12150 0.00012
12165 0.00012
12180 0.00012
12195 0.00012
12210 0.00012
12225 0.00012
12240 0.00012
12255 0.00012
12270 0.00012
12285 0.00012
12300 0.00012
12315 0.00012
12330 0.00012
12345 0.00012
12360 0.00012
12375 0.00012
12390 0.00012
12405 0.00012
12420 0.00012
12435 0.00012
12450 0.00012
12465 0.00012
12480 0.00012
12495 0.00012
12510 0.00012
12525 0.00012
12540 0.00012
12555 0.00012
12570 0.00012
12585 0.00012
12600 0.00012
12615 0.00012
12630 0.00012
12645 0.00012
12660 0.00012
12675 0.00012
12690 0.00012
12705 0.00012
12720 0.00012
12735 0.00012
12750 0.00012
12765 0.00012
12780 0.00012
12795 0.00012
12810 0.00012
12825 0.00012
12840 0.00012
12855 0.00012
12870 0.00012
12885 0.00012
12900 0.00012
12915 0.00012
12930 0.00012
12945 0.00012
12960 0.00012
12975 0.00012
12990 0.00012
13005 0.00012
13020 0.00012
13035 0.00012
13050 0.00012
13065 0.00012
13080 0.00012
13095 0.00012
13110 0.00012
13125 0.00012
13140 0.00012
13155 0.00012
13170 0.000122
13185 0.000124
13200 0.000124
13215 0.000124
13230 0.000124
13245 0.000124
13260 0.000124
13275 0.000124
13290 0.000124
13305 0.000124
13320 0.000124
13335 0.000124
13350 0.000124
13365 0.000124
13380 0.000124
13395 0.000124
13410 0.000124
13425 0.000124
13440 0.000124
13455 0.000124
13470 0.000124
13485 0.000124
13500 0.000124
13515 0.000124
13530 0.000124
13545 0.000124
13560 0.000124
13575 0.000124
13590 0.000124
13605 0.000124
13620 0.000124
13635 0.000124
13650 0.000124
13665 0.000124
13680 0.000124
13695 0.000124
13710 0.000124
13725 0.000124
13740 0.000124
13755 0.000124
13770 0.000124
13785 0.000124
13800 0.000124
13815 0.000124
13830 0.000124
13845 0.000124
13860 0.000124
13875 0.000124
13890 0.000124
13905 0.000124
13920 0.000124
13935 0.000124
13950 0.000124
13965 0.000124
13980 0.000124
13995 0.000124
14010 0.000124
14025 0.000124
14040 0.000124
14055 0.000124
14070 0.000124
14085 0.000124
14100 0.000124
14115 0.000124
14130 0.000124
14145 0.000124
14160 0.000124
14175 0.000124
14190 0.000124
14205 0.000124
14220 0.000124
14235 0.000124
14250 0.000124
14265 0.000124
14280 0.000124
14295 0.000124
14310 0.000124
14325 0.000124
14340 0.000124
14355 0.000124
14370 0.000124
14385 0.000124
14400 0.000124
14415 0.000124
14430 0.000124
14445 0.000124
14460 0.000124
14475 0.000124
14490 0.000124
14505 0.000124
14520 0.000124
14535 0.000124
14550 0.000124
14565 0.000124
14580 0.000124
14595 0.000124
14610 0.000124
14625 0.000124
14640 0.000124
14655 0.000124
14670 0.000124
14685 0.000124
14700 0.000124
14715 0.000124
14730 0.000124
14745 0.000124
14760 0.000124
14775 0.000124
14790 0.000124
14805 0.000124
14820 0.000124
14835 0.000124
14850 0.000126
14865 0.000126
14880 0.000126
14895 0.000128
14910 0.000128
14925 0.000128
14940 0.000128
14955 0.000128
14970 0.00013
14985 0.00013
15000 0.00013
15015 0.00013
15030 0.00013
15045 0.00013
15060 0.00013
15075 0.00013
15090 0.00013
15105 0.00013
15120 0.000132
15135 0.000132
15150 0.000132
15165 0.000132
15180 0.000132
15195 0.000132
15210 0.000132
15225 0.000132
15240 0.000132
15255 0.000132
15270 0.000132
15285 0.000132
15300 0.000132
15315 0.000132
15330 0.000132
15345 0.000132
15360 0.000132
15375 0.000132
15390 0.000132
15405 0.000132
15420 0.000132
15435 0.000132
15450 0.000132
15465 0.000134
15480 0.000134
15495 0.000134
15510 0.000134
15525 0.000136
15540 0.000136
15555 0.000136
15570 0.000136
15585 0.000136
15600 0.000136
15615 0.000136
15630 0.000136
15645 0.000136
15660 0.000136
15675 0.000136
15690 0.000138
15705 0.000138
15720 0.000138
15735 0.000138
15750 0.000138
15765 0.000138
15780 0.000138
15795 0.000138
15810 0.000138
15825 0.000138
15840 0.000138
15855 0.00014
15870 0.00014
15885 0.00014
15900 0.00014
15915 0.00014
15930 0.00014
15945 0.00014
15960 0.000142
15975 0.000142
15990 0.000142
16005 0.000142
16020 0.000142
16035 0.000142
16050 0.000142
16065 0.000142
16080 0.000142
16095 0.000142
16110 0.000142
16125 0.000142
16140 0.000142
16155 0.000142
16170 0.000142
16185 0.000142
16200 0.000142
16215 0.000142
16230 0.000142
16245 0.000142
16260 0.000142
16275 0.000142
16290 0.000142
16305 0.000144
16320 0.000144
16335 0.000146
16350 0.000146
16365 0.000146
16380 0.000146
16395 0.000146
16410 0.000146
16425 0.000146
16440 0.000146
16455 0.000146
16470 0.000146
16485 0.000146
16500 0.000146
16515 0.000146
16530 0.000146
16545 0.000146
16560 0.000146
16575 0.000146
16590 0.000146
16605 0.000146
16620 0.000146
16635 0.000146
16650 0.000146
16665 0.000146
16680 0.000146
16695 0.000146
16710 0.000146
16725 0.000146
16740 0.000146
16755 0.000146
16770 0.000146
16785 0.000146
16800 0.000146
16815 0.000146
16830 0.000146
16845 0.000146
16860 0.000146
16875 0.000146
16890 0.000146
16905 0.000146
16920 0.000146
16935 0.000146
16950 0.000146
16965 0.000146
16980 0.000146
16995 0.000146
17010 0.000146
17025 0.000146
17040 0.000146
17055 0.000146
17070 0.000146
17085 0.000148
17100 0.000148
17115 0.000148
17130 0.000148
17145 0.000148
17160 0.000148
17175 0.000148
17190 0.000148
17205 0.000148
17220 0.000148
17235 0.000148
17250 0.000148
17265 0.000148
17280 0.000148
17295 0.000148
17310 0.000148
17325 0.000148
17340 0.000148
17355 0.000148
17370 0.000148
17385 0.000148
17400 0.00015
17415 0.00015
17430 0.00015
17445 0.00015
17460 0.00015
17475 0.00015
17490 0.00015
17505 0.00015
17520 0.00015
17535 0.00015
17550 0.00015
17565 0.00015
17580 0.00015
17595 0.00015
17610 0.000152
17625 0.000152
17640 0.000152
17655 0.000152
17670 0.000152
17685 0.000152
17700 0.000152
17715 0.000152
17730 0.000152
17745 0.000152
17760 0.000152
17775 0.000152
17790 0.000152
17805 0.000152
17820 0.000152
17835 0.000152
17850 0.000152
17865 0.000154
17880 0.000156
17895 0.000158
17910 0.000158
17925 0.000158
17940 0.000158
17955 0.000158
17970 0.000158
17985 0.000158
18000 0.000158
18015 0.000158
18030 0.000158
18045 0.000158
18060 0.000158
18075 0.000158
18090 0.000158
18105 0.000158
18120 0.000158
18135 0.000158
18150 0.000158
18165 0.000158
18180 0.000158
18195 0.000158
18210 0.000158
18225 0.000158
18240 0.000158
18255 0.000158
18270 0.000158
18285 0.000158
18300 0.000158
18315 0.000158
18330 0.000158
18345 0.000158
18360 0.000158
18375 0.000158
18390 0.00016
18405 0.00016
18420 0.00016
18435 0.00016
18450 0.00016
18465 0.00016
18480 0.00016
18495 0.00016
18510 0.00016
18525 0.00016
18540 0.00016
18555 0.00016
18570 0.00016
18585 0.000162
18600 0.000162
18615 0.000162
18630 0.000162
18645 0.000162
18660 0.000162
18675 0.000162
18690 0.000162
18705 0.000162
18720 0.000162
18735 0.000162
18750 0.000162
18765 0.000162
18780 0.000162
18795 0.000162
18810 0.000162
18825 0.000162
18840 0.000162
18855 0.000164
18870 0.000164
18885 0.000164
18900 0.000164
18915 0.000164
18930 0.000164
18945 0.000164
18960 0.000164
18975 0.000164
18990 0.000164
19005 0.000164
19020 0.000164
19035 0.000164
19050 0.000164
19065 0.000164
19080 0.000164
19095 0.000164
19110 0.000164
19125 0.000164
19140 0.000164
19155 0.000164
19170 0.000164
19185 0.000164
19200 0.000164
19215 0.000166
19230 0.000166
19245 0.000166
19260 0.000166
19275 0.000166
19290 0.000166
19305 0.000166
19320 0.000166
19335 0.000166
19350 0.000166
19365 0.000168
19380 0.000168
19395 0.000168
19410 0.000168
19425 0.000168
19440 0.000168
19455 0.000168
19470 0.000168
19485 0.000168
19500 0.000168
19515 0.000168
19530 0.000168
19545 0.000168
19560 0.000168
19575 0.000168
19590 0.000168
19605 0.000172
19620 0.000172
19635 0.000172
19650 0.000172
19665 0.000172
19680 0.000172
19695 0.000172
19710 0.000172
19725 0.000172
19740 0.000174
19755 0.000174
19770 0.000174
19785 0.000174
19800 0.000174
19815 0.000174
19830 0.000174
19845 0.000174
19860 0.000174
19875 0.000174
19890 0.000178
19905 0.000178
19920 0.000178
19935 0.000178
19950 0.000178
19965 0.000178
19980 0.000178
19995 0.000178
20010 0.000178
20025 0.000178
20040 0.000178
20055 0.000178
20070 0.000178
20085 0.000178
20100 0.000178
20115 0.000178
20130 0.000178
20145 0.000178
20160 0.000178
20175 0.000178
20190 0.000178
20205 0.000178
20220 0.000178
20235 0.000178
20250 0.000178
20265 0.000178
20280 0.000178
20295 0.000182
20310 0.000182
20325 0.000182
20340 0.000182
20355 0.000184
20370 0.000184
20385 0.000184
20400 0.000184
20415 0.000186
20430 0.000186
20445 0.000186
20460 0.000186
20475 0.000186
20490 0.000186
20505 0.000186
20520 0.000186
20535 0.000186
20550 0.000186
20565 0.000186
20580 0.000188
20595 0.000188
20610 0.000188
20625 0.000188
20640 0.000188
20655 0.00019
20670 0.00019
20685 0.00019
20700 0.00019
20715 0.00019
20730 0.00019
20745 0.00019
20760 0.00019
20775 0.00019
20790 0.00019
20805 0.00019
20820 0.000192
20835 0.000192
20850 0.000194
20865 0.000194
20880 0.000194
20895 0.000194
20910 0.000194
20925 0.000194
20940 0.000196
20955 0.000196
20970 0.000196
20985 0.000196
21000 0.000196
21015 0.000196
21030 0.000196
21045 0.000196
21060 0.000196
21075 0.000198
21090 0.000198
21105 0.000198
21120 0.000198
21135 0.000198
21150 0.000198
21165 0.000198
21180 0.000198
21195 0.000198
21210 0.000198
21225 0.0002
21240 0.0002
21255 0.0002
21270 0.0002
21285 0.0002
21300 0.0002
21315 0.0002
21330 0.0002
21345 0.0002
21360 0.0002
21375 0.0002
21390 0.0002
21405 0.0002
21420 0.0002
21435 0.0002
21450 0.0002
21465 0.0002
21480 0.0002
21495 0.0002
21510 0.0002
21525 0.0002
21540 0.0002
21555 0.0002
21570 0.0002
21585 0.0002
21600 0.0002
21615 0.0002
21630 0.0002
21645 0.0002
21660 0.0002
21675 0.0002
21690 0.0002
21705 0.0002
21720 0.000204
21735 0.000204
21750 0.000204
21765 0.000204
21780 0.000204
21795 0.000204
21810 0.000204
21825 0.000204
21840 0.000204
21855 0.000204
21870 0.000204
21885 0.000204
21900 0.000204
21915 0.000204
21930 0.000204
21945 0.000204
21960 0.000204
21975 0.000204
21990 0.000208
22005 0.000208
22020 0.000208
22035 0.000208
22050 0.000208
22065 0.000208
22080 0.000208
22095 0.000208
22110 0.000212
22125 0.000212
22140 0.000212
22155 0.000212
22170 0.000212
22185 0.000212
22200 0.000212
22215 0.000212
22230 0.000212
22245 0.000212
22260 0.000212
22275 0.000212
22290 0.000212
22305 0.000214
22320 0.000214
22335 0.000214
22350 0.000214
22365 0.000214
22380 0.000214
22395 0.000214
22410 0.000214
22425 0.000214
22440 0.000214
22455 0.000214
22470 0.000214
22485 0.000214
22500 0.000214
22515 0.000216
22530 0.00022
22545 0.00022
22560 0.00022
22575 0.00022
22590 0.00022
22605 0.00022
22620 0.00022
22635 0.00022
22650 0.00022
22665 0.00022
22680 0.00022
22695 0.00022
22710 0.00022
22725 0.00022
22740 0.00022
22755 0.00022
22770 0.00022
22785 0.00022
22800 0.00022
22815 0.00022
22830 0.00022
22845 0.00022
22860 0.000222
22875 0.000222
22890 0.000222
22905 0.000222
22920 0.000222
22935 0.000222
22950 0.000222
22965 0.000222
22980 0.000222
22995 0.000222
23010 0.000222
23025 0.000222
23040 0.000222
23055 0.000222
23070 0.000222
23085 0.000222
23100 0.000222
23115 0.000222
23130 0.000222
23145 0.000222
23160 0.000224
23175 0.000224
23190 0.000224
23205 0.000224
23220 0.000224
23235 0.000224
23250 0.000224
23265 0.000224
23280 0.000224
23295 0.000224
23310 0.000224
23325 0.000224
23340 0.000224
23355 0.000224
23370 0.000224
23385 0.000224
23400 0.000224
23415 0.000224
23430 0.000224
23445 0.000224
23460 0.000226
23475 0.000226
23490 0.000226
23505 0.000226
23520 0.000226
23535 0.000226
23550 0.000226
23565 0.000228
23580 0.000228
23595 0.000228
23610 0.00023
23625 0.00023
23640 0.000232
23655 0.000232
23670 0.000232
23685 0.000232
23700 0.000232
23715 0.000232
23730 0.000232
23745 0.000232
23760 0.000232
23775 0.000232
23790 0.000234
23805 0.000234
23820 0.000234
23835 0.000234
23850 0.000234
23865 0.000234
23880 0.000234
23895 0.000234
23910 0.000234
23925 0.000234
23940 0.000236
23955 0.000236
23970 0.000236
23985 0.000236
24000 0.000236
24015 0.000236
24030 0.000236
24045 0.000236
24060 0.000236
24075 0.000236
24090 0.000236
24105 0.000236
24120 0.000236
24135 0.000236
24150 0.000236
24165 0.000236
24180 0.000236
24195 0.000236
24210 0.000236
24225 0.000236
24240 0.000236
24255 0.000236
24270 0.000236
24285 0.000236
24300 0.00024
24315 0.00024
24330 0.00024
24345 0.00024
24360 0.00024
24375 0.00024
24390 0.00024
24405 0.00024
24420 0.00024
24435 0.00024
24450 0.00024
24465 0.00024
24480 0.00024
24495 0.00024
24510 0.00024
24525 0.00024
24540 0.00024
24555 0.00024
24570 0.00024
24585 0.00024
24600 0.00024
24615 0.00024
24630 0.00024
24645 0.00024
24660 0.00024
24675 0.00024
24690 0.00024
24705 0.00024
24720 0.00024
24735 0.00024
24750 0.00024
24765 0.00024
24780 0.00024
24795 0.00024
24810 0.00024
24825 0.00024
24840 0.00024
24855 0.00024
24870 0.00024
24885 0.00024
24900 0.00024
24915 0.00024
24930 0.00024
24945 0.000242
24960 0.000242
24975 0.000242
24990 0.000242
25005 0.000242
25020 0.000242
25035 0.000242
25050 0.000242
25065 0.000242
25080 0.000242
25095 0.000242
25110 0.000242
25125 0.000242
25140 0.000242
25155 0.000242
25170 0.000242
25185 0.000244
25200 0.000244
25215 0.000244
25230 0.000244
25245 0.000246
25260 0.000246
25275 0.000246
25290 0.000246
25305 0.000246
25320 0.000246
25335 0.000248
25350 0.000248
25365 0.00025
25380 0.00025
25395 0.00025
25410 0.00025
25425 0.00025
25440 0.00025
25455 0.000252
25470 0.000252
25485 0.000252
25500 0.000252
25515 0.000252
25530 0.000252
25545 0.000254
25560 0.000254
25575 0.000254
25590 0.000254
25605 0.000254
25620 0.000254
25635 0.000254
25650 0.000254
25665 0.000254
25680 0.000254
25695 0.000254
25710 0.000254
25725 0.000254
25740 0.000254
25755 0.000254
25770 0.000254
25785 0.000254
25800 0.000254
25815 0.000254
25830 0.000254
25845 0.000254
25860 0.000254
25875 0.000254
25890 0.000254
25905 0.000254
25920 0.000256
25935 0.000256
25950 0.000256
25965 0.000256
25980 0.000256
25995 0.000256
26010 0.000256
26025 0.000256
26040 0.000256
26055 0.000256
26070 0.000258
26085 0.000258
26100 0.000258
26115 0.000258
26130 0.000258
26145 0.000258
26160 0.000258
26175 0.000266
26190 0.000266
26205 0.000266
26220 0.000266
26235 0.000266
26250 0.000266
26265 0.000266
26280 0.000266
26295 0.000268
26310 0.000268
26325 0.000268
26340 0.000268
26355 0.000268
26370 0.000268
26385 0.000268
26400 0.00027
26415 0.00027
26430 0.00027
26445 0.000272
26460 0.000272
26475 0.000272
26490 0.000272
26505 0.000272
26520 0.000272
26535 0.000272
26550 0.000272
26565 0.000272
26580 0.000272
26595 0.000272
26610 0.000274
26625 0.000274
26640 0.000278
26655 0.000278
26670 0.000278
26685 0.00028
26700 0.00028
26715 0.00028
26730 0.00028
26745 0.00028
26760 0.00028
26775 0.00028
26790 0.00028
26805 0.00028
26820 0.00028
26835 0.00028
26850 0.00028
26865 0.00028
26880 0.000284
26895 0.000284
26910 0.000284
26925 0.000284
26940 0.000288
26955 0.000288
26970 0.000288
26985 0.000288
27000 0.000288
27015 0.000288
27030 0.000288
27045 0.000288
27060 0.000288
27075 0.000288
27090 0.000288
27105 0.000288
27120 0.000288
27135 0.000288
27150 0.000288
27165 0.000288
27180 0.000288
27195 0.000288
27210 0.000288
27225 0.000288
27240 0.000288
27255 0.000288
27270 0.000288
27285 0.000288
27300 0.000288
27315 0.000288
27330 0.000288
27345 0.00029
27360 0.00029
27375 0.00029
27390 0.000292
27405 0.000292
27420 0.000292
27435 0.000292
27450 0.000292
27465 0.000292
27480 0.000292
27495 0.000294
27510 0.000294
27525 0.000294
27540 0.000294
27555 0.000294
27570 0.0003
27585 0.0003
27600 0.0003
27615 0.0003
27630 0.0003
27645 0.0003
27660 0.0003
27675 0.0003
27690 0.0003
27705 0.0003
27720 0.0003
27735 0.0003
27750 0.0003
27765 0.0003
27780 0.0003
27795 0.0003
27810 0.0003
27825 0.0003
27840 0.0003
27855 0.0003
27870 0.0003
27885 0.0003
27900 0.000304
27915 0.000304
27930 0.000308
27945 0.000308
27960 0.000308
27975 0.000308
27990 0.000308
28005 0.000308
28020 0.000308
28035 0.000308
28050 0.000308
28065 0.000308
28080 0.000308
28095 0.000308
28110 0.00031
28125 0.00031
28140 0.00031
28155 0.00031
28170 0.00031
28185 0.00031
28200 0.00031
28215 0.00031
28230 0.00031
28245 0.00031
28260 0.00031
28275 0.00031
28290 0.00031
28305 0.00031
28320 0.00031
28335 0.00031
28350 0.00032
28365 0.00032
28380 0.00032
28395 0.00032
28410 0.00032
28425 0.00032
28440 0.00032
28455 0.00032
28470 0.00032
28485 0.00032
28500 0.00032
28515 0.00032
28530 0.00032
28545 0.00032
28560 0.00032
28575 0.00032
28590 0.00032
28605 0.00032
28620 0.000322
28635 0.000326
28650 0.000326
28665 0.000326
28680 0.000326
28695 0.000326
28710 0.000326
28725 0.000326
28740 0.000326
28755 0.000326
28770 0.000326
28785 0.000326
28800 0.00033
28815 0.00033
28830 0.00033
28845 0.00033
28860 0.00033
28875 0.00033
28890 0.00033
28905 0.00033
28920 0.00033
28935 0.00033
28950 0.00033
28965 0.000334
28980 0.000334
28995 0.000334
29010 0.000334
29025 0.000334
29040 0.000334
29055 0.000334
29070 0.000334
29085 0.000334
29100 0.000334
29115 0.000334
29130 0.000334
29145 0.000334
29160 0.000334
29175 0.000334
29190 0.000334
29205 0.000334
29220 0.000336
29235 0.000336
29250 0.000336
29265 0.000336
29280 0.000336
29295 0.000336
29310 0.000336
29325 0.000336
29340 0.000336
29355 0.000336
29370 0.00034
29385 0.00034
29400 0.00034
29415 0.000344
29430 0.000344
29445 0.000344
29460 0.000344
29475 0.000346
29490 0.000346
29505 0.00035
29520 0.000352
29535 0.000352
29550 0.000352
29565 0.000352
29580 0.000352
29595 0.000352
29610 0.000352
29625 0.000352
29640 0.000352
29655 0.000352
29670 0.000352
29685 0.000352
29700 0.000352
29715 0.000352
29730 0.000352
29745 0.000352
29760 0.000354
29775 0.000354
29790 0.000354
29805 0.000354
29820 0.000354
29835 0.000354
29850 0.000354
29865 0.000354
29880 0.000354
29895 0.000364
29910 0.000364
29925 0.000364
29940 0.000364
29955 0.000364
29970 0.000364
29985 0.000366
30000 0.000366
30015 0.000366
30030 0.000366
30045 0.000366
30060 0.000366
30075 0.000366
30090 0.000366
30105 0.000366
30120 0.000366
30135 0.000366
30150 0.000366
30165 0.000366
30180 0.000366
30195 0.000366
30210 0.000366
30225 0.000366
30240 0.000366
30255 0.000366
30270 0.000366
30285 0.000366
30300 0.000366
30315 0.00037
30330 0.00037
30345 0.00037
30360 0.00037
30375 0.00037
30390 0.00037
30405 0.00037
30420 0.00037
30435 0.00037
30450 0.00037
30465 0.00037
30480 0.000372
30495 0.000372
30510 0.000378
30525 0.000378
30540 0.000378
30555 0.000378
30570 0.000378
30585 0.000378
30600 0.000378
30615 0.000378
30630 0.000378
30645 0.000378
30660 0.00038
30675 0.00038
30690 0.00038
30705 0.00038
30720 0.00038
30735 0.00038
30750 0.00038
30765 0.000382
30780 0.000386
30795 0.000386
30810 0.000386
30825 0.000386
30840 0.000386
30855 0.000386
30870 0.000386
30885 0.000386
30900 0.000386
30915 0.000386
30930 0.000388
30945 0.000394
30960 0.000394
30975 0.000394
30990 0.000394
31005 0.000394
31020 0.000394
31035 0.000394
31050 0.000394
31065 0.0004
31080 0.0004
31095 0.0004
31110 0.0004
31125 0.000404
31140 0.000404
31155 0.000404
31170 0.000408
31185 0.000408
31200 0.00041
31215 0.00041
31230 0.00041
31245 0.00041
31260 0.000412
31275 0.000412
31290 0.000412
31305 0.000412
31320 0.000418
31335 0.000418
31350 0.000418
31365 0.000418
31380 0.000418
31395 0.00042
31410 0.00042
31425 0.00042
31440 0.00042
31455 0.000422
31470 0.000422
31485 0.000424
31500 0.000424
31515 0.000424
31530 0.000428
31545 0.000428
31560 0.000428
31575 0.000428
31590 0.00043
31605 0.00043
31620 0.00043
31635 0.00043
31650 0.00043
31665 0.00043
31680 0.00043
31695 0.00043
31710 0.000432
31725 0.000432
31740 0.000432
31755 0.00044
31770 0.00044
31785 0.00044
31800 0.00044
31815 0.00044
31830 0.00044
31845 0.00044
31860 0.00044
31875 0.00044
31890 0.000446
31905 0.00045
31920 0.000458
31935 0.000458
31950 0.00047
31965 0.00047
31980 0.00047
31995 0.00047
32010 0.00047
32025 0.00047
32040 0.00047
32055 0.00047
32070 0.00047
32085 0.00047
32100 0.00047
32115 0.00047
32130 0.00047
32145 0.00047
32160 0.00047
32175 0.00047
32190 0.000474
32205 0.000476
32220 0.000476
32235 0.000476
32250 0.000476
32265 0.000476
32280 0.000476
32295 0.000476
32310 0.000476
32325 0.000476
32340 0.000476
32355 0.000476
32370 0.000476
32385 0.000476
32400 0.000486
32415 0.000486
32430 0.000486
32445 0.000486
32460 0.000486
32475 0.000486
32490 0.000486
32505 0.000486
32520 0.000486
32535 0.000486
32550 0.000486
32565 0.000488
32580 0.000488
32595 0.000494
32610 0.000494
32625 0.000494
32640 0.000496
32655 0.000496
32670 0.000496
32685 0.000496
32700 0.000496
32715 0.000496
32730 0.000498
32745 0.000498
32760 0.000498
32775 0.0005
32790 0.0005
32805 0.0005
32820 0.0005
32835 0.0005
32850 0.0005
32865 0.0005
32880 0.0005
32895 0.0005
32910 0.000504
32925 0.000504
32940 0.000504
32955 0.000504
32970 0.000504
32985 0.000504
33000 0.000504
33015 0.000504
33030 0.000504
33045 0.000504
33060 0.000504
33075 0.000508
33090 0.000508
33105 0.000508
33120 0.000508
33135 0.000508
33150 0.00051
33165 0.00051
33180 0.00051
33195 0.00051
33210 0.00051
33225 0.000512
33240 0.000516
33255 0.000518
33270 0.000518
33285 0.00052
33300 0.00052
33315 0.00052
33330 0.00052
33345 0.00052
33360 0.00052
33375 0.00052
33390 0.000522
33405 0.000522
33420 0.000522
33435 0.000522
33450 0.000522
33465 0.000522
33480 0.000524
33495 0.000524
33510 0.000524
33525 0.000524
33540 0.000524
33555 0.000524
33570 0.000524
33585 0.000524
33600 0.000524
33615 0.000524
33630 0.000524
33645 0.000524
33660 0.000524
33675 0.000524
33690 0.000524
33705 0.000524
33720 0.000524
33735 0.000536
33750 0.000536
33765 0.000548
33780 0.000548
33795 0.000548
33810 0.000548
33825 0.000548
33840 0.000548
33855 0.00055
33870 0.00055
33885 0.00055
33900 0.000552
33915 0.000556
33930 0.000556
33945 0.000556
33960 0.000556
33975 0.000556
33990 0.000556
34005 0.000558
34020 0.000558
34035 0.000562
34050 0.000564
34065 0.00057
34080 0.00057
34095 0.00057
34110 0.00057
34125 0.00057
34140 0.00057
34155 0.00057
34170 0.00057
34185 0.00057
34200 0.00057
34215 0.00057
34230 0.00057
34245 0.00057
34260 0.000574
34275 0.000574
34290 0.000574
34305 0.000574
34320 0.000574
34335 0.000574
34350 0.000574
34365 0.000574
34380 0.000574
34395 0.000574
34410 0.000574
34425 0.000574
34440 0.000574
34455 0.000574
34470 0.000576
34485 0.000596
34500 0.000604
34515 0.000608
34530 0.000608
34545 0.000612
34560 0.000616
34575 0.000618
34590 0.000618
34605 0.000618
34620 0.000618
34635 0.000618
34650 0.000618
34665 0.000618
34680 0.00062
34695 0.000626
34710 0.000626
34725 0.000626
34740 0.000626
34755 0.000626
34770 0.000626
34785 0.00063
34800 0.000634
34815 0.000634
34830 0.000636
34845 0.000636
34860 0.000636
34875 0.000636
34890 0.000636
34905 0.00064
34920 0.00064
34935 0.000646
34950 0.000646
34965 0.000646
34980 0.000646
34995 0.000668
35010 0.000668
35025 0.000674
35040 0.000674
35055 0.000674
35070 0.000676
35085 0.000676
35100 0.000676
35115 0.000676
35130 0.000676
35145 0.000678
35160 0.000678
35175 0.000688
35190 0.000688
35205 0.000688
35220 0.000688
35235 0.000688
35250 0.000688
35265 0.000688
35280 0.000688
35295 0.000688
35310 0.000688
35325 0.000688
35340 0.000688
35355 0.000688
35370 0.000688
35385 0.000688
35400 0.0007
35415 0.0007
35430 0.0007
35445 0.0007
35460 0.0007
35475 0.0007
35490 0.0007
35505 0.0007
35520 0.0007
35535 0.0007
35550 0.0007
35565 0.000702
35580 0.000712
35595 0.000712
35610 0.000712
35625 0.000712
35640 0.000712
35655 0.000712
35670 0.000716
35685 0.000716
35700 0.000722
35715 0.000722
35730 0.000722
35745 0.000722
35760 0.000724
35775 0.000724
35790 0.000724
35805 0.000724
35820 0.000726
35835 0.000726
35850 0.000726
35865 0.000726
35880 0.000738
35895 0.000744
35910 0.000748
35925 0.000748
35940 0.000752
35955 0.000756
35970 0.000756
35985 0.000756
36000 0.000766
36015 0.000784
36030 0.000784
36045 0.000784
36060 0.000784
36075 0.000784
36090 0.000788
36105 0.000788
36120 0.000788
36135 0.000792
36150 0.000792
36165 0.000792
36180 0.000806
36195 0.000806
36210 0.000806
36225 0.000806
36240 0.000826
36255 0.00083
36270 0.00083
36285 0.00083
36300 0.00083
36315 0.00083
36330 0.00083
36345 0.000834
36360 0.000842
36375 0.000842
36390 0.000842
36405 0.000854
36420 0.00087
36435 0.00087
36450 0.00087
36465 0.000874
36480 0.000878
36495 0.000878
36510 0.000878
36525 0.000878
36540 0.000878
36555 0.000878
36570 0.000878
36585 0.000878
36600 0.000878
36615 0.000878
36630 0.000878
36645 0.000878
36660 0.000878
36675 0.000878
36690 0.000878
36705 0.000878
36720 0.000878
36735 0.000878
36750 0.000878
36765 0.000878
36780 0.000878
36795 0.000878
36810 0.00088
36825 0.00088
36840 0.00088
36855 0.00088
36870 0.00088
36885 0.00088
36900 0.00088
36915 0.000892
36930 0.000892
36945 0.000912
36960 0.000926
36975 0.00093
36990 0.000942
37005 0.000942
37020 0.000942
37035 0.000942
37050 0.000942
37065 0.000942
37080 0.000942
37095 0.000942
37110 0.000942
37125 0.000942
37140 0.000942
37155 0.000972
37170 0.000972
37185 0.000972
37200 0.000972
37215 0.000972
37230 0.000972
37245 0.000972
37260 0.000986
37275 0.000988
37290 0.000988
37305 0.000988
37320 0.000988
37335 0.000988
37350 0.000988
37365 0.000988
37380 0.000988
37395 0.000994
37410 0.000996
37425 0.001012
37440 0.00102
37455 0.00102
37470 0.00102
37485 0.00102
37500 0.00102
37515 0.00102
37530 0.00103
37545 0.00103
37560 0.001036
37575 0.001036
37590 0.001036
37605 0.001036
37620 0.001036
37635 0.001042
37650 0.001042
37665 0.001042
37680 0.001042
37695 0.00105
37710 0.00105
37725 0.001054
37740 0.001054
37755 0.001066
37770 0.00109
37785 0.00109
37800 0.00109
37815 0.00109
37830 0.00109
37845 0.001106
37860 0.001118
37875 0.00112
37890 0.00113
37905 0.001142
37920 0.001142
37935 0.001142
37950 0.001146
37965 0.001146
37980 0.001146
37995 0.001146
38010 0.001154
38025 0.001154
38040 0.001154
38055 0.001154
38070 0.001154
38085 0.001154
38100 0.001158
38115 0.001158
38130 0.001178
38145 0.001178
38160 0.00118
38175 0.00118
38190 0.00118
38205 0.00118
38220 0.00118
38235 0.00118
38250 0.001184
38265 0.001184
38280 0.001184
38295 0.001184
38310 0.001186
38325 0.001186
38340 0.001216
38355 0.001216
38370 0.001216
38385 0.001216
38400 0.001216
38415 0.001216
38430 0.001218
38445 0.001218
38460 0.00125
38475 0.00125
38490 0.00126
38505 0.00126
38520 0.001266
38535 0.001266
38550 0.001266
38565 0.001266
38580 0.00127
38595 0.00127
38610 0.001284
38625 0.001284
38640 0.001284
38655 0.001288
38670 0.001294
38685 0.001322
38700 0.001322
38715 0.001322
38730 0.001322
38745 0.001342
38760 0.001366
38775 0.001366
38790 0.001366
38805 0.001366
38820 0.001366
38835 0.001366
38850 0.001378
38865 0.001378
38880 0.001378
38895 0.001378
38910 0.001378
38925 0.001378
38940 0.00139
38955 0.00139
38970 0.00139
38985 0.0014
39000 0.001404
39015 0.001422
39030 0.001422
39045 0.001448
39060 0.001448
39075 0.001448
39090 0.001462
39105 0.001468
39120 0.001468
39135 0.001486
39150 0.001486
39165 0.001486
39180 0.001486
39195 0.001486
39210 0.00149
39225 0.001508
39240 0.001508
39255 0.001508
39270 0.001508
39285 0.001508
39300 0.001548
39315 0.001548
39330 0.001548
39345 0.001548
39360 0.00158
39375 0.00158
39390 0.00158
39405 0.001598
39420 0.001598
39435 0.001598
39450 0.001614
39465 0.001614
39480 0.001614
39495 0.001614
39510 0.001614
39525 0.001654
39540 0.001706
39555 0.001716
39570 0.001716
39585 0.001716
39600 0.001716
39615 0.001724
39630 0.001726
39645 0.001742
39660 0.001742
39675 0.001742
39690 0.001742
39705 0.001768
39720 0.001816
39735 0.001818
39750 0.001818
39765 0.001818
39780 0.001826
39795 0.001886
39810 0.001892
39825 0.001894
39840 0.001924
39855 0.001924
39870 0.001956
39885 0.001956
39900 0.001972
39915 0.00198
39930 0.00201
39945 0.00201
39960 0.00201
39975 0.00201
39990 0.002036
40005 0.002036
40020 0.002036
40035 0.002036
40050 0.002038
40065 0.002048
40080 0.002064
40095 0.002064
40110 0.002064
40125 0.00209
40140 0.002098
40155 0.002098
40170 0.002122
40185 0.002144
40200 0.002144
40215 0.002152
40230 0.002152
40245 0.00218
40260 0.00218
40275 0.002226
40290 0.002226
40305 0.002226
40320 0.002226
40335 0.002226
40350 0.002306
40365 0.002306
40380 0.00232
40395 0.00232
40410 0.002376
40425 0.002376
40440 0.002376
40455 0.002396
40470 0.002396
40485 0.002458
40500 0.002524
40515 0.002548
40530 0.002572
40545 0.002578
40560 0.002638
40575 0.002638
40590 0.002666
40605 0.002666
40620 0.002666
40635 0.002666
40650 0.002666
40665 0.002666
40680 0.002692
40695 0.002694
40710 0.002764
40725 0.002782
40740 0.002782
40755 0.002782
40770 0.002782
40785 0.002782
40800 0.002782
40815 0.002792
40830 0.002792
40845 0.002966
40860 0.002966
40875 0.003006
40890 0.00307
40905 0.003152
40920 0.003168
40935 0.003168
40950 0.003168
40965 0.003168
40980 0.003168
40995 0.003172
41010 0.00318
41025 0.00318
41040 0.00318
41055 0.00318
41070 0.00318
41085 0.003216
41100 0.003216
41115 0.003216
41130 0.003222
41145 0.003222
41160 0.003272
41175 0.00329
41190 0.003456
41205 0.003516
41220 0.00354
41235 0.003602
41250 0.003638
41265 0.003704
41280 0.003704
41295 0.00376
41310 0.003828
41325 0.003828
41340 0.003828
41355 0.003876
41370 0.003876
41385 0.00391
41400 0.00391
41415 0.003986
41430 0.00408
41445 0.004196
41460 0.004196
41475 0.004196
41490 0.004196
41505 0.004206
41520 0.004206
41535 0.004206
41550 0.00422
41565 0.004238
41580 0.004238
41595 0.004324
41610 0.0044
41625 0.00443
41640 0.004464
41655 0.004464
41670 0.004466
41685 0.004514
41700 0.004562
41715 0.004574
41730 0.004574
41745 0.004708
41760 0.0048
41775 0.005026
41790 0.005202
41805 0.005324
41820 0.005324
41835 0.005416
41850 0.005416
41865 0.005604
41880 0.005644
41895 0.005762
41910 0.005982
41925 0.006306
41940 0.006648
41955 0.006728
41970 0.006728
41985 0.006884
42000 0.006884
42015 0.006884
42030 0.00722
42045 0.007254
42060 0.007256
42075 0.007426
42090 0.007426
42105 0.007744
42120 0.007926
42135 0.008004
42150 0.008176
42165 0.00831
42180 0.008448
42195 0.008698
42210 0.00872
42225 0.00872
42240 0.009084
42255 0.009164
42270 0.009474
42285 0.009618
42300 0.009856
42315 0.009948
42330 0.01008
42345 0.010902
42360 0.010902
42375 0.01113
42390 0.011134
42405 0.011134
42420 0.01154
42435 0.012624
42450 0.013252
42465 0.013306
42480 0.013744
42495 0.01391
42510 0.014542
42525 0.014542
42540 0.017936
42555 0.018034
42570 0.01904
42585 0.01904
42600 0.019266
42615 0.01951
42630 0.01957
42645 0.021962
42660 0.02719
42675 0.032654
42690 0.04296
42705 0.046816
42720 0.069994
42735 0.076594
42750 0.078144
42765 0.07857
42780 0.079574
42795 0.080496
42810 0.08062
42825 0.08426
42840 0.08595
42855 0.087524
42870 0.095536
42885 0.101148
42900 0.1029
42915 0.10661
42930 0.11138
42945 0.118426
42960 0.126288
42975 0.144334
42990 0.215704
43005 0.220504
43020 0.238828
43035 0.24412
43050 0.25793
43065 0.284484
43080 0.293862
43095 0.320342
43110 0.372094
43125 0.390584
43140 0.407296
43155 0.423084
43170 0.433534
43185 0.47274
43200 0.521622
43215 0.550266
43230 0.559782
43245 0.566066
43260 0.58265
43275 0.591382
43290 0.603776
43305 0.60876
43320 0.612318
43335 0.628356
43350 0.662136
43365 0.67737
43380 0.681332
43395 0.685188
43410 0.687396
43425 0.690786
43440 0.694894
43455 0.699344
43470 0.70077
43485 0.70406
43500 0.70672
43515 0.70927
43530 0.710724
43545 0.712398
43560 0.715024
43575 0.716838
43590 0.718206
43605 0.720276
43620 0.722546
43635 0.724012
43650 0.72549
43665 0.72622
43680 0.728106
43695 0.729296
43710 0.730908
43725 0.732258
43740 0.734224
43755 0.735212
43770 0.737148
43785 0.739308
43800 0.741218
43815 0.742556
43830 0.743598
43845 0.745162
43860 0.746242
43875 0.747062
43890 0.748234
43905 0.750164
43920 0.751208
43935 0.751912
43950 0.753374
43965 0.754826
43980 0.75584
43995 0.756814
44010 0.757558
44025 0.758558
44040 0.75946
44055 0.760488
44070 0.761456
44085 0.7627
44100 0.763582
44115 0.765134
44130 0.765844
44145 0.76701
44160 0.76768
44175 0.76906
44190 0.769716
44205 0.770602
44220 0.771186
44235 0.772108
44250 0.773006
44265 0.774238
44280 0.774868
44295 0.775436
44310 0.776202
44325 0.776916
44340 0.777434
44355 0.77816
44370 0.77899
44385 0.780072
44400 0.780936
44415 0.781732
44430 0.782786
44445 0.783528
44460 0.78412
44475 0.785006
44490 0.78565
44505 0.786578
44520 0.78735
44535 0.787992
44550 0.78878
44565 0.78968
44580 0.790122
44595 0.790852
44610 0.791572
44625 0.792256
44640 0.793182
44655 0.794082
44670 0.795014
44685 0.795728
44700 0.796158
44715 0.796608
44730 0.797432
44745 0.797854
44760 0.798358
44775 0.799168
44790 0.799814
44805 0.800514
44820 0.801148
44835 0.801798
44850 0.802886
44865 0.803512
44880 0.804116
44895 0.80495
44910 0.805474
44925 0.806224
44940 0.806712
44955 0.807252
44970 0.80776
44985 0.808432
45000 0.808856
45015 0.809476
45030 0.810082
45045 0.810594
45060 0.811024
45075 0.811654
45090 0.812218
45105 0.812788
45120 0.813442
45135 0.813862
45150 0.814602
45165 0.815066
45180 0.815686
45195 0.815962
45210 0.816362
45225 0.81689
45240 0.817448
45255 0.818
45270 0.818562
45285 0.81901
45300 0.819498
45315 0.820168
45330 0.820684
45345 0.821146
45360 0.821546
45375 0.822058
45390 0.822412
45405 0.822944
45420 0.823342
45435 0.823868
45450 0.824454
45465 0.824978
45480 0.825658
45495 0.826038
45510 0.826586
45525 0.827008
45540 0.827504
45555 0.82805
45570 0.828548
45585 0.829112
45600 0.829534
45615 0.830184
45630 0.830768
45645 0.831238
45660 0.83171
45675 0.832048
45690 0.832486
45705 0.833046
45720 0.833558
45735 0.834056
45750 0.834458
45765 0.834882
45780 0.835218
45795 0.835636
45810 0.836062
45825 0.83651
45840 0.83691
45855 0.837258
45870 0.837624
45885 0.838122
45900 0.838702
45915 0.839012
45930 0.83948
45945 0.839904
45960 0.84027
45975 0.84061
45990 0.841012
46005 0.841376
46020 0.841694
46035 0.842088
46050 0.842406
46065 0.842644
46080 0.84295
46095 0.843406
46110 0.843892
46125 0.844222
46140 0.844562
46155 0.844832
46170 0.845256
46185 0.845666
46200 0.846084
46215 0.846396
46230 0.846746
46245 0.847084
46260 0.847562
46275 0.848014
46290 0.84837
46305 0.848734
46320 0.848958
46335 0.849272
46350 0.849652
46365 0.85016
46380 0.850468
46395 0.850836
46410 0.851198
46425 0.851638
46440 0.851976
46455 0.852282
46470 0.852716
46485 0.853276
46500 0.853472
46515 0.853808
46530 0.854148
46545 0.854526
46560 0.854946
46575 0.855292
46590 0.855786
46605 0.856158
46620 0.85663
46635 0.85695
46650 0.857162
46665 0.857562
46680 0.85783
46695 0.858272
46710 0.85857
46725 0.858906
46740 0.859156
46755 0.85946
46770 0.859736
46785 0.860088
46800 0.860366
46815 0.860606
46830 0.860942
46845 0.861284
46860 0.861606
46875 0.861878
46890 0.86228
46905 0.86261
46920 0.862828
46935 0.863066
46950 0.863402
46965 0.863782
46980 0.864126
46995 0.864374
47010 0.864702
47025 0.865056
47040 0.865368
47055 0.8656
47070 0.865886
47085 0.866322
47100 0.866676
47115 0.866998
47130 0.867238
47145 0.867484
47160 0.867758
47175 0.868052
47190 0.868346
47205 0.868648
47220 0.868972
47235 0.869232
47250 0.86961
47265 0.86992
47280 0.870184
47295 0.870454
47310 0.870762
47325 0.870954
47340 0.87126
47355 0.871532
47370 0.871806
47385 0.872126
47400 0.872374
47415 0.872628
47430 0.872864
47445 0.873308
47460 0.873572
47475 0.8738
47490 0.874086
47505 0.87438
47520 0.874542
47535 0.8748
47550 0.875012
47565 0.875264
47580 0.875546
47595 0.875816
47610 0.876086
47625 0.876468
47640 0.876732
47655 0.876924
47670 0.87723
47685 0.877538
47700 0.877844
47715 0.878148
47730 0.87843
47745 0.878626
47760 0.87891
47775 0.87912
47790 0.87937
47805 0.879536
47820 0.879702
47835 0.87994
47850 0.880228
47865 0.88046
47880 0.880744
47895 0.88106
47910 0.881266
47925 0.88154
47940 0.88181
47955 0.8821
47970 0.882404
47985 0.88268
48000 0.882906
48015 0.883114
48030 0.883328
48045 0.88364
48060 0.883798
48075 0.88405
48090 0.884296
48105 0.88453
48120 0.884832
48135 0.88516
48150 0.885402
48165 0.88564
48180 0.885794
48195 0.885986
48210 0.886248
48225 0.886466
48240 0.886694
48255 0.886944
48270 0.88717
48285 0.887356
48300 0.887614
48315 0.887838
48330 0.888054
48345 0.888264
48360 0.888414
48375 0.888624
48390 0.88891
48405 0.889118
48420 0.889316
48435 0.88966
48450 0.889842
48465 0.89007
48480 0.89024
48495 0.890444
48510 0.89064
48525 0.890878
48540 0.89113
48555 0.891318
48570 0.891548
48585 0.891802
48600 0.892006
48615 0.892202
48630 0.892386
48645 0.892556
48660 0.892756
48675 0.892978
48690 0.893148
48705 0.8934
48720 0.893584
48735 0.893766
48750 0.89398
48765 0.894212
48780 0.894358
48795 0.894526
48810 0.894694
48825 0.894838
48840 0.895032
48855 0.895194
48870 0.895392
48885 0.895652
48900 0.895876
48915 0.896034
48930 0.896248
48945 0.8964
48960 0.896556
48975 0.896752
48990 0.896926
49005 0.897122
49020 0.897306
49035 0.897526
49050 0.897738
49065 0.898002
49080 0.898176
49095 0.898352
49110 0.898524
49125 0.898652
49140 0.898854
49155 0.89902
49170 0.899212
49185 0.899396
49200 0.899586
49215 0.899754
49230 0.899868
49245 0.900056
49260 0.900276
49275 0.900476
49290 0.900688
49305 0.900892
49320 0.90113
49335 0.901328
49350 0.901528
49365 0.90171
49380 0.901884
49395 0.902008
49410 0.902188
49425 0.902366
49440 0.902536
49455 0.902724
49470 0.902888
49485 0.903094
49500 0.903284
49515 0.90343
49530 0.903624
49545 0.903834
49560 0.90401
49575 0.904182
49590 0.904412
49605 0.9046
49620 0.904778
49635 0.904922
49650 0.905054
49665 0.9052
49680 0.90541
49695 0.90564
49710 0.905814
49725 0.90599
49740 0.906162
49755 0.906326
49770 0.906464
49785 0.906628
49800 0.906888
49815 0.907058
49830 0.907232
49845 0.90737
49860 0.907516
49875 0.907696
49890 0.90785
49905 0.907988
49920 0.908118
49935 0.908286
49950 0.908432
49965 0.908588
49980 0.908754
49995 0.908908
50010 0.909108
50025 0.909276
50040 0.909488
50055 0.909684
50070 0.909824
50085 0.909982
50100 0.910118
50115 0.910342
50130 0.910498
50145 0.910674
50160 0.910868
50175 0.911086
50190 0.911218
50205 0.91136
50220 0.911496
50235 0.911618
50250 0.911798
50265 0.91194
50280 0.912114
50295 0.912284
50310 0.912398
50325 0.912512
50340 0.91269
50355 0.912828
50370 0.912986
50385 0.91313
50400 0.913286
50415 0.913424
50430 0.913568
50445 0.913694
50460 0.913824
50475 0.914024
50490 0.914186
50505 0.914364
50520 0.914526
50535 0.914644
50550 0.91481
50565 0.91492
50580 0.91506
50595 0.915202
50610 0.915382
50625 0.915506
50640 0.915702
50655 0.915852
50670 0.916046
50685 0.916214
50700 0.916306
50715 0.916418
50730 0.916548
50745 0.916744
50760 0.916928
50775 0.917088
50790 0.917222
50805 0.917374
50820 0.917464
50835 0.917596
50850 0.917706
50865 0.917814
50880 0.917998
50895 0.918086
50910 0.918256
50925 0.918366
50940 0.918504
50955 0.918642
50970 0.918764
50985 0.918868
51000 0.919024
51015 0.919156
51030 0.919282
51045 0.919464
51060 0.919622
51075 0.91977
51090 0.919914
51105 0.920074
51120 0.92021
51135 0.920364
51150 0.920454
51165 0.920586
51180 0.920704
51195 0.920856
51210 0.920998
51225 0.921114
51240 0.921244
51255 0.921418
51270 0.92157
51285 0.921716
51300 0.92187
51315 0.921968
51330 0.92209
51345 0.922206
51360 0.922378
51375 0.922472
51390 0.922588
51405 0.922686
51420 0.922794
51435 0.92292
51450 0.923012
51465 0.92317
51480 0.923284
51495 0.923382
51510 0.923498
51525 0.923646
51540 0.923738
51555 0.923908
51570 0.924052
51585 0.924208
51600 0.924336
51615 0.924436
51630 0.92454
51645 0.924638
51660 0.924808
51675 0.924942
51690 0.92505
51705 0.925184
51720 0.925282
51735 0.925416
51750 0.925526
51765 0.925632
51780 0.925778
51795 0.925902
51810 0.92602
51825 0.926128
51840 0.92626
51855 0.926438
51870 0.926584
51885 0.926708
51900 0.92682
51915 0.926962
51930 0.927098
51945 0.927248
51960 0.927362
51975 0.927486
51990 0.927612
52005 0.92772
52020 0.927838
52035 0.92795
52050 0.92804
52065 0.928154
52080 0.928272
52095 0.928398
52110 0.92853
52125 0.928616
52140 0.928708
52155 0.928804
52170 0.928886
52185 0.929022
52200 0.929118
52215 0.92922
52230 0.929338
52245 0.929478
52260 0.929568
52275 0.929678
52290 0.929794
52305 0.929888
52320 0.930012
52335 0.9301
52350 0.930212
52365 0.930362
52380 0.93046
52395 0.930598
52410 0.930676
52425 0.930782
52440 0.930918
52455 0.931018
52470 0.931146
52485 0.931276
52500 0.931408
52515 0.931524
52530 0.931648
52545 0.931772
52560 0.931904
52575 0.932012
52590 0.932138
52605 0.932222
52620 0.932336
52635 0.93244
52650 0.93258
52665 0.932708
52680 0.932826
52695 0.932944
52710 0.933066
52725 0.933156
52740 0.933254
52755 0.93335
52770 0.933468
52785 0.933586
52800 0.933662
52815 0.933744
52830 0.93382
52845 0.933924
52860 0.934042
52875 0.934134
52890 0.93426
52905 0.934348
52920 0.934444
52935 0.934534
52950 0.934634
52965 0.934768
52980 0.934848
52995 0.934974
53010 0.935084
53025 0.935194
53040 0.935302
53055 0.935416
53070 0.93553
53085 0.935644
53100 0.935746
53115 0.935846
53130 0.935964
53145 0.936072
53160 0.936176
53175 0.93626
53190 0.93636
53205 0.936464
53220 0.936558
53235 0.936682
53250 0.936772
53265 0.93688
53280 0.936944
53295 0.937056
53310 0.937172
53325 0.937258
53340 0.937352
53355 0.937464
53370 0.937538
53385 0.93761
53400 0.937738
53415 0.937844
53430 0.937962
53445 0.938056
53460 0.938132
53475 0.938252
53490 0.938304
53505 0.93844
53520 0.938504
53535 0.938568
53550 0.938646
53565 0.938732
53580 0.938804
53595 0.938888
53610 0.938948
53625 0.939046
53640 0.939136
53655 0.939264
53670 0.939348
53685 0.939424
53700 0.939522
53715 0.939606
53730 0.939712
53745 0.939822
53760 0.939928
53775 0.940008
53790 0.940114
53805 0.940192
53820 0.940274
53835 0.940352
53850 0.940428
53865 0.940528
53880 0.940644
53895 0.940716
53910 0.940838
53925 0.94093
53940 0.941052
53955 0.941152
53970 0.941244
53985 0.941324
54000 0.941412
54015 0.94152
54030 0.94163
54045 0.941698
54060 0.941776
54075 0.941856
54090 0.941944
54105 0.942024
54120 0.942118
54135 0.942174
54150 0.94226
54165 0.942324
54180 0.942412
54195 0.942474
54210 0.942558
54225 0.942668
54240 0.94277
54255 0.942854
54270 0.942934
54285 0.943004
54300 0.943068
54315 0.943164
54330 0.943256
54345 0.943342
54360 0.943434
54375 0.943504
54390 0.94358
54405 0.943676
54420 0.943754
54435 0.943828
54450 0.943932
54465 0.943986
54480 0.944078
54495 0.94415
54510 0.944224
54525 0.944342
54540 0.944416
54555 0.944508
54570 0.944564
54585 0.944642
54600 0.94476
54615 0.944832
54630 0.944916
54645 0.945038
54660 0.94509
54675 0.94515
54690 0.945226
54705 0.945296
54720 0.94535
54735 0.945466
54750 0.945532
54765 0.945618
54780 0.945688
54795 0.945778
54810 0.945848
54825 0.945926
54840 0.945986
54855 0.946088
54870 0.94618
54885 0.946262
54900 0.94632
54915 0.946386
54930 0.946442
54945 0.946544
54960 0.946626
54975 0.94672
54990 0.946824
55005 0.946934
55020 0.947026
55035 0.947126
55050 0.9472
55065 0.94729
55080 0.94734
55095 0.947426
55110 0.947502
55125 0.947572
55140 0.947676
55155 0.94779
55170 0.947858
55185 0.947922
55200 0.947976
55215 0.94805
55230 0.948128
55245 0.94819
55260 0.94827
55275 0.948334
55290 0.948422
55305 0.948496
55320 0.94856
55335 0.948648
55350 0.94874
55365 0.94878
55380 0.948866
55395 0.94897
55410 0.94903
55425 0.9491
55440 0.949164
55455 0.949242
55470 0.949342
55485 0.949442
55500 0.949556
55515 0.949648
55530 0.949726
55545 0.949774
55560 0.949846
55575 0.949942
55590 0.950022
55605 0.950104
55620 0.950174
55635 0.95023
55650 0.950318
55665 0.950422
55680 0.950502
55695 0.95058
55710 0.950658
55725 0.950736
55740 0.950828
55755 0.950878
55770 0.950946
55785 0.95103
55800 0.951112
55815 0.951208
55830 0.951282
55845 0.951342
55860 0.951416
55875 0.95148
55890 0.951556
55905 0.951632
55920 0.951698
55935 0.951796
55950 0.951862
55965 0.951924
55980 0.952008
55995 0.952078
56010 0.952158
56025 0.952236
56040 0.95231
56055 0.952392
56070 0.952436
56085 0.952486
56100 0.95257
56115 0.952646
56130 0.952702
56145 0.952752
56160 0.952866
56175 0.952928
56190 0.953002
56205 0.953068
56220 0.953136
56235 0.95323
56250 0.953308
56265 0.95338
56280 0.953434
56295 0.95351
56310 0.953612
56325 0.95365
56340 0.95371
56355 0.953766
56370 0.953852
56385 0.953914
56400 0.953976
56415 0.9541
56430 0.954172
56445 0.954238
56460 0.954296
56475 0.954392
56490 0.954454
56505 0.954514
56520 0.954564
56535 0.954618
56550 0.9547
56565 0.954756
56580 0.95482
56595 0.95493
56610 0.954986
56625 0.955084
56640 0.955164
56655 0.955222
56670 0.955284
56685 0.955346
56700 0.955406
56715 0.955482
56730 0.955538
56745 0.955598
56760 0.955658
56775 0.955726
56790 0.955774
56805 0.955844
56820 0.955944
56835 0.956008
56850 0.956082
56865 0.956134
56880 0.956176
56895 0.956246
56910 0.95632
56925 0.95638
56940 0.956444
56955 0.956532
56970 0.956594
56985 0.956668
57000 0.956704
57015 0.95679
57030 0.956852
57045 0.95694
57060 0.957016
57075 0.957086
57090 0.957158
57105 0.957212
57120 0.957268
57135 0.957326
57150 0.957378
57165 0.957454
57180 0.957516
57195 0.957586
57210 0.95764
57225 0.957714
57240 0.95778
57255 0.957842
57270 0.957904
57285 0.957968
57300 0.958028
57315 0.958074
57330 0.95813
57345 0.95821
57360 0.958304
57375 0.958356
57390 0.958408
57405 0.95847
57420 0.958512
57435 0.958582
57450 0.958634
57465 0.958676
57480 0.958756
57495 0.958832
57510 0.958902
57525 0.95899
57540 0.95909
57555 0.95916
57570 0.959218
57585 0.959284
57600 0.959366
57615 0.959428
57630 0.959488
57645 0.959536
57660 0.959588
57675 0.959664
57690 0.959706
57705 0.959768
57720 0.959822
57735 0.95987
57750 0.959946
57765 0.959996
57780 0.960068
57795 0.960132
57810 0.960182
57825 0.960252
57840 0.960298
57855 0.960346
57870 0.960422
57885 0.96048
57900 0.960546
57915 0.96062
57930 0.960692
57945 0.96075
57960 0.960792
57975 0.960876
57990 0.96095
58005 0.961018
58020 0.96109
58035 0.96113
58050 0.961186
58065 0.961228
58080 0.961278
58095 0.961348
58110 0.961406
58125 0.961444
58140 0.9615
58155 0.961546
58170 0.961604
58185 0.961662
58200 0.961736
58215 0.961774
58230 0.96183
58245 0.961874
58260 0.96191
58275 0.96198
58290 0.96202
58305 0.96208
58320 0.962146
58335 0.962192
58350 0.962248
58365 0.962298
58380 0.96233
58395 0.962418
58410 0.962464
58425 0.962514
58440 0.962558
58455 0.962618
58470 0.962666
58485 0.962744
58500 0.9628
58515 0.962852
58530 0.962902
58545 0.962958
58560 0.963006
58575 0.963064
58590 0.963118
58605 0.963182
58620 0.96323
58635 0.963286
58650 0.963332
58665 0.96337
58680 0.963432
58695 0.963494
58710 0.96357
58725 0.96361
58740 0.963658
58755 0.963712
58770 0.963762
58785 0.963798
58800 0.963862
58815 0.963912
58830 0.963976
58845 0.964012
58860 0.96408
58875 0.964116
58890 0.964162
58905 0.964194
58920 0.964258
58935 0.96431
58950 0.964364
58965 0.96441
58980 0.964464
58995 0.964536
59010 0.964612
59025 0.964684
59040 0.964752
59055 0.9648
59070 0.964844
59085 0.964886
59100 0.964938
59115 0.964982
59130 0.965038
59145 0.965096
59160 0.965132
59175 0.965164
59190 0.965212
59205 0.965292
59220 0.965322
59235 0.965366
59250 0.96541
59265 0.96546
59280 0.9655
59295 0.965562
59310 0.96562
59325 0.965662
59340 0.965714
59355 0.965758
59370 0.965802
59385 0.965866
59400 0.9659
59415 0.965972
59430 0.966012
59445 0.966066
59460 0.966116
59475 0.966156
59490 0.966208
59505 0.96625
59520 0.966298
59535 0.966326
59550 0.966366
59565 0.966394
59580 0.966454
59595 0.966488
59610 0.966516
59625 0.966582
59640 0.966618
59655 0.966658
59670 0.9667
59685 0.966742
59700 0.966776
59715 0.966844
59730 0.966896
59745 0.96694
59760 0.966988
59775 0.967038
59790 0.96709
59805 0.967142
59820 0.967176
59835 0.967206
59850 0.967248
59865 0.967298
59880 0.967332
59895 0.967384
59910 0.967424
59925 0.967472
59940 0.967522
59955 0.967576
59970 0.96762
59985 0.96765
60000 0.967684
60015 0.96771
60030 0.967736
60045 0.967806
60060 0.967836
60075 0.967874
60090 0.967932
60105 0.967978
60120 0.968018
60135 0.968064
60150 0.968088
60165 0.968128
60180 0.968178
60195 0.96822
60210 0.968256
60225 0.968326
60240 0.968362
60255 0.968408
60270 0.968452
60285 0.968494
60300 0.96855
60315 0.968576
60330 0.968624
60345 0.968674
60360 0.968722
60375 0.968762
60390 0.968812
60405 0.968862
60420 0.968894
60435 0.968932
60450 0.96897
60465 0.969
60480 0.969056
60495 0.9691
60510 0.96916
60525 0.969192
60540 0.969232
60555 0.969284
60570 0.969338
60585 0.969378
60600 0.969402
60615 0.969438
60630 0.96946
60645 0.969504
60660 0.969536
60675 0.969592
60690 0.96963
60705 0.969664
60720 0.969702
60735 0.969732
60750 0.969774
60765 0.969822
60780 0.969854
60795 0.969906
60810 0.969952
60825 0.970004
60840 0.97005
60855 0.9701
60870 0.970144
60885 0.9702
60900 0.970258
60915 0.970292
60930 0.970336
60945 0.97038
60960 0.970412
60975 0.970458
60990 0.970514
61005 0.970564
61020 0.970616
61035 0.97066
61050 0.970714
61065 0.970768
61080 0.970812
61095 0.97085
61110 0.970874
61125 0.970928
61140 0.97096
61155 0.97101
61170 0.971036
61185 0.971072
61200 0.97112
61215 0.971168
61230 0.971198
61245 0.971234
61260 0.971274
61275 0.971322
61290 0.971362
61305 0.971402
61320 0.97145
61335 0.971516
61350 0.971542
61365 0.971578
61380 0.971606
61395 0.971634
61410 0.971658
61425 0.971712
61440 0.971756
61455 0.97179
61470 0.971818
61485 0.971854
61500 0.97189
61515 0.97194
61530 0.97197
61545 0.97201
61560 0.97205
61575 0.972108
61590 0.972136
61605 0.972168
61620 0.972202
61635 0.972244
61650 0.972276
61665 0.972326
61680 0.97236
61695 0.972392
61710 0.972442
61725 0.972472
61740 0.972512
61755 0.972552
61770 0.972578
61785 0.972614
61800 0.972668
61815 0.972716
61830 0.972762
61845 0.9728
61860 0.972832
61875 0.972872
61890 0.972904
61905 0.972948
61920 0.972988
61935 0.973026
61950 0.973066
61965 0.973096
61980 0.973132
61995 0.97316
62010 0.973202
62025 0.973254
62040 0.973296
62055 0.973322
62070 0.973364
62085 0.973388
62100 0.973422
62115 0.973464
62130 0.973502
62145 0.973534
62160 0.973568
62175 0.9736
62190 0.97364
62205 0.97367
62220 0.9737
62235 0.973758
62250 0.97378
62265 0.973804
62280 0.973854
62295 0.973916
62310 0.973946
62325 0.973988
62340 0.974012
62355 0.97405
62370 0.97409
62385 0.974124
62400 0.974172
62415 0.974216
62430 0.974254
62445 0.974288
62460 0.974336
62475 0.974356
62490 0.974402
62505 0.974442
62520 0.97448
62535 0.974524
62550 0.974558
62565 0.974602
62580 0.97463
62595 0.974664
62610 0.9747
62625 0.97474
62640 0.974768
62655 0.974794
62670 0.974816
62685 0.974848
62700 0.974876
62715 0.974924
62730 0.974968
62745 0.975
62760 0.97503
62775 0.975076
62790 0.97511
62805 0.975122
62820 0.975196
62835 0.975228
62850 0.975256
62865 0.975292
62880 0.975324
62895 0.97535
62910 0.975382
62925 0.975416
62940 0.97544
62955 0.975484
62970 0.975532
62985 0.975566
63000 0.975598
63015 0.975624
63030 0.97564
63045 0.975662
63060 0.975696
63075 0.975728
63090 0.975754
63105 0.975788
63120 0.975824
63135 0.975866
63150 0.975896
63165 0.97593
63180 0.975958
63195 0.975988
63210 0.976008
63225 0.976032
63240 0.976062
63255 0.9761
63270 0.97613
63285 0.976152
63300 0.97619
63315 0.976212
63330 0.976254
63345 0.976292
63360 0.976338
63375 0.976376
63390 0.976402
63405 0.976446
63420 0.976464
63435 0.976492
63450 0.97653
63465 0.976554
63480 0.976576
63495 0.97661
63510 0.976638
63525 0.97667
63540 0.97671
63555 0.976738
63570 0.976768
63585 0.976788
63600 0.976844
63615 0.976864
63630 0.976878
63645 0.976908
63660 0.976954
63675 0.976982
63690 0.977016
63705 0.977058
63720 0.977096
63735 0.977134
63750 0.977164
63765 0.97719
63780 0.977236
63795 0.977258
63810 0.977274
63825 0.97731
63840 0.977338
63855 0.977366
63870 0.977406
63885 0.977452
63900 0.977492
63915 0.977524
63930 0.97756
63945 0.977594
63960 0.977616
63975 0.97763
63990 0.977654
64005 0.97769
64020 0.977714
64035 0.977734
64050 0.977764
64065 0.97779
64080 0.977824
64095 0.977854
64110 0.97788
64125 0.977922
64140 0.977942
64155 0.977978
64170 0.978014
64185 0.978048
64200 0.978088
64215 0.978124
64230 0.978152
64245 0.978188
64260 0.978226
64275 0.97825
64290 0.978274
64305 0.978308
64320 0.978346
64335 0.97839
64350 0.978414
64365 0.978452
64380 0.978472
64395 0.978506
64410 0.978524
64425 0.97855
64440 0.978588
64455 0.97864
64470 0.978684
64485 0.97871
64500 0.978732
64515 0.97875
64530 0.978786
64545 0.97881
64560 0.978834
64575 0.978872
64590 0.978902
64605 0.978928
64620 0.978952
64635 0.978984
64650 0.979016
64665 0.979034
64680 0.979066
64695 0.979098
64710 0.979124
64725 0.979158
64740 0.979188
64755 0.979204
64770 0.979244
64785 0.979268
64800 0.979292
64815 0.97932
64830 0.979342
64845 0.979366
64860 0.979404
64875 0.979412
64890 0.979436
64905 0.979456
64920 0.979484
64935 0.979512
64950 0.97955
64965 0.979576
64980 0.97962
64995 0.979654
65010 0.979678
65025 0.979718
65040 0.97975
65055 0.979766
65070 0.979786
65085 0.979824
65100 0.979842
65115 0.979866
65130 0.979902
65145 0.979936
65160 0.979974
65175 0.980004
65190 0.980032
65205 0.980052
65220 0.98009
65235 0.980114
65250 0.980136
65265 0.980174
65280 0.980212
65295 0.980236
65310 0.980272
65325 0.980312
65340 0.980328
65355 0.980362
65370 0.980378
65385 0.980404
65400 0.980442
65415 0.980456
65430 0.980494
65445 0.980514
65460 0.98054
65475 0.98057
65490 0.980604
65505 0.980624
65520 0.980646
65535 0.980672
65550 0.980712
65565 0.98073
65580 0.980746
65595 0.980758
65610 0.980778
65625 0.980802
65640 0.980828
65655 0.980846
65670 0.980858
65685 0.980886
65700 0.98092
65715 0.980954
65730 0.98097
65745 0.980994
65760 0.981014
65775 0.981044
65790 0.981066
65805 0.981086
65820 0.981118
65835 0.981152
65850 0.981174
65865 0.981214
65880 0.98124
65895 0.98127
65910 0.981292
65925 0.98132
65940 0.981346
65955 0.981366
65970 0.9814
65985 0.981426
66000 0.98144
66015 0.981474
66030 0.981484
66045 0.98151
66060 0.981532
66075 0.981556
66090 0.981576
66105 0.981606
66120 0.98163
66135 0.981654
66150 0.981676
66165 0.981704
66180 0.98173
66195 0.981758
66210 0.981774
66225 0.981802
66240 0.98182
66255 0.981854
66270 0.981882
66285 0.9819
66300 0.98193
66315 0.981944
66330 0.981968
66345 0.981996
66360 0.982018
66375 0.982034
66390 0.982056
66405 0.98209
66420 0.9821
66435 0.982126
66450 0.982132
66465 0.982154
66480 0.98218
66495 0.982212
66510 0.982238
66525 0.98226
66540 0.98228
66555 0.982306
66570 0.98233
66585 0.982348
66600 0.982372
66615 0.98239
66630 0.98241
66645 0.982436
66660 0.982462
66675 0.982494
66690 0.982506
66705 0.982538
66720 0.982556
66735 0.982578
66750 0.982598
66765 0.982628
66780 0.982644
66795 0.982678
66810 0.982694
66825 0.982716
66840 0.98274
66855 0.982764
66870 0.982784
66885 0.982802
66900 0.982834
66915 0.982864
66930 0.982884
66945 0.982902
66960 0.982928
66975 0.982954
66990 0.982988
67005 0.983014
67020 0.983034
67035 0.983054
67050 0.983066
67065 0.983086
67080 0.983106
67095 0.983128
67110 0.983142
67125 0.983156
67140 0.983184
67155 0.983206
67170 0.983254
67185 0.983272
67200 0.98329
67215 0.983308
67230 0.983326
67245 0.983348
67260 0.983364
67275 0.98338
67290 0.983408
67305 0.983444
67320 0.983464
67335 0.98349
67350 0.98351
67365 0.98352
67380 0.98355
67395 0.983552
67410 0.98357
67425 0.98359
67440 0.983602
67455 0.983636
67470 0.983662
67485 0.983674
67500 0.983696
67515 0.983726
67530 0.983742
67545 0.983754
67560 0.98378
67575 0.983808
67590 0.983836
67605 0.983856
67620 0.98388
67635 0.983912
67650 0.983948
67665 0.983974
67680 0.983982
67695 0.98401
67710 0.98403
67725 0.984058
67740 0.984084
67755 0.984106
67770 0.98412
67785 0.984152
67800 0.984164
67815 0.984184
67830 0.984216
67845 0.984234
67860 0.984262
67875 0.984282
67890 0.98431
67905 0.98433
67920 0.984356
67935 0.984384
67950 0.984404
67965 0.984436
67980 0.98447
67995 0.984488
68010 0.98452
68025 0.984532
68040 0.984556
68055 0.984582
68070 0.984604
68085 0.984624
68100 0.984654
68115 0.984666
68130 0.984694
68145 0.984708
68160 0.984718
68175 0.984724
68190 0.984758
68205 0.984784
68220 0.984804
68235 0.984824
68250 0.984846
68265 0.984874
68280 0.984902
68295 0.984916
68310 0.984928
68325 0.984952
68340 0.984984
68355 0.985012
68370 0.98504
68385 0.985054
68400 0.985066
68415 0.985092
68430 0.98512
68445 0.985126
68460 0.985132
68475 0.985152
68490 0.985156
68505 0.985166
68520 0.985186
68535 0.985202
68550 0.985222
68565 0.985246
68580 0.985256
68595 0.985284
68610 0.9853
68625 0.985318
68640 0.985334
68655 0.985348
68670 0.98536
68685 0.985376
68700 0.985396
68715 0.985426
68730 0.985442
68745 0.985454
68760 0.98547
68775 0.985492
68790 0.985514
68805 0.985526
68820 0.985546
68835 0.985566
68850 0.985578
68865 0.9856
68880 0.98563
68895 0.985652
68910 0.985666
68925 0.985682
68940 0.985692
68955 0.985702
68970 0.98572
68985 0.985732
69000 0.985746
69015 0.985768
69030 0.985792
69045 0.985808
69060 0.985824
69075 0.985848
69090 0.985858
69105 0.985874
69120 0.985892
69135 0.985908
69150 0.985922
69165 0.985946
69180 0.985968
69195 0.986006
69210 0.986022
69225 0.98604
69240 0.986052
69255 0.986072
69270 0.986092
69285 0.9861
69300 0.986116
69315 0.986136
69330 0.986158
69345 0.986172
69360 0.986188
69375 0.986194
69390 0.986224
69405 0.986236
69420 0.986248
69435 0.986258
69450 0.98627
69465 0.98629
69480 0.986304
69495 0.986324
69510 0.986334
69525 0.986346
69540 0.98637
69555 0.986392
69570 0.98642
69585 0.986432
69600 0.98645
69615 0.986464
69630 0.986474
69645 0.986496
69660 0.986518
69675 0.986544
69690 0.98657
69705 0.986586
69720 0.986608
69735 0.986626
69750 0.986642
69765 0.986658
69780 0.986678
69795 0.986704
69810 0.98672
69825 0.98675
69840 0.98677
69855 0.986784
69870 0.9868
69885 0.986818
69900 0.98684
69915 0.986862
69930 0.98688
69945 0.986898
69960 0.986904
69975 0.98691
69990 0.98692
70005 0.986942
70020 0.986954
70035 0.98697
70050 0.986984
70065 0.987004
70080 0.98701
70095 0.98703
70110 0.987042
70125 0.987066
70140 0.987084
70155 0.987104
70170 0.98713
70185 0.987144
70200 0.987156
70215 0.987178
70230 0.987186
70245 0.987196
70260 0.987204
70275 0.987212
70290 0.98722
70305 0.987234
70320 0.987252
70335 0.987274
70350 0.987292
70365 0.987304
70380 0.987314
70395 0.987328
70410 0.987338
70425 0.987364
70440 0.987384
70455 0.987394
70470 0.987408
70485 0.987422
70500 0.987434
70515 0.98745
70530 0.987472
70545 0.987484
70560 0.987508
70575 0.987518
70590 0.987524
70605 0.987536
70620 0.98755
70635 0.987566
70650 0.987594
70665 0.98761
70680 0.987624
70695 0.98764
70710 0.987662
70725 0.987676
70740 0.987688
70755 0.987694
70770 0.98771
70785 0.987716
70800 0.987738
70815 0.987754
70830 0.98778
70845 0.987796
70860 0.987826
70875 0.987844
70890 0.987856
70905 0.987884
70920 0.987898
70935 0.987922
70950 0.987938
70965 0.98795
70980 0.987968
70995 0.987992
71010 0.988004
71025 0.988012
71040 0.988026
71055 0.988032
71070 0.98805
71085 0.988064
71100 0.988094
71115 0.988116
71130 0.988138
71145 0.988148
71160 0.988168
71175 0.988194
71190 0.988208
71205 0.988228
71220 0.988236
71235 0.988252
71250 0.988276
71265 0.988284
71280 0.988296
71295 0.988302
71310 0.98831
71325 0.988322
71340 0.988336
71355 0.988346
71370 0.98836
71385 0.98837
71400 0.988396
71415 0.9884
71430 0.98841
71445 0.988424
71460 0.988438
71475 0.988456
71490 0.988466
71505 0.988476
71520 0.98849
71535 0.988508
71550 0.988522
71565 0.988532
71580 0.98855
71595 0.988566
71610 0.988588
71625 0.988592
71640 0.988614
71655 0.988624
71670 0.988634
71685 0.988656
71700 0.98867
71715 0.988686
71730 0.988698
71745 0.988714
71760 0.98873
71775 0.988742
71790 0.988754
71805 0.98876
71820 0.98877
71835 0.988778
71850 0.988792
71865 0.988802
71880 0.988814
71895 0.988826
71910 0.988848
71925 0.988864
71940 0.988874
71955 0.98889
71970 0.988912
71985 0.988934
72000 0.988948
72015 0.988968
72030 0.988988
72045 0.989
72060 0.989026
72075 0.98905
72090 0.989064
72105 0.989072
72120 0.989084
72135 0.989102
72150 0.98912
72165 0.989124
72180 0.989134
72195 0.989144
72210 0.989162
72225 0.989178
72240 0.989192
72255 0.9892
72270 0.98923
72285 0.989246
72300 0.989262
72315 0.989274
72330 0.989294
72345 0.989308
72360 0.98932
72375 0.989342
72390 0.98936
72405 0.989368
72420 0.989378
72435 0.98939
72450 0.989404
72465 0.98942
72480 0.98943
72495 0.989458
72510 0.989474
72525 0.989482
72540 0.989494
72555 0.989504
72570 0.989524
72585 0.98954
72600 0.989554
72615 0.98956
72630 0.98958
72645 0.989592
72660 0.989606
72675 0.98962
72690 0.989634
72705 0.98965
72720 0.98966
72735 0.98967
72750 0.989686
72765 0.98969
72780 0.989704
72795 0.98971
72810 0.989728
72825 0.989734
72840 0.989752
72855 0.989766
72870 0.989778
72885 0.989794
72900 0.98981
72915 0.989822
72930 0.989836
72945 0.989854
72960 0.989866
72975 0.989876
72990 0.989898
73005 0.989914
73020 0.989926
73035 0.989944
73050 0.98996
73065 0.989972
73080 0.989986
73095 0.989992
73110 0.99001
73125 0.990022
73140 0.990042
73155 0.990066
73170 0.99008
73185 0.99009
73200 0.990092
73215 0.990108
73230 0.990122
73245 0.990136
73260 0.990154
73275 0.990164
73290 0.99017
73305 0.990174
73320 0.990192
73335 0.990204
73350 0.990216
73365 0.990226
73380 0.990238
73395 0.990248
73410 0.990262
73425 0.990288
73440 0.990306
73455 0.990318
73470 0.99033
73485 0.990336
73500 0.990344
73515 0.99036
73530 0.990366
73545 0.990376
73560 0.990382
73575 0.990402
73590 0.990416
73605 0.99042
73620 0.990438
73635 0.99045
73650 0.99047
73665 0.99048
73680 0.99049
73695 0.990514
73710 0.990532
73725 0.990538
73740 0.990548
73755 0.990568
73770 0.990576
73785 0.990584
73800 0.990594
73815 0.990614
73830 0.990626
73845 0.99064
73860 0.990662
73875 0.990676
73890 0.99069
73905 0.990712
73920 0.990726
73935 0.990742
73950 0.990754
73965 0.990766
73980 0.99078
73995 0.99079
74010 0.9908
74025 0.990816
74040 0.990824
74055 0.990832
74070 0.99084
74085 0.990856
74100 0.99087
74115 0.990872
74130 0.99088
74145 0.990892
74160 0.990898
74175 0.990904
74190 0.990912
74205 0.990922
74220 0.990934
74235 0.990948
74250 0.990958
74265 0.990964
74280 0.990974
74295 0.990986
74310 0.990988
74325 0.990998
74340 0.991012
74355 0.991028
74370 0.99104
74385 0.991044
74400 0.991052
74415 0.991074
74430 0.99108
74445 0.99109
74460 0.991098
74475 0.991106
74490 0.99112
74505 0.991132
74520 0.99115
74535 0.991158
74550 0.991166
74565 0.991172
74580 0.991176
74595 0.991186
74610 0.99119
74625 0.991204
74640 0.99121
74655 0.991228
74670 0.991238
74685 0.991248
74700 0.991258
74715 0.991268
74730 0.99128
74745 0.99129
74760 0.991298
74775 0.991312
74790 0.99132
74805 0.991336
74820 0.99135
74835 0.99136
74850 0.991374
74865 0.991376
74880 0.99139
74895 0.991402
74910 0.991414
74925 0.991428
74940 0.991436
74955 0.99144
74970 0.991458
74985 0.991472
