0 0.0002
15 0.0002
30 0.0002
45 0.0002
60 0.0002
75 0.0002
90 0.0002
105 0.0002
120 0.0002
135 0.0002
150 0.0002
165 0.0002
180 0.0002
195 0.0002
210 0.0002
225 0.00022
240 0.00022
255 0.00022
270 0.00023
285 0.00023
300 0.00023
315 0.00025
330 0.00026
345 0.00026
360 0.00026
375 0.00028
390 0.00029
405 0.00029
420 0.0003
435 0.0003
450 0.0003
465 0.0003
480 0.0003
495 0.0003
510 0.0003
525 0.0003
540 0.0003
555 0.0003
570 0.0003
585 0.0003
600 0.0003
615 0.0003
630 0.0003
645 0.0003
660 0.0003
675 0.0003
690 0.0003
705 0.0003
720 0.0003
735 0.0003
750 0.0003
765 0.0003
780 0.0003
795 0.0003
810 0.0003
825 0.0003
840 0.0003
855 0.0003
870 0.0003
885 0.0003
900 0.0003
915 0.0003
930 0.0003
945 0.00031
960 0.00031
975 0.00031
990 0.00031
1005 0.00031
1020 0.00031
1035 0.00031
1050 0.00031
1065 0.00031
1080 0.00032
1095 0.00032
1110 0.00032
1125 0.00032
1140 0.00032
1155 0.00032
1170 0.00033
1185 0.00033
1200 0.00034
1215 0.00034
1230 0.00035
1245 0.00035
1260 0.00037
1275 0.00037
1290 0.00037
1305 0.00037
1320 0.00038
1335 0.00038
1350 0.00038
1365 0.00038
1380 0.00038
1395 0.00039
1410 0.00039
1425 0.00039
1440 0.00039
1455 0.00039
1470 0.00039
1485 0.00039
1500 0.00039
1515 0.00039
1530 0.00039
1545 0.00039
1560 0.00039
1575 0.00039
1590 0.0004
1605 0.0004
1620 0.0004
1635 0.0004
1650 0.0004
1665 0.0004
1680 0.0004
1695 0.00041
1710 0.00041
1725 0.00041
1740 0.00041
1755 0.00041
1770 0.00041
1785 0.00041
1800 0.00041
1815 0.00041
1830 0.00041
1845 0.00042
1860 0.00042
1875 0.00043
1890 0.00043
1905 0.00043
1920 0.00044
1935 0.00044
1950 0.00044
1965 0.00044
1980 0.00044
1995 0.00044
2010 0.00044
2025 0.00044
2040 0.00044
2055 0.00044
2070 0.00044
2085 0.00044
2100 0.00045
2115 0.00045
2130 0.00045
2145 0.00046
2160 0.00046
2175 0.00046
2190 0.00046
2205 0.00046
2220 0.00047
2235 0.00048
2250 0.00049
2265 0.00049
2280 0.00049
2295 0.00049
2310 0.00049
2325 0.00049
2340 0.00049
2355 0.0005
2370 0.0005
2385 0.0005
2400 0.0005
2415 0.0005
2430 0.0005
2445 0.0005
2460 0.0005
2475 0.0005
2490 0.0005
2505 0.0005
2520 0.0005
2535 0.0005
2550 0.0005
2565 0.0005
2580 0.0005
2595 0.0005
2610 0.0005
2625 0.0005
2640 0.0005
2655 0.0005
2670 0.00051
2685 0.00051
2700 0.00051
2715 0.00051
2730 0.00051
2745 0.00052
2760 0.00052
2775 0.00052
2790 0.00052
2805 0.00052
2820 0.00053
2835 0.00053
2850 0.00053
2865 0.00053
2880 0.00055
2895 0.00055
2910 0.00055
2925 0.00056
2940 0.00056
2955 0.00056
2970 0.00056
2985 0.00056
3000 0.00056
3015 0.00056
3030 0.00056
3045 0.00057
3060 0.00057
3075 0.00057
3090 0.00058
3105 0.00059
3120 0.00059
3135 0.00059
3150 0.00059
3165 0.00059
3180 0.00059
3195 0.00059
3210 0.00059
3225 0.0006
3240 0.0006
3255 0.0006
3270 0.0006
3285 0.0006
3300 0.0006
3315 0.0006
3330 0.00061
3345 0.00062
3360 0.00062
3375 0.00062
3390 0.00062
3405 0.00062
3420 0.00062
3435 0.00063
3450 0.00064
3465 0.00064
3480 0.00064
3495 0.00064
3510 0.00064
3525 0.00065
3540 0.00065
3555 0.00065
3570 0.00066
3585 0.00066
3600 0.00067
3615 0.00067
3630 0.00067
3645 0.00067
3660 0.00067
3675 0.00068
3690 0.00069
3705 0.0007
3720 0.0007
3735 0.0007
3750 0.0007
3765 0.0007
3780 0.00071
3795 0.00071
3810 0.00071
3825 0.00071
3840 0.00071
3855 0.00072
3870 0.00072
3885 0.00072
3900 0.00072
3915 0.00072
3930 0.00072
3945 0.00072
3960 0.00072
3975 0.00072
3990 0.00072
4005 0.00073
4020 0.00073
4035 0.00073
4050 0.00073
4065 0.00073
4080 0.00075
4095 0.00075
4110 0.00075
4125 0.00075
4140 0.00076
4155 0.00078
4170 0.00079
4185 0.0008
4200 0.0008
4215 0.0008
4230 0.0008
4245 0.00082
4260 0.00082
4275 0.00083
4290 0.00085
4305 0.00085
4320 0.00085
4335 0.00086
4350 0.00086
4365 0.00087
4380 0.00087
4395 0.0009
4410 0.0009
4425 0.0009
4440 0.0009
4455 0.0009
4470 0.0009
4485 0.0009
4500 0.0009
4515 0.0009
4530 0.0009
4545 0.0009
4560 0.00091
4575 0.00092
4590 0.00092
4605 0.00092
4620 0.00093
4635 0.00093
4650 0.00095
4665 0.00095
4680 0.00095
4695 0.00095
4710 0.00095
4725 0.00095
4740 0.00095
4755 0.00097
4770 0.00098
4785 0.00098
4800 0.00098
4815 0.00098
4830 0.00099
4845 0.00099
4860 0.001
4875 0.001
4890 0.001
4905 0.001
4920 0.00101
4935 0.00102
4950 0.00103
4965 0.00104
4980 0.00105
4995 0.00106
5010 0.00108
5025 0.00108
5040 0.00108
5055 0.00108
5070 0.00109
5085 0.00112
5100 0.00112
5115 0.00112
5130 0.00112
5145 0.00113
5160 0.00113
5175 0.00113
5190 0.00115
5205 0.00115
5220 0.00115
5235 0.00115
5250 0.00116
5265 0.00116
5280 0.00117
5295 0.00118
5310 0.00118
5325 0.00118
5340 0.00119
5355 0.0012
5370 0.0012
5385 0.00122
5400 0.00122
5415 0.00123
5430 0.00123
5445 0.00123
5460 0.00126
5475 0.00126
5490 0.00126
5505 0.00126
5520 0.00126
5535 0.00126
5550 0.00126
5565 0.00127
5580 0.0013
5595 0.0013
5610 0.00131
5625 0.00132
5640 0.00134
5655 0.00134
5670 0.00137
5685 0.00137
5700 0.00137
5715 0.00137
5730 0.00137
5745 0.00138
5760 0.0014
5775 0.0014
5790 0.0014
5805 0.00142
5820 0.00142
5835 0.00142
5850 0.00143
5865 0.00143
5880 0.00143
5895 0.00143
5910 0.00147
5925 0.00147
5940 0.00152
5955 0.00152
5970 0.00153
5985 0.00154
6000 0.00154
6015 0.00154
6030 0.00154
6045 0.00155
6060 0.00155
6075 0.00155
6090 0.00156
6105 0.00159
6120 0.0016
6135 0.00161
6150 0.00161
6165 0.00165
6180 0.00166
6195 0.00167
6210 0.00171
6225 0.00171
6240 0.00171
6255 0.00173
6270 0.00174
6285 0.00174
6300 0.00176
6315 0.00178
6330 0.00184
6345 0.00189
6360 0.0019
6375 0.0019
6390 0.0019
6405 0.0019
6420 0.0019
6435 0.00193
6450 0.00196
6465 0.00199
6480 0.00199
6495 0.00199
6510 0.00199
6525 0.00199
6540 0.00205
6555 0.00215
6570 0.00215
6585 0.00215
6600 0.00218
6615 0.00222
6630 0.00223
6645 0.00223
6660 0.00225
6675 0.00225
6690 0.00228
6705 0.00228
6720 0.00228
6735 0.00228
6750 0.00228
6765 0.00228
6780 0.00229
6795 0.00232
6810 0.00235
6825 0.00237
6840 0.00241
6855 0.00247
6870 0.00247
6885 0.0025
6900 0.0025
6915 0.00252
6930 0.00254
6945 0.00259
6960 0.00261
6975 0.00262
6990 0.00267
7005 0.00267
7020 0.0027
7035 0.00273
7050 0.00276
7065 0.00278
7080 0.00279
7095 0.0028
7110 0.00282
7125 0.00282
7140 0.00287
7155 0.00295
7170 0.00297
7185 0.00302
7200 0.00307
7215 0.00308
7230 0.00309
7245 0.00312
7260 0.00327
7275 0.00337
7290 0.00343
7305 0.00357
7320 0.00357
7335 0.00367
7350 0.00371
7365 0.00383
7380 0.00388
7395 0.00396
7410 0.00401
7425 0.00403
7440 0.00409
7455 0.00415
7470 0.00418
7485 0.00423
7500 0.00425
7515 0.0043
7530 0.00435
7545 0.00438
7560 0.00442
7575 0.00463
7590 0.00479
7605 0.00482
7620 0.00487
7635 0.00503
7650 0.00505
7665 0.00512
7680 0.00513
7695 0.00516
7710 0.00537
7725 0.00549
7740 0.00554
7755 0.00568
7770 0.00568
7785 0.00574
7800 0.00589
7815 0.00597
7830 0.00602
7845 0.00606
7860 0.00619
7875 0.00645
7890 0.00667
7905 0.00717
7920 0.00754
7935 0.00758
7950 0.00769
7965 0.00794
7980 0.00794
7995 0.00806
8010 0.00825
8025 0.00866
8040 0.00906
8055 0.00921
8070 0.00932
8085 0.00957
8100 0.01014
8115 0.01088
8130 0.01102
8145 0.01135
8160 0.01183
8175 0.01213
8190 0.01256
8205 0.0126
8220 0.01329
8235 0.01377
8250 0.01451
8265 0.01536
8280 0.01591
8295 0.01796
8310 0.01869
8325 0.01906
8340 0.02083
8355 0.02246
8370 0.0239
8385 0.02507
8400 0.02734
8415 0.02883
8430 0.03076
8445 0.0363
8460 0.0421
8475 0.04634
8490 0.04922
8505 0.06392
8520 0.07115
8535 0.08732
8550 0.10697
8565 0.1164
8580 0.13584
8595 0.09462
8610 0.07587
8625 0.05653
8640 0.02679
8655 0.01679
8670 0.01241
8685 0.00949
8700 0.00826
8715 0.00797
8730 0.00792
8745 0.00782
8760 0.00793
8775 0.00697
8790 0.00686
8805 0.00664
8820 0.00459
8835 0.00459
8850 0.00393
8865 0.00381
8880 0.00381
8895 0.00349
8910 0.0034
8925 0.00327
8940 0.00324
8955 0.00328
8970 0.00314
8985 0.00319
9000 0.00283
9015 0.00283
9030 0.00274
9045 0.00274
9060 0.0027
9075 0.00256
9090 0.00257
9105 0.00257
9120 0.00239
9135 0.00246
9150 0.00254
9165 0.00254
9180 0.00243
9195 0.00246
9210 0.0024
9225 0.0024
9240 0.00226
9255 0.00195
9270 0.00195
9285 0.00195
9300 0.0019
9315 0.00194
9330 0.00194
9345 0.00175
9360 0.00172
9375 0.00167
9390 0.00162
9405 0.00162
9420 0.00162
9435 0.00162
9450 0.00162
9465 0.00162
9480 0.00162
9495 0.00162
9510 0.00154
9525 0.00154
9540 0.00154
9555 0.00154
9570 0.00154
9585 0.00154
9600 0.00154
9615 0.00154
9630 0.00154
9645 0.00154
9660 0.00155
9675 0.00155
9690 0.00148
9705 0.00148
9720 0.00138
9735 0.00138
9750 0.00131
9765 0.00131
9780 0.00127
9795 0.00129
9810 0.00129
9825 0.00129
9840 0.00129
9855 0.00129
9870 0.00129
9885 0.00129
9900 0.00129
9915 0.00129
9930 0.0013
9945 0.0012
9960 0.0012
9975 0.00111
9990 0.00111
10005 0.00108
10020 0.00108
10035 0.00095
10050 0.00095
10065 0.00095
10080 0.00095
10095 0.00095
10110 0.00095
10125 0.00095
10140 0.00092
10155 0.00092
10170 0.00092
10185 0.00092
10200 0.00092
10215 0.00092
10230 0.0009
10245 0.0009
10260 0.0009
10275 0.0009
10290 0.0009
10305 0.0009
10320 0.00088
10335 0.00088
10350 0.00086
10365 0.00086
10380 0.00075
10395 0.00077
10410 0.00077
10425 0.00077
10440 0.00077
10455 0.00077
10470 0.00076
10485 0.00076
10500 0.00076
10515 0.00074
10530 0.00073
10545 0.00073
10560 0.00066
10575 0.00066
10590 0.00064
10605 0.00064
10620 0.00064
10635 0.00064
10650 0.00064
10665 0.00064
10680 0.00064
10695 0.00064
10710 0.00065
10725 0.00065
10740 0.00065
10755 0.00065
10770 0.00065
10785 0.00065
10800 0.00065
10815 0.00062
10830 0.00062
10845 0.00062
10860 0.00062
10875 0.00062
10890 0.00062
10905 0.00062
10920 0.00062
10935 0.00061
10950 0.00061
10965 0.00061
10980 0.00057
10995 0.00056
11010 0.00054
11025 0.00054
11040 0.00054
11055 0.00054
11070 0.00054
11085 0.00054
11100 0.00054
11115 0.00054
11130 0.00054
11145 0.00054
11160 0.00054
11175 0.00054
11190 0.00054
11205 0.00054
11220 0.00054
11235 0.00054
11250 0.00055
11265 0.00055
11280 0.00055
11295 0.00055
11310 0.00055
11325 0.00055
11340 0.00051
11355 0.0005
11370 0.0005
11385 0.0005
11400 0.00049
11415 0.00049
11430 0.00049
11445 0.00049
11460 0.00049
11475 0.00049
11490 0.00048
11505 0.00048
11520 0.00048
11535 0.00048
11550 0.00048
11565 0.00047
11580 0.00047
11595 0.00047
11610 0.00047
11625 0.00047
11640 0.00047
11655 0.00047
11670 0.00047
11685 0.00042
11700 0.00042
11715 0.00042
11730 0.00042
11745 0.00042
11760 0.00042
11775 0.00042
11790 0.00041
11805 0.00041
11820 0.00041
11835 0.0004
11850 0.0004
11865 0.00039
11880 0.00039
11895 0.00039
11910 0.00038
11925 0.00038
11940 0.00038
11955 0.00038
11970 0.00038
11985 0.00038
12000 0.00038
12015 0.00036
12030 0.00036
12045 0.00036
12060 0.00036
12075 0.00036
12090 0.00036
12105 0.00036
12120 0.00036
12135 0.00036
12150 0.00036
12165 0.00036
12180 0.00036
12195 0.00034
12210 0.00034
12225 0.00034
12240 0.00034
12255 0.00034
12270 0.00034
12285 0.00033
12300 0.00033
12315 0.00033
12330 0.00033
12345 0.00033
12360 0.00033
12375 0.00033
12390 0.00033
12405 0.00033
12420 0.00033
12435 0.00033
12450 0.00031
12465 0.00031
12480 0.00031
12495 0.0003
12510 0.0003
12525 0.0003
12540 0.0003
12555 0.0003
12570 0.0003
12585 0.0003
12600 0.0003
12615 0.0003
12630 0.0003
12645 0.0003
12660 0.0003
12675 0.0003
12690 0.00029
12705 0.00029
12720 0.00029
12735 0.00029
12750 0.00029
12765 0.0003
12780 0.0003
12795 0.0003
12810 0.0003
12825 0.0003
12840 0.0003
12855 0.0003
12870 0.0003
12885 0.0003
12900 0.0003
12915 0.0003
12930 0.0003
12945 0.0003
12960 0.0003
12975 0.0003
12990 0.0003
13005 0.0003
13020 0.0003
13035 0.0003
13050 0.0003
13065 0.00029
13080 0.00029
13095 0.00029
13110 0.00029
13125 0.00028
13140 0.00028
13155 0.00028
13170 0.00028
13185 0.00028
13200 0.00028
13215 0.00028
13230 0.00026
13245 0.00026
13260 0.00026
13275 0.00026
13290 0.00026
13305 0.00026
13320 0.00026
13335 0.00026
13350 0.00026
13365 0.00026
13380 0.00026
13395 0.00026
13410 0.00026
13425 0.00026
13440 0.00026
13455 0.00026
13470 0.00026
13485 0.00026
13500 0.00026
13515 0.00026
13530 0.00026
13545 0.00026
13560 0.00026
13575 0.00026
13590 0.00026
13605 0.00026
13620 0.00026
13635 0.00026
13650 0.00026
13665 0.00026
13680 0.00025
13695 0.00025
13710 0.00025
13725 0.00025
13740 0.00025
13755 0.00025
13770 0.00025
13785 0.00025
13800 0.00025
13815 0.00023
13830 0.00023
13845 0.00023
13860 0.00023
13875 0.00023
13890 0.00023
13905 0.00023
13920 0.00023
13935 0.00023
13950 0.00023
13965 0.00023
13980 0.00023
13995 0.00023
14010 0.00023
14025 0.00023
14040 0.00023
14055 0.00023
14070 0.00023
14085 0.00023
14100 0.00023
14115 0.00023
14130 0.00023
14145 0.00023
14160 0.00023
14175 0.00023
14190 0.00023
14205 0.00023
14220 0.00023
14235 0.00023
14250 0.00023
14265 0.00023
14280 0.00023
14295 0.00023
14310 0.00023
14325 0.00023
14340 0.00023
14355 0.00023
14370 0.00023
14385 0.00023
14400 0.00023
14415 0.00023
14430 0.00023
14445 0.00023
14460 0.00023
14475 0.00023
14490 0.00022
14505 0.00022
14520 0.00022
14535 0.00022
14550 0.00022
14565 0.00022
14580 0.00022
14595 0.00022
14610 0.00022
14625 0.00022
14640 0.00022
14655 0.00022
14670 0.00022
14685 0.00022
14700 0.00022
14715 0.00022
14730 0.00022
14745 0.00022
14760 0.00022
14775 0.00022
14790 0.00022
14805 0.00021
14820 0.00021
14835 0.00021
14850 0.00021
14865 0.00021
14880 0.00021
14895 0.00021
14910 0.00021
14925 0.0002
14940 0.0002
14955 0.0002
14970 0.0002
14985 0.00019
